,clone
AAACAAGCAACAGGGAAAGTAGAG-1-0,TP53_EZH2_CALR_mut
AAACAAGCAAGACATTAAGTAGAG-1-0,
AAACAAGCAAGCGAAGAAGTAGAG-1-0,
AAACAAGCAATCATCCAAGTAGAG-1-0,TP53_EZH2_CALR_mut
AAACAAGCAATGTGGCAAGTAGAG-1-0,
AAACAAGCACCGTTTGAAGTAGAG-1-0,
AAACAAGCACCTTTGGAAGTAGAG-1-0,TP53_CALR_het
AAACAAGCACTGTCATAAGTAGAG-1-0,
AAACAAGCAGGGCTATAAGTAGAG-1-0,TP53_CALR_het
AAACAAGCATACTTCAAAGTAGAG-1-0,ZRSR2_CALR_mut
AAACCAATCACTAATCAAGTAGAG-1-0,
AAACCAATCAGCCCTGAAGTAGAG-1-0,TP53_EZH2_CALR_mut
AAACCAATCAGTCTATAAGTAGAG-1-0,
AAACCAATCATGACAAAAGTAGAG-1-0,TP53_CALR_het
AAACCAATCATTGAAGAAGTAGAG-1-0,TP53_CALR_het
AAACCAATCCATAAAGAAGTAGAG-1-0,
AAACCAATCCTGGAAGAAGTAGAG-1-0,ZRSR2_CALR_mut
AAACCAATCCTGTTCTAAGTAGAG-1-0,
AAACCAATCGAACCGAAAGTAGAG-1-0,TP53_CALR_het
AAACCAATCGATTGAAAAGTAGAG-1-0,ZRSR2_CALR_mut
AAACCAATCGGTAACGAAGTAGAG-1-0,
AAACCAGGTAAAGCATAAGTAGAG-1-0,TP53_CALR_het
AAACCAGGTAGTTGTCAAGTAGAG-1-0,TP53_EZH2_CALR_mut
AAACCAGGTATATTCGAAGTAGAG-1-0,
AAACCAGGTCATCAGTAAGTAGAG-1-0,TP53_CALR_het
AAACCAGGTCGGTTTGAAGTAGAG-1-0,TP53_EZH2_CALR_mut
AAACCAGGTGACACAAAAGTAGAG-1-0,
AAACCAGGTGCGCAAGAAGTAGAG-1-0,
AAACCAGGTTAGTGGAAAGTAGAG-1-0,ZRSR2_CALR_mut
AAACCGGTCAAGCTCCAAGTAGAG-1-0,
AAACCGGTCACAAAGCAAGTAGAG-1-0,
AAACCGGTCATCCCAAAAGTAGAG-1-0,
AAACCGGTCCGAATTTAAGTAGAG-1-0,TP53_EZH2_CALR_mut
AAACCGGTCCGCCACAAAGTAGAG-1-0,
AAACCGGTCCGGCTCAAAGTAGAG-1-0,
AAACCGGTCGCGTTCGAAGTAGAG-1-0,
AAACCGGTCTCCATCTAAGTAGAG-1-0,TP53_EZH2_CALR_mut
AAACGGGCAACAAGCCAAGTAGAG-1-0,TP53_CALR_het
AAACGGGCAAGGTTATAAGTAGAG-1-0,TP53_CALR_het
AAACGGGCACACAAATAAGTAGAG-1-0,TP53_EZH2_CALR_mut
AAACGGGCACCACACCAAGTAGAG-1-0,
AAACGGGCAGCACGTGAAGTAGAG-1-0,TP53_EZH2_CALR_mut
AAACGGGCATCGATAGAAGTAGAG-1-0,
AAACGTTCAAACGGGAAAGTAGAG-1-0,ZRSR2_CALR_mut
AAACGTTCAAGGTGTCAAGTAGAG-1-0,
AAACGTTCAGCCTATTAAGTAGAG-1-0,TP53_EZH2_CALR_mut
AAACGTTCAGGCGAAAAAGTAGAG-1-0,TP53_CALR_het
AAACGTTCAGGCTGTGAAGTAGAG-1-0,TP53_CALR_het
AAACGTTCATGGATTGAAGTAGAG-1-0,
AAACTGGGTATAGTGGAAGTAGAG-1-0,TP53_EZH2_CALR_mut
AAACTGGGTCAACATCAAGTAGAG-1-0,ZRSR2_CALR_mut
AAACTGGGTCACAGGGAAGTAGAG-1-0,
AAACTGGGTCAGGATAAAGTAGAG-1-0,
AAACTGGGTGTCCTTCAAGTAGAG-1-0,TP53_CALR_het
AAACTGGGTTACCGTGAAGTAGAG-1-0,
AAACTGGGTTTACGACAAGTAGAG-1-0,TP53_EZH2_CALR_mut
AAACTGTCAAGGCGTTAAGTAGAG-1-0,
AAACTGTCAAGGCTTAAAGTAGAG-1-0,TP53_CALR_het
AAACTGTCAATTAGGTAAGTAGAG-1-0,TP53_EZH2_CALR_mut
AAACTGTCACCAACAAAAGTAGAG-1-0,
AAACTGTCAGATTCGAAAGTAGAG-1-0,TP53_EZH2_CALR_mut
AAACTGTCAGGTATTGAAGTAGAG-1-0,TP53_CALR_het
AAAGATGCAAGGCGTTAAGTAGAG-1-0,
AAAGATGCACTAGTCTAAGTAGAG-1-0,ZRSR2_CALR_mut
AAAGATGCAGTAATACAAGTAGAG-1-0,TP53_CALR_het
AAAGATGCATTTAGCCAAGTAGAG-1-0,TP53_EZH2_CALR_mut
AAAGCATGTACTTCAAAAGTAGAG-1-0,TP53_CALR_het
AAAGCATGTAGTCATCAAGTAGAG-1-0,TP53_CALR_het
AAAGCATGTGCAATAGAAGTAGAG-1-0,TP53_CALR_het
AAAGCATGTGTTCCAGAAGTAGAG-1-0,
AAAGCATGTTAGCTCGAAGTAGAG-1-0,ZRSR2_CALR_mut
AAAGCCTAGCAGCCAAAAGTAGAG-1-0,
AAAGCCTAGCTTTACGAAGTAGAG-1-0,
AAAGCCTAGGAGGATAAAGTAGAG-1-0,
AAAGCCTAGGGTTGCAAAGTAGAG-1-0,TP53_CALR_het
AAAGCCTAGTAAGCTAAAGTAGAG-1-0,TP53_EZH2_CALR_mut
AAAGCGAAGAAGTAGGAAGTAGAG-1-0,
AAAGCGAAGATGAAGGAAGTAGAG-1-0,TP53_CALR_het
AAAGCGAAGATGCAACAAGTAGAG-1-0,TP53_EZH2_CALR_mut
AAAGCGAAGCAAAGCTAAGTAGAG-1-0,TP53_EZH2_CALR_mut
AAAGCGAAGCTGGACAAAGTAGAG-1-0,TP53_EZH2_CALR_mut
AAAGCGAAGGCAAGTTAAGTAGAG-1-0,
AAAGCGAAGGGATTTAAAGTAGAG-1-0,
AAAGCGAAGGGTGGGAAAGTAGAG-1-0,
AAAGCGAAGGTGAATCAAGTAGAG-1-0,
AAAGCGAAGTCTAATCAAGTAGAG-1-0,
AAAGCGAAGTTTGAGAAAGTAGAG-1-0,
AAAGGCAAGATGCCTCAAGTAGAG-1-0,TP53_CALR_het
AAAGGCAAGATTCATCAAGTAGAG-1-0,TP53_CALR_het
AAAGGCAAGCAATTGAAAGTAGAG-1-0,
AAAGGCAAGCCATAAAAAGTAGAG-1-0,TP53_CALR_het
AAAGGCAAGCGATAACAAGTAGAG-1-0,TP53_EZH2_CALR_mut
AAAGGCAAGGAACCGCAAGTAGAG-1-0,
AAAGGCAAGGATCCAGAAGTAGAG-1-0,
AAAGGCAAGGCTTAAAAAGTAGAG-1-0,TP53_CALR_het
AAAGGCAAGGTTTCCAAAGTAGAG-1-0,TP53_EZH2_CALR_mut
AAAGGCAAGTGATTTCAAGTAGAG-1-0,
AAAGGCTTCAGCGATGAAGTAGAG-1-0,
AAAGGCTTCATGCGGAAAGTAGAG-1-0,TP53_CALR_het
AAAGGCTTCATTGAGAAAGTAGAG-1-0,
AAAGGCTTCCCTCAAAAAGTAGAG-1-0,
AAAGGGATCCAAACGGAAGTAGAG-1-0,
AAAGGGATCCCATAATAAGTAGAG-1-0,ZRSR2_CALR_mut
AAAGGGATCCCTCTCAAAGTAGAG-1-0,TP53_EZH2_CALR_mut
AAAGGGATCGATTGAAAAGTAGAG-1-0,
AAAGGGATCGATTGGGAAGTAGAG-1-0,
AAAGGGATCGGTACAGAAGTAGAG-1-0,TP53_CALR_het
AAAGGTACACCTATCGAAGTAGAG-1-0,
AAAGGTACAGAGGCTTAAGTAGAG-1-0,ZRSR2_CALR_mut
AAAGGTACAGTTGCCCAAGTAGAG-1-0,TP53_EZH2_CALR_mut
AAAGGTACATAGCGCGAAGTAGAG-1-0,
AAAGGTACATCCAAGAAAGTAGAG-1-0,TP53_CALR_het
AAAGGTACATCCTTGGAAGTAGAG-1-0,ZRSR2_CALR_mut
AAAGGTACATGAGTCAAAGTAGAG-1-0,
AAAGGTGAGAATGGGAAAGTAGAG-1-0,
AAAGGTGAGGCGCATAAAGTAGAG-1-0,
AAAGGTGAGGCTTAAAAAGTAGAG-1-0,
AAAGGTGAGGTTCGAGAAGTAGAG-1-0,TP53_EZH2_CALR_mut
AAAGGTGAGTAGCGCAAAGTAGAG-1-0,TP53_EZH2_CALR_mut
AAAGGTGAGTTATCCGAAGTAGAG-1-0,TP53_EZH2_CALR_mut
AAAGTAGCAAGGTGCTAAGTAGAG-1-0,TP53_CALR_het
AAAGTAGCATTGTGTCAAGTAGAG-1-0,
AAAGTAGCATTTGGCTAAGTAGAG-1-0,ZRSR2_CALR_mut
AAAGTCATCACAATGAAAGTAGAG-1-0,
AAAGTCATCACCAGCTAAGTAGAG-1-0,TP53_EZH2_CALR_mut
AAAGTCATCAGGCTGAAAGTAGAG-1-0,
AAAGTCATCCCAAATTAAGTAGAG-1-0,
AAAGTCATCCGAATTTAAGTAGAG-1-0,
AAAGTCATCTGGAACGAAGTAGAG-1-0,TP53_CALR_het
AAAGTGCTCAACATTCAAGTAGAG-1-0,
AAAGTGCTCACAAGCGAAGTAGAG-1-0,
AAAGTGCTCAGCATGGAAGTAGAG-1-0,TP53_EZH2_CALR_mut
AAAGTGCTCAGGTAGTAAGTAGAG-1-0,
AAAGTGCTCAGTAGGTAAGTAGAG-1-0,
AAAGTGCTCCAGATAAAAGTAGAG-1-0,TP53_EZH2_CALR_mut
AAAGTGCTCCCAGACTAAGTAGAG-1-0,
AAAGTGCTCGAACCGAAAGTAGAG-1-0,
AAAGTGCTCGCTCAACAAGTAGAG-1-0,
AAAGTGCTCGCTTGGTAAGTAGAG-1-0,
AAAGTGCTCGGCTAAGAAGTAGAG-1-0,TP53_EZH2_CALR_mut
AAAGTGCTCGTTGCACAAGTAGAG-1-0,
AAAGTGCTCTGTGCACAAGTAGAG-1-0,
AAATCACCAACAGGCTAAGTAGAG-1-0,ZRSR2_CALR_mut
AAATCACCAAGGGTCTAAGTAGAG-1-0,
AAATCACCACCAGCCTAAGTAGAG-1-0,TP53_CALR_het
AAATCACCAGTTGCCCAAGTAGAG-1-0,
AAATCACCATTCCTGGAAGTAGAG-1-0,TP53_CALR_het
AAATCCTTCAAGCGATAAGTAGAG-1-0,TP53_EZH2_CALR_mut
AAATCCTTCAATGTTCAAGTAGAG-1-0,
AAATCCTTCTGTGATTAAGTAGAG-1-0,
AAATCGATCAAAGGCTAAGTAGAG-1-0,
AAATCGATCATTGAAGAAGTAGAG-1-0,
AAATCGATCCTGATCAAAGTAGAG-1-0,
AAATCGATCGCGTTACAAGTAGAG-1-0,TP53_CALR_het
AAATCGATCTCGCCTCAAGTAGAG-1-0,TP53_EZH2_CALR_mut
AAATGAGCAATCGTGAAAGTAGAG-1-0,
AAATGGTGTCACAGGGAAGTAGAG-1-0,TP53_EZH2_CALR_mut
AAATGGTGTCATTTAGAAGTAGAG-1-0,TP53_CALR_het
AAATGGTGTGCTTCGAAAGTAGAG-1-0,TP53_EZH2_CALR_mut
AAATGGTGTGGTGAGTAAGTAGAG-1-0,ZRSR2_CALR_mut
AAATGGTGTTAAGGCAAAGTAGAG-1-0,TP53_EZH2_CALR_mut
AAATGGTGTTCAAGCTAAGTAGAG-1-0,TP53_CALR_het
AACAAGCTCACAGGATAAGTAGAG-1-0,
AACAAGCTCAGGGATTAAGTAGAG-1-0,ZRSR2_CALR_mut
AACAAGCTCCGCAATCAAGTAGAG-1-0,
AACAAGCTCCTTAGGCAAGTAGAG-1-0,TP53_CALR_het
AACAAGCTCGAAACTAAAGTAGAG-1-0,TP53_CALR_het
AACAAGCTCGCCTAACAAGTAGAG-1-0,TP53_CALR_het
AACAAGCTCTCAAGAAAAGTAGAG-1-0,
AACACTAAGACCATTTAAGTAGAG-1-0,
AACACTAAGAGGATGAAAGTAGAG-1-0,ZRSR2_CALR_mut
AACACTAAGCAATCCCAAGTAGAG-1-0,TP53_EZH2_CALR_het
AACACTAAGCACGCAAAAGTAGAG-1-0,
AACACTAAGCCCTTGGAAGTAGAG-1-0,
AACACTAAGCGCTTACAAGTAGAG-1-0,TP53_CALR_het
AACACTAAGGCGCGATAAGTAGAG-1-0,TP53_CALR_het
AACACTAAGGTTCTTGAAGTAGAG-1-0,
AACACTAAGTTTCAGTAAGTAGAG-1-0,TP53_CALR_het
AACATAGTCATCGATTAAGTAGAG-1-0,TP53_EZH2_CALR_mut
AACATAGTCATTAGTCAAGTAGAG-1-0,
AACATAGTCCATAGGGAAGTAGAG-1-0,
AACATAGTCCCGTTCCAAGTAGAG-1-0,
AACATAGTCGGTAACGAAGTAGAG-1-0,
AACATAGTCTCACCTTAAGTAGAG-1-0,
AACATTGAGATGCAACAAGTAGAG-1-0,
AACATTGAGCCTGCCAAAGTAGAG-1-0,
AACATTGAGCGAAGAAAAGTAGAG-1-0,TP53_EZH2_CALR_mut
AACATTGAGCGGGACTAAGTAGAG-1-0,TP53_EZH2_CALR_mut
AACATTGAGGTGAGAAAAGTAGAG-1-0,TP53_CALR_het
AACATTGAGGTTATCTAAGTAGAG-1-0,
AACATTGAGTCGAAGTAAGTAGAG-1-0,TP53_CALR_het
AACCAAATCACAAACAAAGTAGAG-1-0,TP53_CALR_het
AACCAAATCCATTAGTAAGTAGAG-1-0,TP53_EZH2_CALR_mut
AACCAAATCCTTAGATAAGTAGAG-1-0,
AACCAAATCCTTGTTCAAGTAGAG-1-0,
AACCAAATCTAATGGAAAGTAGAG-1-0,TP53_CALR_het
AACCAAATCTGTCAGCAAGTAGAG-1-0,
AACCAACAGATAGCTAAAGTAGAG-1-0,ZRSR2_CALR_mut
AACCAACAGCACCTTAAAGTAGAG-1-0,TP53_CALR_het
AACCAACAGCACGCAAAAGTAGAG-1-0,ZRSR2_CALR_mut
AACCAACAGCCATCGTAAGTAGAG-1-0,TP53_CALR_het
AACCAACAGGCGGATCAAGTAGAG-1-0,
AACCAACAGGCTGGTAAAGTAGAG-1-0,TP53_EZH2_CALR_mut
AACCAACAGGTAGACTAAGTAGAG-1-0,TP53_CALR_het
AACCAACAGTCTAATCAAGTAGAG-1-0,TP53_CALR_het
AACCAGGTCAACCTATAAGTAGAG-1-0,TP53_CALR_het
AACCAGGTCACCACACAAGTAGAG-1-0,
AACCAGGTCACCTGTAAAGTAGAG-1-0,TP53_CALR_het
AACCAGGTCACTAGGGAAGTAGAG-1-0,
AACCAGGTCCAAATAGAAGTAGAG-1-0,
AACCAGGTCCACAATTAAGTAGAG-1-0,
AACCAGGTCCCTCGTCAAGTAGAG-1-0,
AACCAGGTCCTTAGATAAGTAGAG-1-0,TP53_CALR_het
AACCAGGTCGGGCAGTAAGTAGAG-1-0,TP53_CALR_het
AACCATAAGAAACTCAAAGTAGAG-1-0,ZRSR2_CALR_mut
AACCATAAGAAGTACCAAGTAGAG-1-0,TP53_CALR_het
AACCATAAGACTTAAGAAGTAGAG-1-0,
AACCATAAGCCTGGTTAAGTAGAG-1-0,TP53_CALR_het
AACCATAAGCTTCCTTAAGTAGAG-1-0,TP53_CALR_het
AACCATAAGCTTTACGAAGTAGAG-1-0,
AACCATAAGGCTGGTAAAGTAGAG-1-0,
AACCATAAGGGTTGGCAAGTAGAG-1-0,
AACCATAAGGTTAGCGAAGTAGAG-1-0,
AACCATAAGTCTAACTAAGTAGAG-1-0,
AACCATAAGTTTGAGAAAGTAGAG-1-0,
AACCATTTCCATGATTAAGTAGAG-1-0,
AACCATTTCCTGGTTAAAGTAGAG-1-0,ZRSR2_CALR_mut
AACCCGGCACCTTCTCAAGTAGAG-1-0,ZRSR2_CALR_mut
AACCCGGCAGCACCTCAAGTAGAG-1-0,
AACCCGGCAGCTAGCGAAGTAGAG-1-0,TP53_EZH2_CALR_mut
AACCCGGCAGGATCCGAAGTAGAG-1-0,TP53_EZH2_CALR_mut
AACCCGGCATAGCCTTAAGTAGAG-1-0,
AACCCGGCATTGACTCAAGTAGAG-1-0,
AACCCGGCATTTGGGAAAGTAGAG-1-0,TP53_EZH2_CALR_mut
AACCTAAAGCAAGACTAAGTAGAG-1-0,TP53_CALR_het
AACCTAAAGCGATAACAAGTAGAG-1-0,TP53_CALR_het
AACCTAAAGCTCATTGAAGTAGAG-1-0,
AACCTAAAGGATCCAGAAGTAGAG-1-0,
AACCTAAAGGGCACTAAAGTAGAG-1-0,
AACCTAAAGGTAACTAAAGTAGAG-1-0,
AACCTAAAGTCAACAAAAGTAGAG-1-0,
AACCTAAAGTGAGGAAAAGTAGAG-1-0,
AACCTATTCAAGGTACAAGTAGAG-1-0,TP53_CALR_het
AACCTATTCAATCCTGAAGTAGAG-1-0,TP53_EZH2_CALR_mut
AACCTATTCAGCGAATAAGTAGAG-1-0,TP53_EZH2_CALR_mut
AACCTATTCAGTTAGAAAGTAGAG-1-0,TP53_EZH2_CALR_mut
AACCTATTCATTAGCTAAGTAGAG-1-0,
AACCTATTCCAATTACAAGTAGAG-1-0,TP53_EZH2_CALR_mut
AACCTCATCAAGCTCCAAGTAGAG-1-0,
AACCTCATCACTCGCGAAGTAGAG-1-0,
AACCTCATCCTCACTTAAGTAGAG-1-0,TP53_EZH2_CALR_mut
AACCTCATCCTGGTTAAAGTAGAG-1-0,TP53_CALR_het
AACCTCATCCTTGTTCAAGTAGAG-1-0,TP53_EZH2_CALR_mut
AACCTCATCGCCTCGAAAGTAGAG-1-0,
AACCTCATCGCTCAGTAAGTAGAG-1-0,ZRSR2_CALR_mut
AACCTCATCGGTTCACAAGTAGAG-1-0,
AACCTCATCTAATCGTAAGTAGAG-1-0,TP53_EZH2_CALR_mut
AACCTCATCTATCGGCAAGTAGAG-1-0,
AACCTCATCTATTCGGAAGTAGAG-1-0,
AACCTCATCTATTGCGAAGTAGAG-1-0,
AACCTGCTCAGGGCACAAGTAGAG-1-0,
AACCTGCTCATTAGCTAAGTAGAG-1-0,
AACCTGCTCCATCCGGAAGTAGAG-1-0,
AACCTGCTCCATTAGTAAGTAGAG-1-0,
AACCTGCTCCCATTGAAAGTAGAG-1-0,TP53_EZH2_CALR_mut
AACCTGCTCCGTTAGCAAGTAGAG-1-0,TP53_CALR_het
AACCTGCTCCTGCCAGAAGTAGAG-1-0,TP53_CALR_het
AACCTGCTCGTAGTTTAAGTAGAG-1-0,
AACCTGCTCGTCAACCAAGTAGAG-1-0,
AACCTGCTCGTCCCGAAAGTAGAG-1-0,TP53_EZH2_CALR_mut
AACCTGCTCTAGCGGAAAGTAGAG-1-0,ZRSR2_CALR_mut
AACCTGCTCTATCTGGAAGTAGAG-1-0,
AACCTTTAGGCCATGAAAGTAGAG-1-0,
AACCTTTAGGCCTTCGAAGTAGAG-1-0,
AACCTTTAGGTCACTCAAGTAGAG-1-0,
AACGGCTCAAGACATTAAGTAGAG-1-0,TP53_CALR_het
AACGGCTCAATCCACTAAGTAGAG-1-0,
AACGGCTCACCAGCCTAAGTAGAG-1-0,
AACGGCTCACCTAACTAAGTAGAG-1-0,
AACGGCTCACTCCCTTAAGTAGAG-1-0,
AACGGCTCATGAGGGAAAGTAGAG-1-0,
AACGGCTCATGTTTCAAAGTAGAG-1-0,
AACGGCTCATTCAACCAAGTAGAG-1-0,
AACGGTTAGACAGACTAAGTAGAG-1-0,TP53_CALR_het
AACGGTTAGCAAATCAAAGTAGAG-1-0,TP53_CALR_het
AACGGTTAGCAATTGAAAGTAGAG-1-0,
AACGGTTAGCCAGAGCAAGTAGAG-1-0,
AACGGTTAGCCTATATAAGTAGAG-1-0,TP53_CALR_het
AACGGTTAGGTTAGACAAGTAGAG-1-0,
AACGTTAAGACATAGCAAGTAGAG-1-0,
AACGTTAAGCAATCCCAAGTAGAG-1-0,TP53_EZH2_CALR_mut
AACGTTAAGCCATTTGAAGTAGAG-1-0,TP53_CALR_het
AACGTTAAGCGAATACAAGTAGAG-1-0,TP53_EZH2_CALR_mut
AACGTTAAGGTAAGTCAAGTAGAG-1-0,
AACGTTAAGTGATTAGAAGTAGAG-1-0,TP53_EZH2_CALR_mut
AACGTTAAGTTTGGTTAAGTAGAG-1-0,
AACGTTCGTCACAGGGAAGTAGAG-1-0,
AACGTTCGTGTTAGAGAAGTAGAG-1-0,TP53_EZH2_CALR_mut
AACGTTCGTTCACCAGAAGTAGAG-1-0,ZRSR2_CALR_mut
AACGTTCGTTGAGTCTAAGTAGAG-1-0,TP53_CALR_het
AACGTTCGTTTGCATAAAGTAGAG-1-0,
AACTAACCAAACCCAAAAGTAGAG-1-0,TP53_EZH2_CALR_mut
AACTAACCAACAGGGAAAGTAGAG-1-0,TP53_EZH2_CALR_mut
AACTAACCACAATCGAAAGTAGAG-1-0,ZRSR2_CALR_mut
AACTAACCACCAGCTCAAGTAGAG-1-0,TP53_CALR_het
AACTAACCACGGTCGAAAGTAGAG-1-0,
AACTAACCACTGTCATAAGTAGAG-1-0,TP53_EZH2_CALR_mut
AACTAACCAGAAAGGTAAGTAGAG-1-0,
AACTAACCAGCCTTCAAAGTAGAG-1-0,TP53_CALR_het
AACTAACCAGCTCGAGAAGTAGAG-1-0,
AACTAACCAGCTCGCTAAGTAGAG-1-0,TP53_CALR_het
AACTAACCAGGCAACTAAGTAGAG-1-0,
AACTAACCATCCACCAAAGTAGAG-1-0,TP53_CALR_het
AACTAACCATCCTTGGAAGTAGAG-1-0,TP53_CALR_het
AACTAACCATGAGCTAAAGTAGAG-1-0,TP53_CALR_het
AACTAACCATTTGGAGAAGTAGAG-1-0,TP53_CALR_het
AACTAAGTCAACCGCTAAGTAGAG-1-0,TP53_CALR_het
AACTAAGTCAAGCCAGAAGTAGAG-1-0,
AACTAAGTCACATTACAAGTAGAG-1-0,TP53_CALR_het
AACTAAGTCACTAATCAAGTAGAG-1-0,TP53_CALR_het
AACTAAGTCAGGAGCCAAGTAGAG-1-0,TP53_CALR_het
AACTAAGTCAGGCCAAAAGTAGAG-1-0,TP53_EZH2_CALR_mut
AACTAAGTCCATTAACAAGTAGAG-1-0,
AACTAAGTCCCGTTCCAAGTAGAG-1-0,TP53_EZH2_CALR_mut
AACTAAGTCCCTCAAAAAGTAGAG-1-0,TP53_CALR_het
AACTAAGTCCGGACAAAAGTAGAG-1-0,TP53_EZH2_CALR_mut
AACTAAGTCGATTGGGAAGTAGAG-1-0,
AACTAAGTCGTGATGGAAGTAGAG-1-0,
AACTAAGTCTATCACGAAGTAGAG-1-0,ZRSR2_CALR_mut
AACTCGCTCAAGCGATAAGTAGAG-1-0,TP53_CALR_het
AACTCGCTCCTTTAGGAAGTAGAG-1-0,
AACTCGCTCGTAAAGCAAGTAGAG-1-0,TP53_CALR_het
AACTCGCTCTTAAGCTAAGTAGAG-1-0,TP53_EZH2_CALR_mut
AACTGAATCAAGCGATAAGTAGAG-1-0,
AACTGAATCAGGCCAAAAGTAGAG-1-0,TP53_EZH2_CALR_mut
AACTGAATCATGAATGAAGTAGAG-1-0,
AACTGAATCATTACCGAAGTAGAG-1-0,
AACTGAATCCAGCTACAAGTAGAG-1-0,
AACTGAATCGAAGCATAAGTAGAG-1-0,
AACTGAATCGTCCATAAAGTAGAG-1-0,TP53_CALR_het
AACTGAATCTATTCGGAAGTAGAG-1-0,TP53_CALR_het
AACTGAGGTAGCGCGAAAGTAGAG-1-0,
AACTGAGGTAGCTTTAAAGTAGAG-1-0,TP53_EZH2_CALR_mut
AACTGAGGTATGTTGCAAGTAGAG-1-0,
AACTGAGGTCAACATCAAGTAGAG-1-0,
AACTGAGGTCAATTGCAAGTAGAG-1-0,TP53_EZH2_CALR_mut
AACTGAGGTCATCAGTAAGTAGAG-1-0,ZRSR2_CALR_mut
AACTGAGGTCCATCAGAAGTAGAG-1-0,
AACTGAGGTGCCCTTTAAGTAGAG-1-0,
AACTGAGGTGGCCCATAAGTAGAG-1-0,
AACTGAGGTTAATCCAAAGTAGAG-1-0,
AACTGGCCAACTTAGGAAGTAGAG-1-0,ZRSR2_CALR_mut
AACTGGCCAAGGCGTTAAGTAGAG-1-0,
AACTGGCCACACTGGGAAGTAGAG-1-0,
AACTGGCCACCTAAGAAAGTAGAG-1-0,TP53_CALR_het
AACTGGCCACGTAAATAAGTAGAG-1-0,
AACTGGCCACTCCCAAAAGTAGAG-1-0,TP53_CALR_het
AACTGGCCAGTAAGTTAAGTAGAG-1-0,
AACTGGCCAGTAATACAAGTAGAG-1-0,
AACTGGGTCAAGCCAGAAGTAGAG-1-0,
AACTGGGTCAGGCTGAAAGTAGAG-1-0,TP53_CALR_het
AACTGGGTCATGGTCCAAGTAGAG-1-0,
AACTGGGTCCAACAGGAAGTAGAG-1-0,TP53_EZH2_CALR_mut
AACTGGGTCCTAAAGAAAGTAGAG-1-0,
AACTGGGTCGCTTGGTAAGTAGAG-1-0,TP53_EZH2_CALR_mut
AACTGGGTCTGGTCTAAAGTAGAG-1-0,ZRSR2_CALR_mut
AACTTACTCAAGATGCAAGTAGAG-1-0,
AACTTACTCAATTTGCAAGTAGAG-1-0,TP53_CALR_het
AACTTACTCCAAATAGAAGTAGAG-1-0,
AACTTACTCCCTGGTGAAGTAGAG-1-0,TP53_CALR_het
AACTTACTCCCTTTGTAAGTAGAG-1-0,TP53_CALR_het
AACTTACTCCTGATCAAAGTAGAG-1-0,TP53_CALR_het
AACTTACTCCTGGATCAAGTAGAG-1-0,
AACTTACTCTCACCTTAAGTAGAG-1-0,TP53_CALR_het
AACTTCGTCAACCAAAAAGTAGAG-1-0,TP53_CALR_het
AACTTCGTCACCCTCCAAGTAGAG-1-0,ZRSR2_CALR_mut
AACTTCGTCACCTGTAAAGTAGAG-1-0,TP53_CALR_het
AACTTCGTCATAATCCAAGTAGAG-1-0,
AACTTCGTCCAGATAAAAGTAGAG-1-0,
AACTTCGTCCTTAGATAAGTAGAG-1-0,
AACTTCGTCGACTTGCAAGTAGAG-1-0,
AACTTCGTCGTTATGTAAGTAGAG-1-0,TP53_CALR_het
AACTTGTTCACTTGATAAGTAGAG-1-0,TP53_EZH2_CALR_mut
AACTTGTTCCATCCTTAAGTAGAG-1-0,TP53_CALR_het
AACTTGTTCCTGAGGAAAGTAGAG-1-0,
AACTTGTTCGACTCACAAGTAGAG-1-0,
AACTTGTTCGTAAAGCAAGTAGAG-1-0,ZRSR2_CALR_mut
AACTTGTTCTTCGCCCAAGTAGAG-1-0,ZRSR2_CALR_mut
AAGAATCGTCAATACCAAGTAGAG-1-0,TP53_CALR_het
AAGAATCGTCGGTTTGAAGTAGAG-1-0,TP53_CALR_het
AAGAATCGTGCACAAAAAGTAGAG-1-0,TP53_EZH2_CALR_mut
AAGAATCGTGGTTATCAAGTAGAG-1-0,TP53_EZH2_CALR_het
AAGAATCGTTAAGCTCAAGTAGAG-1-0,TP53_EZH2_CALR_mut
AAGAATCGTTAAGGCAAAGTAGAG-1-0,TP53_EZH2_CALR_mut
AAGAATCGTTCCGGGTAAGTAGAG-1-0,
AAGAATCGTTCTGGCAAAGTAGAG-1-0,TP53_CALR_het
AAGAATCGTTGGCCACAAGTAGAG-1-0,TP53_CALR_het
AAGAATCGTTTACTGAAAGTAGAG-1-0,
AAGAATCGTTTGTCAAAAGTAGAG-1-0,TP53_CALR_het
AAGACAACAACTAGTGAAGTAGAG-1-0,
AAGACAACAAGATGCCAAGTAGAG-1-0,
AAGACAACAAGTGCACAAGTAGAG-1-0,
AAGACAACAATAGAAGAAGTAGAG-1-0,TP53_CALR_het
AAGACAACACATAGATAAGTAGAG-1-0,
AAGACAACAGCCTGAGAAGTAGAG-1-0,TP53_CALR_het
AAGACAACAGCTCGAGAAGTAGAG-1-0,TP53_CALR_het
AAGACAACAGGCTAACAAGTAGAG-1-0,
AAGACAACATTCCTGGAAGTAGAG-1-0,
AAGACTCAGACAACACAAGTAGAG-1-0,
AAGACTCAGACAAGCTAAGTAGAG-1-0,
AAGACTCAGAGAGCAAAAGTAGAG-1-0,
AAGACTCAGCAAATTGAAGTAGAG-1-0,TP53_EZH2_CALR_mut
AAGACTCAGCTGGGTAAAGTAGAG-1-0,TP53_EZH2_CALR_mut
AAGACTCAGCTTCCTTAAGTAGAG-1-0,
AAGACTCAGGTAACTAAAGTAGAG-1-0,
AAGACTCAGGTATTTCAAGTAGAG-1-0,TP53_EZH2_CALR_mut
AAGACTCAGGTCTTGCAAGTAGAG-1-0,TP53_EZH2_CALR_mut
AAGACTCAGTACCAGGAAGTAGAG-1-0,
AAGCAACTCAACTGTTAAGTAGAG-1-0,
AAGCAACTCTATCACGAAGTAGAG-1-0,
AAGCAACTCTGTCAATAAGTAGAG-1-0,
AAGCATGGTATTCGGTAAGTAGAG-1-0,
AAGCATGGTATTGCGTAAGTAGAG-1-0,
AAGCATGGTCATCATAAAGTAGAG-1-0,
AAGCATGGTGGTGAGTAAGTAGAG-1-0,
AAGCATGGTTGGTTTAAAGTAGAG-1-0,TP53_CALR_het
AAGCCTCTCCAACTTGAAGTAGAG-1-0,TP53_EZH2_CALR_mut
AAGCCTCTCCATAGAAAAGTAGAG-1-0,
AAGCCTCTCCGCACCAAAGTAGAG-1-0,
AAGCCTCTCCTAAGGGAAGTAGAG-1-0,TP53_CALR_het
AAGCCTCTCCTGAGGAAAGTAGAG-1-0,TP53_CALR_het
AAGCCTCTCCTTAGATAAGTAGAG-1-0,
AAGCCTCTCGCAAATAAAGTAGAG-1-0,TP53_CALR_het
AAGCCTCTCGTTCGTAAAGTAGAG-1-0,
AAGCCTCTCTGTCAATAAGTAGAG-1-0,TP53_CALR_het
AAGCCTGAGGCACTAGAAGTAGAG-1-0,ZRSR2_CALR_mut
AAGCCTGAGGCCAACAAAGTAGAG-1-0,
AAGCCTGAGTGATGGTAAGTAGAG-1-0,TP53_CALR_het
AAGCCTGAGTGATTTCAAGTAGAG-1-0,TP53_CALR_het
AAGCCTTGTACGAACAAAGTAGAG-1-0,TP53_CALR_het
AAGCCTTGTCAACTACAAGTAGAG-1-0,
AAGCCTTGTCCGGGTTAAGTAGAG-1-0,
AAGCCTTGTCCTCATCAAGTAGAG-1-0,
AAGCCTTGTTCCTTCAAAGTAGAG-1-0,
AAGCCTTGTTGAGGACAAGTAGAG-1-0,
AAGCCTTGTTGCCTGAAAGTAGAG-1-0,TP53_EZH2_CALR_mut
AAGCCTTGTTTAACCAAAGTAGAG-1-0,
AAGCCTTGTTTCACCCAAGTAGAG-1-0,
AAGCGATTCAAGGGTTAAGTAGAG-1-0,TP53_CALR_het
AAGCGATTCAGGTCGAAAGTAGAG-1-0,
AAGCGATTCATAACCTAAGTAGAG-1-0,
AAGCGATTCATAGGTAAAGTAGAG-1-0,ZRSR2_CALR_mut
AAGCGATTCCGAAAGTAAGTAGAG-1-0,TP53_EZH2_CALR_mut
AAGCGATTCTAGTTACAAGTAGAG-1-0,
AAGCGCTCAAACAAGAAAGTAGAG-1-0,ZRSR2_CALR_mut
AAGCGCTCAAACTTCCAAGTAGAG-1-0,
AAGCGCTCAACAGAGGAAGTAGAG-1-0,TP53_CALR_het
AAGCGCTCAAGAACAAAAGTAGAG-1-0,TP53_CALR_het
AAGCGCTCAAGTGCACAAGTAGAG-1-0,
AAGCGCTCAGCAATTGAAGTAGAG-1-0,
AAGCGCTCAGGCTGTGAAGTAGAG-1-0,
AAGCGCTCAGTTATCCAAGTAGAG-1-0,TP53_CALR_het
AAGCGGCTCAACCGCTAAGTAGAG-1-0,TP53_CALR_het
AAGCGGCTCAGCGATGAAGTAGAG-1-0,
AAGCGGCTCATCGATTAAGTAGAG-1-0,
AAGCGGCTCCTCCCACAAGTAGAG-1-0,TP53_CALR_het
AAGCGGCTCGAAATGCAAGTAGAG-1-0,TP53_EZH2_CALR_mut
AAGCTAATCAAGTTAGAAGTAGAG-1-0,
AAGCTAATCATTTAGCAAGTAGAG-1-0,TP53_EZH2_CALR_mut
AAGCTAATCCGAAAGTAAGTAGAG-1-0,TP53_CALR_het
AAGCTAATCCGTGACTAAGTAGAG-1-0,TP53_EZH2_CALR_mut
AAGCTAATCGGGATGCAAGTAGAG-1-0,TP53_CALR_het
AAGCTAATCTAACCTGAAGTAGAG-1-0,
AAGCTAATCTATCTGGAAGTAGAG-1-0,ZRSR2_CALR_mut
AAGCTTAAGCTTACATAAGTAGAG-1-0,ZRSR2_CALR_mut
AAGCTTAAGGAGGCCTAAGTAGAG-1-0,TP53_CALR_het
AAGCTTAAGGCACTAGAAGTAGAG-1-0,
AAGCTTAAGTGAATCAAAGTAGAG-1-0,
AAGCTTAAGTGATGGTAAGTAGAG-1-0,
AAGCTTAAGTTAGGCGAAGTAGAG-1-0,
AAGGAACCAAGTGCACAAGTAGAG-1-0,TP53_EZH2_CALR_mut
AAGGAACCAATCGTTCAAGTAGAG-1-0,TP53_EZH2_CALR_mut
AAGGAACCAATGAAGAAAGTAGAG-1-0,TP53_CALR_het
AAGGAACCACGGTACGAAGTAGAG-1-0,
AAGGAACCAGAAAGGTAAGTAGAG-1-0,
AAGGAACCAGGAGCAAAAGTAGAG-1-0,TP53_CALR_het
AAGGAACCAGTTAAACAAGTAGAG-1-0,
AAGGAACCAGTTATGGAAGTAGAG-1-0,
AAGGAACCATCAGGACAAGTAGAG-1-0,
AAGGAACCATTTCATGAAGTAGAG-1-0,TP53_CALR_het
AAGGACAAGGAACCTGAAGTAGAG-1-0,ZRSR2_CALR_mut
AAGGACAAGGACAAAGAAGTAGAG-1-0,TP53_EZH2_CALR_mut
AAGGACAAGGGTTATAAAGTAGAG-1-0,TP53_EZH2_CALR_mut
AAGGACAAGGTTAGACAAGTAGAG-1-0,
AAGGACAAGTTGCAGGAAGTAGAG-1-0,
AAGGAGCAGAGGTTTAAAGTAGAG-1-0,TP53_EZH2_CALR_mut
AAGGAGCAGCACGTTCAAGTAGAG-1-0,TP53_EZH2_CALR_mut
AAGGAGCAGCAGCTAGAAGTAGAG-1-0,
AAGGAGCAGCGTGCTTAAGTAGAG-1-0,
AAGGAGCAGCTGATTTAAGTAGAG-1-0,TP53_CALR_het
AAGGAGCAGGAAACTCAAGTAGAG-1-0,
AAGGAGCAGGCGATATAAGTAGAG-1-0,
AAGGAGCAGGGAGGCAAAGTAGAG-1-0,
AAGGAGCAGTCAACTTAAGTAGAG-1-0,
AAGGAGCAGTCACACCAAGTAGAG-1-0,TP53_CALR_het
AAGGAGCAGTTTCACGAAGTAGAG-1-0,TP53_EZH2_CALR_mut
AAGGAGCAGTTTCAGTAAGTAGAG-1-0,TP53_EZH2_CALR_mut
AAGGCACGTCATGAAGAAGTAGAG-1-0,
AAGGCACGTCCTCCTGAAGTAGAG-1-0,ZRSR2_CALR_mut
AAGGCACGTCCTTCGTAAGTAGAG-1-0,TP53_EZH2_CALR_mut
AAGGCACGTGATAAACAAGTAGAG-1-0,TP53_CALR_het
AAGGCACGTGCTTCGAAAGTAGAG-1-0,TP53_CALR_het
AAGGCACGTTGCCTGAAAGTAGAG-1-0,ZRSR2_CALR_mut
AAGGCACGTTTACTGAAAGTAGAG-1-0,
AAGGCCATCAAAGGCTAAGTAGAG-1-0,
AAGGCCATCCGCTATAAAGTAGAG-1-0,TP53_EZH2_CALR_mut
AAGGCCATCCGTCAACAAGTAGAG-1-0,
AAGGCCATCCTTTGTCAAGTAGAG-1-0,
AAGGCCATCGCCTCGAAAGTAGAG-1-0,
AAGGCCATCGGCTAAGAAGTAGAG-1-0,
AAGGCCATCGGTACAGAAGTAGAG-1-0,ZRSR2_CALR_mut
AAGGCCATCGTTGCACAAGTAGAG-1-0,TP53_CALR_het
AAGGCCATCTACTACGAAGTAGAG-1-0,
AAGGCCATCTTAAGCTAAGTAGAG-1-0,TP53_CALR_het
AAGGCCCAGCGAAGTTAAGTAGAG-1-0,
AAGGCCCAGCTAACTTAAGTAGAG-1-0,TP53_CALR_het
AAGGCCCAGGACACGCAAGTAGAG-1-0,TP53_CALR_het
AAGGCCGGTAAAGCGCAAGTAGAG-1-0,TP53_CALR_het
AAGGCCGGTCGGTTATAAGTAGAG-1-0,
AAGGCCGGTCTGTCAGAAGTAGAG-1-0,
AAGGCCGGTGCGCAAGAAGTAGAG-1-0,TP53_CALR_het
AAGGCCGGTGTTCCAGAAGTAGAG-1-0,TP53_EZH2_CALR_mut
AAGGCCGGTTACCGTGAAGTAGAG-1-0,ZRSR2_CALR_mut
AAGGCCGGTTGGGTTTAAGTAGAG-1-0,
AAGGCTGTCAGTAGCGAAGTAGAG-1-0,
AAGGCTGTCATGCGTCAAGTAGAG-1-0,
AAGGCTGTCCAAACGGAAGTAGAG-1-0,
AAGGCTGTCCATAGGGAAGTAGAG-1-0,
AAGGCTGTCCTGATCAAAGTAGAG-1-0,TP53_EZH2_CALR_mut
AAGGCTGTCTAATCGTAAGTAGAG-1-0,
AAGGCTGTCTATTGGTAAGTAGAG-1-0,TP53_CALR_het
AAGGCTGTCTGGAAACAAGTAGAG-1-0,TP53_CALR_het
AAGGCTTAGACAGACTAAGTAGAG-1-0,
AAGGCTTAGCATCTATAAGTAGAG-1-0,ZRSR2_CALR_mut
AAGGCTTAGCTATATCAAGTAGAG-1-0,TP53_EZH2_CALR_het
AAGGCTTAGCTTTACGAAGTAGAG-1-0,
AAGGCTTAGGGATTTAAAGTAGAG-1-0,TP53_EZH2_CALR_mut
AAGGCTTAGTAACGTAAAGTAGAG-1-0,TP53_CALR_het
AAGGGAGGTCAATACCAAGTAGAG-1-0,TP53_EZH2_CALR_mut
AAGGGAGGTCACAGGGAAGTAGAG-1-0,
AAGGGAGGTCCACAATAAGTAGAG-1-0,
AAGGGAGGTGGATGCGAAGTAGAG-1-0,
AAGGGAGGTGTGACCCAAGTAGAG-1-0,TP53_CALR_het
AAGGGAGGTTTCCTCAAAGTAGAG-1-0,TP53_EZH2_CALR_mut
AAGGGAGGTTTCGCCTAAGTAGAG-1-0,
AAGGTATGTAACGTTCAAGTAGAG-1-0,
AAGGTATGTACACCCAAAGTAGAG-1-0,TP53_CALR_het
AAGGTATGTCAATACCAAGTAGAG-1-0,TP53_CALR_het
AAGGTATGTGAACGTAAAGTAGAG-1-0,TP53_CALR_het
AAGGTATGTGGGAACTAAGTAGAG-1-0,
AAGGTATGTTAACGTCAAGTAGAG-1-0,
AAGGTATGTTAGCGCCAAGTAGAG-1-0,TP53_CALR_het
AAGGTATGTTAGGTAGAAGTAGAG-1-0,
AAGGTATGTTCATTGAAAGTAGAG-1-0,
AAGGTATGTTTAACCAAAGTAGAG-1-0,
AAGGTTATCAAGGTCGAAGTAGAG-1-0,TP53_EZH2_CALR_mut
AAGGTTATCAAGTTTCAAGTAGAG-1-0,
AAGGTTATCAATTTGCAAGTAGAG-1-0,TP53_CALR_het
AAGGTTATCCTCAAGCAAGTAGAG-1-0,
AAGGTTATCGTCCCGAAAGTAGAG-1-0,
AAGGTTGGTACAAACGAAGTAGAG-1-0,
AAGGTTGGTACGTAAGAAGTAGAG-1-0,TP53_EZH2_CALR_mut
AAGGTTGGTAGTAGGCAAGTAGAG-1-0,TP53_CALR_het
AAGGTTGGTATGTGAGAAGTAGAG-1-0,
AAGGTTGGTCATGATCAAGTAGAG-1-0,
AAGGTTGGTCCTGCAAAAGTAGAG-1-0,
AAGGTTGGTGGTTACTAAGTAGAG-1-0,TP53_CALR_het
AAGGTTGGTTCACCTCAAGTAGAG-1-0,
AAGGTTGGTTGTGACTAAGTAGAG-1-0,TP53_EZH2_CALR_mut
AAGTACCAGCCATAAAAAGTAGAG-1-0,
AAGTACCAGCGTGCTTAAGTAGAG-1-0,
AAGTACCAGCTAAGTAAAGTAGAG-1-0,TP53_EZH2_CALR_mut
AAGTACCAGCTCATTGAAGTAGAG-1-0,ZRSR2_CALR_mut
AAGTACCAGGGTTATAAAGTAGAG-1-0,TP53_EZH2_CALR_mut
AAGTACCAGTAAGCTAAAGTAGAG-1-0,TP53_CALR_het
AAGTACCAGTTTCGCAAAGTAGAG-1-0,
AAGTCATCAAACAAGAAAGTAGAG-1-0,TP53_CALR_het
AAGTCATCAATACCCTAAGTAGAG-1-0,
AAGTCATCAATATGCGAAGTAGAG-1-0,TP53_CALR_het
AAGTCATCAATTGAACAAGTAGAG-1-0,TP53_CALR_het
AAGTCATCACAAATACAAGTAGAG-1-0,TP53_CALR_het
AAGTCATCATTCAGGAAAGTAGAG-1-0,
AAGTGAACAAGGCGTTAAGTAGAG-1-0,
AAGTGAACAAGGCTTAAAGTAGAG-1-0,
AAGTGAACACATACCTAAGTAGAG-1-0,
AAGTGAACACCTTCAGAAGTAGAG-1-0,
AAGTGAACACTTAACCAAGTAGAG-1-0,ZRSR2_CALR_mut
AAGTGAACAGGTTTCTAAGTAGAG-1-0,TP53_EZH2_CALR_mut
AAGTGAGAGAGGTTTAAAGTAGAG-1-0,
AAGTGAGAGATAACTGAAGTAGAG-1-0,TP53_CALR_het
AAGTGAGAGCAATCCCAAGTAGAG-1-0,TP53_EZH2_CALR_mut
AAGTGAGAGGTTAGCGAAGTAGAG-1-0,TP53_EZH2_CALR_mut
AAGTGAGAGGTTAGTAAAGTAGAG-1-0,TP53_CALR_het
AAGTGAGAGTCTAATCAAGTAGAG-1-0,
AAGTGAGAGTGAATCAAAGTAGAG-1-0,TP53_EZH2_CALR_mut
AAGTGAGAGTTAACAGAAGTAGAG-1-0,
AAGTTCGCAAACAATCAAGTAGAG-1-0,
AAGTTCGCAAAGACCCAAGTAGAG-1-0,TP53_CALR_het
AAGTTCGCACTAGTCTAAGTAGAG-1-0,
AAGTTCGCAGCCTATTAAGTAGAG-1-0,
AAGTTCGCAGCGATCGAAGTAGAG-1-0,TP53_CALR_het
AAGTTCGCAGCTAGCGAAGTAGAG-1-0,
AAGTTCGCATCCGGAGAAGTAGAG-1-0,TP53_EZH2_CALR_mut
AAGTTCGCATTGAAGTAAGTAGAG-1-0,
AAGTTGCAGATGATTGAAGTAGAG-1-0,
AAGTTGCAGCCCTGATAAGTAGAG-1-0,TP53_EZH2_CALR_mut
AAGTTGCAGCTACGTCAAGTAGAG-1-0,TP53_EZH2_CALR_mut
AAGTTGCAGGACACGCAAGTAGAG-1-0,
AAGTTGCAGGATGCATAAGTAGAG-1-0,
AAGTTGCAGTAACGTAAAGTAGAG-1-0,
AAGTTGTCAACTAGTGAAGTAGAG-1-0,TP53_EZH2_CALR_mut
AAGTTGTCAAGCCTCCAAGTAGAG-1-0,
AAGTTGTCACGGTACGAAGTAGAG-1-0,
AAGTTGTCACTTTGTAAAGTAGAG-1-0,
AAGTTGTCAGGCCTCTAAGTAGAG-1-0,ZRSR2_CALR_mut
AAGTTGTCAGGCTTAAAAGTAGAG-1-0,
AAGTTGTCAGTTAAACAAGTAGAG-1-0,TP53_CALR_het
AAGTTGTCATCACTCGAAGTAGAG-1-0,
AATACTGAGAAAGGCAAAGTAGAG-1-0,TP53_CALR_het
AATACTGAGATAACCAAAGTAGAG-1-0,TP53_CALR_het
AATACTGAGATAGCTAAAGTAGAG-1-0,
AATACTGAGATTCATCAAGTAGAG-1-0,
AATACTGAGCCTGGTTAAGTAGAG-1-0,TP53_EZH2_CALR_mut
AATACTGAGGCTCCATAAGTAGAG-1-0,
AATACTGAGGGTGGGAAAGTAGAG-1-0,
AATACTGAGGTTGTAAAAGTAGAG-1-0,TP53_EZH2_CALR_mut
AATACTGAGTGAGGAAAAGTAGAG-1-0,
AATAGCATCAAGCCAGAAGTAGAG-1-0,
AATAGCATCACCTAATAAGTAGAG-1-0,
AATAGCATCAGCCTTAAAGTAGAG-1-0,TP53_CALR_het
AATAGCATCATAGGCGAAGTAGAG-1-0,TP53_EZH2_CALR_mut
AATAGCATCCCTGGTGAAGTAGAG-1-0,TP53_CALR_het
AATAGCATCCGGACAAAAGTAGAG-1-0,TP53_CALR_het
AATAGCATCCGTGACTAAGTAGAG-1-0,
AATAGCATCCTTTGGAAAGTAGAG-1-0,TP53_CALR_het
AATAGCATCGCCTCTCAAGTAGAG-1-0,TP53_EZH2_CALR_mut
AATAGCATCGTTATGTAAGTAGAG-1-0,ZRSR2_CALR_mut
AATAGCATCTGCAACCAAGTAGAG-1-0,
AATATGGTCACAAAGCAAGTAGAG-1-0,TP53_EZH2_CALR_mut
AATATGGTCACATTACAAGTAGAG-1-0,TP53_CALR_het
AATATGGTCATCCCAAAAGTAGAG-1-0,TP53_EZH2_CALR_mut
AATATGGTCCATTAGTAAGTAGAG-1-0,TP53_EZH2_CALR_mut
AATATGGTCGCAGCAAAAGTAGAG-1-0,
AATATGGTCGGGCAACAAGTAGAG-1-0,TP53_CALR_het
AATCACGCAACTTAGGAAGTAGAG-1-0,
AATCACGCAAGTTCCTAAGTAGAG-1-0,TP53_EZH2_CALR_mut
AATCACGCACAACAATAAGTAGAG-1-0,
AATCACGCAGCTACCCAAGTAGAG-1-0,
AATCACGCAGGCTATAAAGTAGAG-1-0,
AATCACGCATCCGGAGAAGTAGAG-1-0,
AATCACGCATTACTTGAAGTAGAG-1-0,
AATCCAAAGCTTACATAAGTAGAG-1-0,
AATCCAAAGTGCCCTGAAGTAGAG-1-0,TP53_CALR_het
AATCCAAAGTTGCAAAAAGTAGAG-1-0,
AATCCAAAGTTTGGTTAAGTAGAG-1-0,
AATCCGGAGAGCAACTAAGTAGAG-1-0,
AATCCGGAGATGCTAAAAGTAGAG-1-0,
AATCCGGAGCAATCCCAAGTAGAG-1-0,
AATCCGGAGCATTACTAAGTAGAG-1-0,
AATCCGGAGCCATCACAAGTAGAG-1-0,TP53_CALR_het
AATCCGGAGCGAAGTTAAGTAGAG-1-0,TP53_CALR_het
AATCCGGAGCGAATACAAGTAGAG-1-0,
AATCCGGAGCGCTCCAAAGTAGAG-1-0,
AATCCGGAGGACTTGGAAGTAGAG-1-0,ZRSR2_CALR_mut
AATCCGGAGGATGTTAAAGTAGAG-1-0,
AATCCGGAGTATCGCCAAGTAGAG-1-0,TP53_CALR_het
AATCCGGAGTGTTTGTAAGTAGAG-1-0,TP53_CALR_het
AATCCGTGTCTCACTCAAGTAGAG-1-0,ZRSR2_CALR_mut
AATCCGTGTGCTTCGAAAGTAGAG-1-0,
AATCCGTGTGTGAGGTAAGTAGAG-1-0,TP53_CALR_het
AATCCGTGTGTTTGTAAAGTAGAG-1-0,ZRSR2_CALR_mut
AATCCGTGTTTAGTTGAAGTAGAG-1-0,
AATCCGTGTTTGTCAAAAGTAGAG-1-0,TP53_EZH2_CALR_mut
AATCCGTGTTTGTCCCAAGTAGAG-1-0,TP53_EZH2_CALR_mut
AATCCGTGTTTGTGACAAGTAGAG-1-0,
AATCGCACAAACCGTAAAGTAGAG-1-0,
AATCGCACAAGTCGCGAAGTAGAG-1-0,TP53_CALR_het
AATCGCACACCTCGACAAGTAGAG-1-0,
AATCGCACACTAGTAGAAGTAGAG-1-0,
AATCGCACACTTTACAAAGTAGAG-1-0,
AATCGCACATTTGCTAAAGTAGAG-1-0,TP53_EZH2_CALR_mut
AATCGCACATTTGGCTAAGTAGAG-1-0,
AATCGCCTCAAGCGATAAGTAGAG-1-0,
AATCGCCTCAATTGGAAAGTAGAG-1-0,TP53_CALR_het
AATCGCCTCCCAAATTAAGTAGAG-1-0,TP53_CALR_het
AATCGCCTCCTAAGTTAAGTAGAG-1-0,
AATCGCCTCGCGAAATAAGTAGAG-1-0,ZRSR2_CALR_mut
AATCGCCTCGGCTAGAAAGTAGAG-1-0,TP53_CALR_het
AATCGCCTCTAACCATAAGTAGAG-1-0,TP53_CALR_het
AATCGCCTCTTGAGGGAAGTAGAG-1-0,
AATCGCGAGCAGCTAGAAGTAGAG-1-0,TP53_CALR_het
AATCGCGAGCGAATCGAAGTAGAG-1-0,
AATCGCGAGCTTGAAAAAGTAGAG-1-0,TP53_CALR_het
AATCGCGAGGCGCATAAAGTAGAG-1-0,TP53_EZH2_CALR_mut
AATCGGCCAAACCGTAAAGTAGAG-1-0,
AATCGGCCAAACCTGAAAGTAGAG-1-0,
AATCGGCCACCATACTAAGTAGAG-1-0,TP53_CALR_het
AATCGGCCAGGTAGCTAAGTAGAG-1-0,ZRSR2_CALR_mut
AATCGGCCATAACCGAAAGTAGAG-1-0,
AATCGGCCATATGGTGAAGTAGAG-1-0,ZRSR2_CALR_mut
AATCGTTTCCATTAACAAGTAGAG-1-0,
AATCGTTTCCCTCAAAAAGTAGAG-1-0,TP53_EZH2_CALR_mut
AATCGTTTCCTTTCTAAAGTAGAG-1-0,
AATCGTTTCGACCGTTAAGTAGAG-1-0,TP53_CALR_het
AATCTCTAGAAACCCGAAGTAGAG-1-0,ZRSR2_CALR_mut
AATCTCTAGCAAATTGAAGTAGAG-1-0,
AATCTCTAGGGAGGATAAGTAGAG-1-0,
AATCTCTAGGTAATTGAAGTAGAG-1-0,TP53_CALR_het
AATGAAGCAAACCCAAAAGTAGAG-1-0,TP53_CALR_het
AATGAAGCAACCTCGCAAGTAGAG-1-0,TP53_CALR_het
AATGAAGCAATCGTGAAAGTAGAG-1-0,TP53_CALR_het
AATGAAGCACTCAATCAAGTAGAG-1-0,
AATGAAGCAGGATTATAAGTAGAG-1-0,
AATGAAGCAGGCCTCTAAGTAGAG-1-0,TP53_CALR_het
AATGAAGCATACTGAGAAGTAGAG-1-0,
AATGAAGCATCCCAATAAGTAGAG-1-0,TP53_CALR_het
AATGAAGCATGGCGCAAAGTAGAG-1-0,
AATGACCAGCATTACTAAGTAGAG-1-0,TP53_EZH2_CALR_mut
AATGACCAGCCCTTGGAAGTAGAG-1-0,ZRSR2_CALR_mut
AATGACCAGCCTGGTTAAGTAGAG-1-0,TP53_CALR_het
AATGACCAGCGCGAACAAGTAGAG-1-0,
AATGACCAGCTAAGTAAAGTAGAG-1-0,
AATGACCAGGCTACTCAAGTAGAG-1-0,
AATGACCAGTCAACAAAAGTAGAG-1-0,
AATGCGCCAAGTGGCTAAGTAGAG-1-0,
AATGCGCCAATGAGCCAAGTAGAG-1-0,
AATGCGCCACGTAGTAAAGTAGAG-1-0,
AATGCGCCATAGTCAGAAGTAGAG-1-0,
AATGCGCCATCCACCAAAGTAGAG-1-0,TP53_CALR_het
AATGCGCCATGAAGCCAAGTAGAG-1-0,TP53_EZH2_CALR_mut
AATGCGCCATTTCGCGAAGTAGAG-1-0,TP53_EZH2_CALR_mut
AATGGATGTAGCGCGAAAGTAGAG-1-0,
AATGGATGTATGGTGAAAGTAGAG-1-0,TP53_CALR_het
AATGGATGTATGTGAGAAGTAGAG-1-0,TP53_CALR_het
AATGGATGTCACAGGGAAGTAGAG-1-0,TP53_EZH2_CALR_mut
AATGGATGTCTGTGATAAGTAGAG-1-0,
AATGGATGTTAACGAGAAGTAGAG-1-0,TP53_CALR_het
AATGGATGTTAATCCAAAGTAGAG-1-0,TP53_EZH2_CALR_mut
AATGGCAGTATGGTCTAAGTAGAG-1-0,TP53_EZH2_CALR_mut
AATGGCAGTATTCGACAAGTAGAG-1-0,ZRSR2_CALR_mut
AATGGCAGTTCATTGAAAGTAGAG-1-0,TP53_CALR_het
AATGTGATCAAGGGCCAAGTAGAG-1-0,
AATGTGATCAGTAGCGAAGTAGAG-1-0,
AATGTGATCATTATGCAAGTAGAG-1-0,ZRSR2_CALR_mut
AATGTGATCCAAAGGTAAGTAGAG-1-0,TP53_EZH2_CALR_mut
AATGTGATCCTTTGTCAAGTAGAG-1-0,
AATGTGATCGGGCAGTAAGTAGAG-1-0,
AATGTGATCGTCCCGAAAGTAGAG-1-0,
AATGTGATCTCTATGGAAGTAGAG-1-0,
AATGTGATCTGGCCATAAGTAGAG-1-0,
AATTACCTCAAGCCAGAAGTAGAG-1-0,TP53_EZH2_CALR_mut
AATTACCTCAATTGGAAAGTAGAG-1-0,
AATTACCTCAGTAAGCAAGTAGAG-1-0,TP53_CALR_het
AATTACCTCATGCCTAAAGTAGAG-1-0,TP53_CALR_het
AATTACCTCTAACCTGAAGTAGAG-1-0,TP53_EZH2_CALR_mut
AATTGACCAACAGATTAAGTAGAG-1-0,TP53_EZH2_CALR_mut
AATTGACCAAGAACAAAAGTAGAG-1-0,TP53_EZH2_CALR_mut
AATTGACCAAGCTTTCAAGTAGAG-1-0,TP53_EZH2_CALR_mut
AATTGACCACGGTCGAAAGTAGAG-1-0,
AATTTGGAGAGCCGGTAAGTAGAG-1-0,
AATTTGGAGATTGCAAAAGTAGAG-1-0,TP53_CALR_het
AATTTGGAGCAAATTGAAGTAGAG-1-0,
AATTTGGAGCGATAACAAGTAGAG-1-0,
AATTTGGAGGAACCTGAAGTAGAG-1-0,TP53_EZH2_CALR_mut
ACAAACCAGACAAGCTAAGTAGAG-1-0,
ACAAACCAGACCAGGCAAGTAGAG-1-0,TP53_CALR_het
ACAAACCAGACCATTTAAGTAGAG-1-0,
ACAAACCAGACGCATGAAGTAGAG-1-0,TP53_EZH2_CALR_mut
ACAAACCAGATAGCCGAAGTAGAG-1-0,
ACAAACCAGCAGCTAGAAGTAGAG-1-0,
ACAAACCAGCATTACTAAGTAGAG-1-0,TP53_CALR_het
ACAAACCAGCTTACTGAAGTAGAG-1-0,TP53_EZH2_CALR_mut
ACAAACCAGGTAGACTAAGTAGAG-1-0,
ACAAACCAGTAGCCTCAAGTAGAG-1-0,
ACAAACCAGTTTCCAGAAGTAGAG-1-0,
ACAAAGGAGCAAACTAAAGTAGAG-1-0,
ACAAAGGAGCATTTCGAAGTAGAG-1-0,
ACAAAGGAGCTATCGCAAGTAGAG-1-0,TP53_EZH2_CALR_mut
ACAAAGGAGCTGGGTAAAGTAGAG-1-0,TP53_EZH2_CALR_mut
ACAAAGGAGCTTACCAAAGTAGAG-1-0,TP53_CALR_het
ACAAAGGAGGAACTTAAAGTAGAG-1-0,
ACAAAGGAGGAAGGTAAAGTAGAG-1-0,TP53_EZH2_CALR_mut
ACAAAGGAGGACAAGAAAGTAGAG-1-0,TP53_CALR_het
ACAAAGGAGGAGGCCTAAGTAGAG-1-0,
ACAAAGGAGGATCCCTAAGTAGAG-1-0,TP53_EZH2_CALR_mut
ACAAAGGAGGCTAGATAAGTAGAG-1-0,
ACAAAGGAGTAACGGTAAGTAGAG-1-0,TP53_EZH2_CALR_mut
ACAAAGGAGTCTTGCAAAGTAGAG-1-0,ZRSR2_CALR_mut
ACAACATCAACGTTAGAAGTAGAG-1-0,
ACAACATCAAGCTATGAAGTAGAG-1-0,
ACAACATCAATAGCTGAAGTAGAG-1-0,
ACAACATCACCTAACTAAGTAGAG-1-0,TP53_CALR_het
ACAACATCACTTAACCAAGTAGAG-1-0,TP53_CALR_het
ACAACATCACTTTGTAAAGTAGAG-1-0,
ACAACATCATACCTTAAAGTAGAG-1-0,TP53_CALR_het
ACAACCTGTAATAGGTAAGTAGAG-1-0,TP53_CALR_het
ACAACCTGTTAGTCTAAAGTAGAG-1-0,TP53_EZH2_CALR_mut
ACAACCTGTTGCCTGAAAGTAGAG-1-0,TP53_EZH2_CALR_mut
ACAACGGTCAACCTATAAGTAGAG-1-0,TP53_CALR_het
ACAACGGTCACAGCCTAAGTAGAG-1-0,
ACAACGGTCAGGCAATAAGTAGAG-1-0,TP53_EZH2_CALR_mut
ACAACGGTCATGCCTAAAGTAGAG-1-0,
ACAACGGTCCAATACTAAGTAGAG-1-0,
ACAACGGTCGAGGCGTAAGTAGAG-1-0,TP53_EZH2_CALR_mut
ACAACGGTCGATTATCAAGTAGAG-1-0,TP53_CALR_het
ACAACTTTCAATCCTGAAGTAGAG-1-0,
ACAACTTTCCAAATAGAAGTAGAG-1-0,
ACAACTTTCCATCCTTAAGTAGAG-1-0,ZRSR2_CALR_mut
ACAACTTTCCGAATTTAAGTAGAG-1-0,TP53_EZH2_CALR_mut
ACAAGGCGTACTTAGCAAGTAGAG-1-0,
ACAAGGCGTATTCGGTAAGTAGAG-1-0,
ACAAGGCGTCAGGAACAAGTAGAG-1-0,ZRSR2_CALR_mut
ACAAGGCGTCATCAGTAAGTAGAG-1-0,
ACAAGGCGTGAGAAGGAAGTAGAG-1-0,
ACAAGGCGTGTCCTTCAAGTAGAG-1-0,
ACAAGGCGTTAGAGGCAAGTAGAG-1-0,
ACAAGGCGTTGCATCGAAGTAGAG-1-0,TP53_EZH2_CALR_mut
ACAAGGCGTTGTCATAAAGTAGAG-1-0,
ACAAGGCGTTTATGGCAAGTAGAG-1-0,ZRSR2_CALR_mut
ACAAGTATCAAGCCAGAAGTAGAG-1-0,
ACAAGTATCAGGAGCCAAGTAGAG-1-0,TP53_CALR_het
ACAAGTATCCATGATTAAGTAGAG-1-0,TP53_EZH2_CALR_mut
ACAAGTATCCCGCTGAAAGTAGAG-1-0,
ACAAGTATCCGGCTCAAAGTAGAG-1-0,
ACAAGTATCCTCACGGAAGTAGAG-1-0,TP53_CALR_het
ACAAGTATCCTCACTTAAGTAGAG-1-0,
ACAAGTATCGAACGTGAAGTAGAG-1-0,TP53_EZH2_CALR_mut
ACAAGTATCTCACAATAAGTAGAG-1-0,
ACAAGTATCTTGAATCAAGTAGAG-1-0,TP53_CALR_het
ACAATCAAGCACTACCAAGTAGAG-1-0,
ACAATCAAGCCTATATAAGTAGAG-1-0,
ACAATCAAGGACAAAGAAGTAGAG-1-0,
ACAATCAAGGCAGGCTAAGTAGAG-1-0,TP53_CALR_het
ACAATCAAGTATGGGTAAGTAGAG-1-0,
ACAATCAAGTCGAAACAAGTAGAG-1-0,TP53_EZH2_CALR_mut
ACAATCAAGTGGCTTCAAGTAGAG-1-0,TP53_CALR_het
ACAATGTCAAGACATTAAGTAGAG-1-0,ZRSR2_CALR_mut
ACAATGTCAAGCTCAAAAGTAGAG-1-0,
ACAATGTCAGAGGCTTAAGTAGAG-1-0,
ACAATGTCAGCCATTTAAGTAGAG-1-0,TP53_CALR_het
ACAATGTCAGTTGCCCAAGTAGAG-1-0,TP53_EZH2_CALR_mut
ACAATGTCATCCGTCAAAGTAGAG-1-0,
ACAATGTCATTACTTGAAGTAGAG-1-0,TP53_EZH2_CALR_mut
ACAATGTCATTGTACCAAGTAGAG-1-0,TP53_CALR_het
ACAATTGAGAATGGGAAAGTAGAG-1-0,TP53_EZH2_CALR_mut
ACAATTGAGAGGCGTCAAGTAGAG-1-0,ZRSR2_CALR_mut
ACAATTGAGATAACCAAAGTAGAG-1-0,
ACAATTGAGCACTAGGAAGTAGAG-1-0,
ACAATTGAGGAGCCGTAAGTAGAG-1-0,TP53_CALR_het
ACAATTGAGGCAAGCCAAGTAGAG-1-0,
ACAATTGAGGGATGAAAAGTAGAG-1-0,TP53_CALR_het
ACAATTGAGGTCTTTGAAGTAGAG-1-0,TP53_EZH2_CALR_mut
ACACAAGGTAACGTGAAAGTAGAG-1-0,TP53_CALR_het
ACACAAGGTACGTCCAAAGTAGAG-1-0,TP53_CALR_het
ACACAAGGTAGCTTGTAAGTAGAG-1-0,
ACACAAGGTCCCTCTGAAGTAGAG-1-0,
ACACAAGGTCCTCACTAAGTAGAG-1-0,TP53_CALR_het
ACACAAGGTGACATTCAAGTAGAG-1-0,
ACACAAGGTGTGAGGTAAGTAGAG-1-0,
ACACAAGGTTAATCCAAAGTAGAG-1-0,ZRSR2_CALR_mut
ACACAAGGTTAGCGGGAAGTAGAG-1-0,
ACACAAGGTTGGATGAAAGTAGAG-1-0,
ACACAATCAGGGCTATAAGTAGAG-1-0,ZRSR2_CALR_mut
ACACAATCATAACCAGAAGTAGAG-1-0,TP53_CALR_het
ACACAATCATAGCCGGAAGTAGAG-1-0,
ACACAATCATATAGGTAAGTAGAG-1-0,
ACACAATCATCATGCTAAGTAGAG-1-0,
ACACAATCATGAGTCAAAGTAGAG-1-0,
ACACAATCATTGTGTCAAGTAGAG-1-0,
ACACCAACAAATATGCAAGTAGAG-1-0,TP53_CALR_het
ACACCAACAACCATTCAAGTAGAG-1-0,
ACACCAACAACCGTGGAAGTAGAG-1-0,
ACACCAACAATGAGCCAAGTAGAG-1-0,TP53_CALR_het
ACACCAACACATAGATAAGTAGAG-1-0,
ACACCAACACTGACAAAAGTAGAG-1-0,
ACACCAACAGGCTAACAAGTAGAG-1-0,TP53_CALR_het
ACACCAACAGTTGCCCAAGTAGAG-1-0,
ACACCAACATAACCGAAAGTAGAG-1-0,ZRSR2_CALR_mut
ACACCAACATGCCTCAAAGTAGAG-1-0,TP53_CALR_het
ACACCAACATTTCTTCAAGTAGAG-1-0,TP53_EZH2_CALR_mut
ACACCGGCAACCTGTTAAGTAGAG-1-0,
ACACCGGCAATAACCGAAGTAGAG-1-0,TP53_CALR_het
ACACCGGCAGAAAGGTAAGTAGAG-1-0,
ACACCTATCCAACTTGAAGTAGAG-1-0,TP53_CALR_het
ACACCTATCCAATGAAAAGTAGAG-1-0,TP53_CALR_het
ACACCTATCCTCACTTAAGTAGAG-1-0,TP53_EZH2_CALR_mut
ACACCTATCCTTTCTAAAGTAGAG-1-0,TP53_CALR_het
ACACCTATCTCACAATAAGTAGAG-1-0,ZRSR2_CALR_mut
ACACCTTCAAGATGCCAAGTAGAG-1-0,TP53_EZH2_CALR_mut
ACACCTTCACATTGAGAAGTAGAG-1-0,
ACACCTTCAGCACTAAAAGTAGAG-1-0,
ACACCTTCAGGTGACTAAGTAGAG-1-0,TP53_EZH2_CALR_mut
ACACCTTCATCCGCTAAAGTAGAG-1-0,
ACACCTTCATGAGTCAAAGTAGAG-1-0,
ACACCTTCATTCCTTTAAGTAGAG-1-0,
ACACGCGCAAACGGGAAAGTAGAG-1-0,
ACACGCGCAAACTTGGAAGTAGAG-1-0,TP53_EZH2_CALR_mut
ACACGCGCAAATAACCAAGTAGAG-1-0,
ACACGCGCAACTTGTCAAGTAGAG-1-0,TP53_EZH2_CALR_mut
ACACTAAAGGTCAATAAAGTAGAG-1-0,TP53_EZH2_CALR_mut
ACACTAAAGGTTGGGCAAGTAGAG-1-0,
ACACTAAAGTGATGGTAAGTAGAG-1-0,TP53_CALR_het
ACACTAAAGTTATTGCAAGTAGAG-1-0,
ACACTAAAGTTGACGGAAGTAGAG-1-0,
ACACTTGTCACCAGGAAAGTAGAG-1-0,
ACACTTGTCAGGTCGAAAGTAGAG-1-0,TP53_CALR_het
ACACTTGTCAGGTTAAAAGTAGAG-1-0,
ACACTTGTCCCAAATTAAGTAGAG-1-0,TP53_CALR_het
ACACTTGTCGCCTCTCAAGTAGAG-1-0,
ACAGCACCAACAGGGAAAGTAGAG-1-0,
ACAGCACCAACTATCCAAGTAGAG-1-0,
ACAGCACCACCACATTAAGTAGAG-1-0,TP53_CALR_het
ACAGCACCACCGGTAGAAGTAGAG-1-0,
ACAGCACCACTGACTTAAGTAGAG-1-0,TP53_EZH2_CALR_mut
ACAGCACCAGGATGCTAAGTAGAG-1-0,
ACAGCACCAGGATTATAAGTAGAG-1-0,TP53_EZH2_CALR_mut
ACAGCACCATCCACCAAAGTAGAG-1-0,
ACAGCCGCAAATAAGGAAGTAGAG-1-0,
ACAGCCGCAAGAAATGAAGTAGAG-1-0,
ACAGCCGCACAATCGAAAGTAGAG-1-0,
ACAGCCGCACTATCACAAGTAGAG-1-0,
ACAGCCGCAGCCAGCAAAGTAGAG-1-0,
ACAGCCGCAGCTCATTAAGTAGAG-1-0,ZRSR2_CALR_mut
ACAGCCGCAGGATTATAAGTAGAG-1-0,
ACAGCCGCAGGCCTCTAAGTAGAG-1-0,
ACAGCCGCAGTTGCCCAAGTAGAG-1-0,
ACAGCCGCATCGGGCAAAGTAGAG-1-0,ZRSR2_CALR_mut
ACAGCCGCATCTATGCAAGTAGAG-1-0,TP53_CALR_het
ACAGCGGGTACAAAGTAAGTAGAG-1-0,
ACAGCGGGTAGCCATTAAGTAGAG-1-0,
ACAGCGGGTCCAGCTAAAGTAGAG-1-0,
ACAGCGGGTTGTGAGAAAGTAGAG-1-0,TP53_CALR_het
ACAGGCATCAACCTCAAAGTAGAG-1-0,
ACAGGCATCAGCATGGAAGTAGAG-1-0,
ACAGGCATCATAACCTAAGTAGAG-1-0,
ACAGGCATCATGCGGAAAGTAGAG-1-0,
ACAGGCATCCCGTTCCAAGTAGAG-1-0,
ACAGGCATCGGTACCTAAGTAGAG-1-0,
ACAGGCATCTCAAACTAAGTAGAG-1-0,
ACAGGTAGTATGGGACAAGTAGAG-1-0,
ACAGGTAGTCCTGACAAAGTAGAG-1-0,ZRSR2_CALR_mut
ACAGGTAGTGTTGCTGAAGTAGAG-1-0,TP53_EZH2_CALR_mut
ACAGTTGCAAAGGGATAAGTAGAG-1-0,
ACAGTTGCAACAGATTAAGTAGAG-1-0,TP53_EZH2_CALR_mut
ACAGTTGCAATCTCTAAAGTAGAG-1-0,TP53_CALR_het
ACAGTTGCACATGCTTAAGTAGAG-1-0,TP53_CALR_het
ACAGTTGCAGGTAGCTAAGTAGAG-1-0,TP53_EZH2_CALR_mut
ACAGTTGCATAGGCGTAAGTAGAG-1-0,
ACATACTTCAAGGTCGAAGTAGAG-1-0,
ACATACTTCACCTGTAAAGTAGAG-1-0,TP53_EZH2_CALR_mut
ACATACTTCACCTTTCAAGTAGAG-1-0,TP53_CALR_het
ACATACTTCCGTCAACAAGTAGAG-1-0,TP53_CALR_het
ACATACTTCTAATTGCAAGTAGAG-1-0,TP53_CALR_het
ACATAGTCAATGGATTAAGTAGAG-1-0,
ACATAGTCACGTAGGTAAGTAGAG-1-0,TP53_EZH2_CALR_mut
ACATAGTCACTATCACAAGTAGAG-1-0,TP53_CALR_het
ACATAGTCAGGCGAAAAAGTAGAG-1-0,
ACATAGTCATCACGCCAAGTAGAG-1-0,TP53_EZH2_CALR_mut
ACATAGTCATTACTTGAAGTAGAG-1-0,TP53_CALR_het
ACATGTTTCAACCTATAAGTAGAG-1-0,
ACATGTTTCAAGGGTTAAGTAGAG-1-0,TP53_CALR_het
ACATGTTTCAGTTAGAAAGTAGAG-1-0,
ACATGTTTCCTTGAGCAAGTAGAG-1-0,TP53_CALR_het
ACATGTTTCGAGGCACAAGTAGAG-1-0,TP53_CALR_het
ACATGTTTCGCCTAGTAAGTAGAG-1-0,ZRSR2_CALR_mut
ACATGTTTCGCGAGTAAAGTAGAG-1-0,TP53_CALR_het
ACATGTTTCGTTCAATAAGTAGAG-1-0,TP53_CALR_het
ACATGTTTCTATCACGAAGTAGAG-1-0,
ACATGTTTCTCTCGCCAAGTAGAG-1-0,
ACATGTTTCTTAAGGAAAGTAGAG-1-0,
ACATGTTTCTTGAATCAAGTAGAG-1-0,TP53_EZH2_CALR_het
ACATTACTCAAGCTCCAAGTAGAG-1-0,
ACATTACTCCCTCTCAAAGTAGAG-1-0,TP53_CALR_het
ACATTACTCCGCTATAAAGTAGAG-1-0,ZRSR2_CALR_mut
ACATTACTCCTTTAGGAAGTAGAG-1-0,
ACATTACTCGAAGCATAAGTAGAG-1-0,ZRSR2_CALR_mut
ACATTACTCGAGAGAAAAGTAGAG-1-0,
ACATTACTCGGGATGCAAGTAGAG-1-0,TP53_EZH2_CALR_mut
ACATTACTCTGTGACCAAGTAGAG-1-0,
ACATTACTCTTCGCCCAAGTAGAG-1-0,TP53_CALR_het
ACATTGTTCATCAGCCAAGTAGAG-1-0,TP53_CALR_het
ACATTGTTCCAATTACAAGTAGAG-1-0,
ACATTGTTCCAGGAATAAGTAGAG-1-0,TP53_EZH2_CALR_mut
ACATTGTTCGCGCATTAAGTAGAG-1-0,
ACCAACTGTCCTCCATAAGTAGAG-1-0,
ACCAACTGTCGAAGTAAAGTAGAG-1-0,
ACCAACTGTCGTTGCAAAGTAGAG-1-0,TP53_EZH2_CALR_het
ACCAACTGTGCGCAAGAAGTAGAG-1-0,TP53_EZH2_CALR_mut
ACCAACTGTTGAGGACAAGTAGAG-1-0,TP53_CALR_het
ACCAACTGTTGCATCGAAGTAGAG-1-0,TP53_CALR_het
ACCAACTGTTTGGCCAAAGTAGAG-1-0,
ACCAATAAGAAGCAAGAAGTAGAG-1-0,
ACCAATAAGAAGTAGGAAGTAGAG-1-0,TP53_CALR_het
ACCAATAAGACAACACAAGTAGAG-1-0,
ACCAATAAGACCTTTGAAGTAGAG-1-0,TP53_CALR_het
ACCAATAAGATGCCTCAAGTAGAG-1-0,
ACCAATAAGATTCATCAAGTAGAG-1-0,
ACCAATAAGATTCCCAAAGTAGAG-1-0,ZRSR2_CALR_mut
ACCAATAAGCAAACTAAAGTAGAG-1-0,
ACCAATAAGCAGCTAGAAGTAGAG-1-0,TP53_EZH2_CALR_mut
ACCAATAAGCTCGACTAAGTAGAG-1-0,TP53_EZH2_CALR_mut
ACCAATAAGTCGAAACAAGTAGAG-1-0,ZRSR2_CALR_mut
ACCAATCGTAGCCTTGAAGTAGAG-1-0,TP53_EZH2_CALR_mut
ACCAATCGTGTGTTACAAGTAGAG-1-0,TP53_EZH2_CALR_mut
ACCAATCGTTGCACGCAAGTAGAG-1-0,ZRSR2_CALR_mut
ACCAATTTCACCAGGAAAGTAGAG-1-0,ZRSR2_CALR_mut
ACCAATTTCAGTAGGTAAGTAGAG-1-0,
ACCAATTTCCCTCAAAAAGTAGAG-1-0,TP53_CALR_het
ACCAATTTCCCTCGTCAAGTAGAG-1-0,
ACCAATTTCCGCCATGAAGTAGAG-1-0,
ACCAATTTCGTTATGTAAGTAGAG-1-0,
ACCAATTTCTATTGCGAAGTAGAG-1-0,TP53_CALR_het
ACCAATTTCTTTGGATAAGTAGAG-1-0,TP53_CALR_het
ACCACAACACAACAATAAGTAGAG-1-0,
ACCACAACACGCAATAAAGTAGAG-1-0,
ACCACAACATCCCAATAAGTAGAG-1-0,TP53_CALR_het
ACCACGTTCAGGCCTTAAGTAGAG-1-0,
ACCACGTTCATAGGCGAAGTAGAG-1-0,
ACCACGTTCCAGGAATAAGTAGAG-1-0,TP53_EZH2_CALR_mut
ACCACGTTCCTTTGGAAAGTAGAG-1-0,
ACCAGGTCAATAGCTGAAGTAGAG-1-0,
ACCAGGTCACACTAAGAAGTAGAG-1-0,
ACCAGGTCACGCCACTAAGTAGAG-1-0,TP53_CALR_het
ACCAGGTCACTGACTTAAGTAGAG-1-0,
ACCAGGTCAGCTAGCGAAGTAGAG-1-0,
ACCATATTCAACCGCTAAGTAGAG-1-0,
ACCATATTCACATTACAAGTAGAG-1-0,
ACCATATTCAGGGATTAAGTAGAG-1-0,TP53_CALR_het
ACCATATTCCTGTTCTAAGTAGAG-1-0,
ACCATATTCTTGAATCAAGTAGAG-1-0,TP53_CALR_het
ACCATTAGTACCGCACAAGTAGAG-1-0,
ACCATTAGTCAAAGGCAAGTAGAG-1-0,
ACCATTAGTGCTGAAAAAGTAGAG-1-0,TP53_CALR_het
ACCATTAGTTAAGGATAAGTAGAG-1-0,
ACCATTAGTTCGGTATAAGTAGAG-1-0,TP53_CALR_het
ACCATTAGTTCGGTCAAAGTAGAG-1-0,
ACCATTAGTTGCCTGAAAGTAGAG-1-0,
ACCCAAACAACAGGCTAAGTAGAG-1-0,TP53_CALR_het
ACCCAAACAATATGCGAAGTAGAG-1-0,TP53_EZH2_CALR_mut
ACCCAAACAATCAAGTAAGTAGAG-1-0,TP53_EZH2_CALR_mut
ACCCAAACAGATAGCCAAGTAGAG-1-0,TP53_EZH2_CALR_mut
ACCCAAACAGCACTAAAAGTAGAG-1-0,
ACCCAAACATTTGGAGAAGTAGAG-1-0,TP53_CALR_het
ACCCAACTCAAGCGATAAGTAGAG-1-0,TP53_CALR_het
ACCCAACTCAAGGGTTAAGTAGAG-1-0,
ACCCAACTCAGGTAGTAAGTAGAG-1-0,
ACCCAACTCAGTAGGTAAGTAGAG-1-0,TP53_EZH2_CALR_mut
ACCCAACTCCAGAACGAAGTAGAG-1-0,TP53_CALR_het
ACCCAACTCCCAAATTAAGTAGAG-1-0,TP53_CALR_het
ACCCAACTCCCGTTCCAAGTAGAG-1-0,TP53_CALR_het
ACCCAACTCCCGTTGGAAGTAGAG-1-0,
ACCCAACTCGTCCATAAAGTAGAG-1-0,TP53_EZH2_CALR_mut
ACCCAACTCTAATTGCAAGTAGAG-1-0,TP53_CALR_het
ACCCGCTCAAGAAATGAAGTAGAG-1-0,
ACCCGCTCAGTAAGGGAAGTAGAG-1-0,TP53_EZH2_CALR_mut
ACCCGCTCATAAGCCAAAGTAGAG-1-0,
ACCCGCTCATACTGAGAAGTAGAG-1-0,
ACCCGTTAGGCGCAGTAAGTAGAG-1-0,TP53_EZH2_CALR_het
ACCCGTTAGTCAAACAAAGTAGAG-1-0,
ACCCGTTAGTCAACAAAAGTAGAG-1-0,
ACCCTAATCAATCGCCAAGTAGAG-1-0,
ACCCTAATCAGCGGGTAAGTAGAG-1-0,
ACCCTAATCATGAATGAAGTAGAG-1-0,TP53_EZH2_CALR_mut
ACCCTAATCCAAAGACAAGTAGAG-1-0,TP53_EZH2_CALR_mut
ACCCTAATCCCAGACTAAGTAGAG-1-0,
ACCCTAATCCCGTTGGAAGTAGAG-1-0,TP53_CALR_het
ACCCTAATCCGTCCAGAAGTAGAG-1-0,
ACCCTAATCCTCAATGAAGTAGAG-1-0,TP53_CALR_het
ACCCTAATCGGTTCCGAAGTAGAG-1-0,
ACCCTAATCTATGCATAAGTAGAG-1-0,
ACCCTCACACCGTTTGAAGTAGAG-1-0,
ACCCTCACATATTTCGAAGTAGAG-1-0,
ACCCTCCTCACAAAGCAAGTAGAG-1-0,
ACCCTCCTCCAAAGACAAGTAGAG-1-0,
ACCCTCCTCGGGATGCAAGTAGAG-1-0,ZRSR2_CALR_mut
ACCCTCCTCGGTACGAAAGTAGAG-1-0,TP53_EZH2_CALR_mut
ACCCTGGTCACGTTATAAGTAGAG-1-0,TP53_EZH2_CALR_mut
ACCCTGGTCACTATGTAAGTAGAG-1-0,
ACCCTGGTCAGCATGGAAGTAGAG-1-0,
ACCCTGGTCAGGGCACAAGTAGAG-1-0,
ACCCTGGTCATCCAGCAAGTAGAG-1-0,ZRSR2_CALR_mut
ACCCTGGTCATGAGGTAAGTAGAG-1-0,
ACCCTGGTCATGGATAAAGTAGAG-1-0,
ACCCTGGTCGAAACTAAAGTAGAG-1-0,TP53_CALR_het
ACCCTTCGTAGTAACGAAGTAGAG-1-0,
ACCCTTCGTATTTACGAAGTAGAG-1-0,TP53_CALR_het
ACCCTTCGTCAGTGCCAAGTAGAG-1-0,
ACCCTTCGTCCATCCTAAGTAGAG-1-0,TP53_CALR_het
ACCCTTCGTGCTGATTAAGTAGAG-1-0,ZRSR2_CALR_mut
ACCCTTCGTGTTAGAGAAGTAGAG-1-0,TP53_CALR_het
ACCCTTCGTTAGCGCCAAGTAGAG-1-0,
ACCCTTCGTTAGGCGGAAGTAGAG-1-0,TP53_EZH2_CALR_het
ACCCTTCGTTAGTAGGAAGTAGAG-1-0,
ACCCTTCGTTAGTGCTAAGTAGAG-1-0,ZRSR2_CALR_mut
ACCCTTCGTTTATGGCAAGTAGAG-1-0,
ACCGAAGTCAGGTCGAAAGTAGAG-1-0,
ACCGAAGTCATAGGTAAAGTAGAG-1-0,TP53_CALR_het
ACCGAAGTCATTATGCAAGTAGAG-1-0,
ACCGAAGTCATTTAGCAAGTAGAG-1-0,TP53_CALR_het
ACCGAAGTCCCAAATTAAGTAGAG-1-0,TP53_CALR_het
ACCGAAGTCCCTGGTGAAGTAGAG-1-0,ZRSR2_CALR_mut
ACCGAAGTCGAAGCATAAGTAGAG-1-0,
ACCGAAGTCGCGAAATAAGTAGAG-1-0,
ACCGAAGTCTAAATCCAAGTAGAG-1-0,
ACCGAAGTCTATTCGGAAGTAGAG-1-0,TP53_EZH2_CALR_mut
ACCGAAGTCTCACAATAAGTAGAG-1-0,TP53_EZH2_CALR_mut
ACCGCCATCACAGCCTAAGTAGAG-1-0,
ACCGCCATCACCCTCCAAGTAGAG-1-0,TP53_CALR_het
ACCGCCATCACTATACAAGTAGAG-1-0,
ACCGCCATCCCAAATTAAGTAGAG-1-0,
ACCGCCATCCTGATCAAAGTAGAG-1-0,
ACCGCCATCGAAATGCAAGTAGAG-1-0,
ACCGCCATCGTTAACTAAGTAGAG-1-0,TP53_CALR_het
ACCGCCATCTAGTTACAAGTAGAG-1-0,
ACCGCCTCAAGGCCATAAGTAGAG-1-0,TP53_CALR_het
ACCGCCTCACAATGGCAAGTAGAG-1-0,TP53_EZH2_CALR_mut
ACCGCCTCACATTGTCAAGTAGAG-1-0,TP53_CALR_het
ACCGCCTCACTAACAGAAGTAGAG-1-0,TP53_EZH2_CALR_mut
ACCGCCTCAGCCTGAGAAGTAGAG-1-0,TP53_EZH2_CALR_mut
ACCGCCTCAGGTTTCTAAGTAGAG-1-0,ZRSR2_CALR_mut
ACCGCCTCATCCGCTAAAGTAGAG-1-0,TP53_CALR_het
ACCGGCTGTAAGCGTAAAGTAGAG-1-0,ZRSR2_CALR_mut
ACCGGCTGTAGCCAAAAAGTAGAG-1-0,TP53_CALR_het
ACCGGCTGTGCATTACAAGTAGAG-1-0,TP53_CALR_het
ACCGGCTGTTAGCGGGAAGTAGAG-1-0,TP53_EZH2_CALR_mut
ACCGGCTGTTCCTTCAAAGTAGAG-1-0,TP53_EZH2_CALR_mut
ACCGGCTGTTCTTACTAAGTAGAG-1-0,TP53_EZH2_CALR_mut
ACCGGCTGTTTCAGGTAAGTAGAG-1-0,TP53_CALR_het
ACCGGCTGTTTCCTCAAAGTAGAG-1-0,TP53_CALR_het
ACCGGTAAGAAACCCGAAGTAGAG-1-0,
ACCGGTAAGAGGAGGTAAGTAGAG-1-0,
ACCGGTAAGATATTGGAAGTAGAG-1-0,
ACCGGTAAGATTCCCAAAGTAGAG-1-0,
ACCGGTAAGCGAAGAAAAGTAGAG-1-0,TP53_CALR_het
ACCGGTAAGCTAGCCTAAGTAGAG-1-0,ZRSR2_CALR_mut
ACCGGTAAGTCATAAGAAGTAGAG-1-0,ZRSR2_CALR_mut
ACCGGTAAGTGAATCAAAGTAGAG-1-0,
ACCGGTAAGTTGACCCAAGTAGAG-1-0,
ACCGGTTTCAACCTATAAGTAGAG-1-0,TP53_CALR_het
ACCGGTTTCAGCCCTGAAGTAGAG-1-0,TP53_CALR_het
ACCGGTTTCAGGCTGAAAGTAGAG-1-0,
ACCGGTTTCCATCCGGAAGTAGAG-1-0,TP53_CALR_het
ACCGGTTTCCTTATGGAAGTAGAG-1-0,TP53_EZH2_CALR_mut
ACCGGTTTCTCAGCACAAGTAGAG-1-0,TP53_EZH2_CALR_mut
ACCGGTTTCTCGCCTCAAGTAGAG-1-0,TP53_EZH2_CALR_mut
ACCGGTTTCTGTCAATAAGTAGAG-1-0,ZRSR2_CALR_mut
ACCGGTTTCTTCGCCCAAGTAGAG-1-0,
ACCGTTATCACAAACAAAGTAGAG-1-0,TP53_CALR_het
ACCGTTATCACAGATAAAGTAGAG-1-0,
ACCGTTATCACTAGGGAAGTAGAG-1-0,ZRSR2_CALR_mut
ACCGTTATCACTGTCAAAGTAGAG-1-0,
ACCGTTATCAGGCATGAAGTAGAG-1-0,TP53_CALR_het
ACCGTTATCAGTAGGTAAGTAGAG-1-0,
ACCGTTATCATTGCATAAGTAGAG-1-0,TP53_CALR_het
ACCGTTATCCGAAAGTAAGTAGAG-1-0,TP53_EZH2_CALR_mut
ACCGTTATCGATTCTGAAGTAGAG-1-0,
ACCGTTATCGCCTGCAAAGTAGAG-1-0,
ACCGTTATCGGGATGCAAGTAGAG-1-0,
ACCGTTATCGGGCAACAAGTAGAG-1-0,TP53_EZH2_CALR_mut
ACCGTTATCGGTAATAAAGTAGAG-1-0,TP53_CALR_het
ACCGTTATCTAATCGTAAGTAGAG-1-0,
ACCGTTATCTAGCCTAAAGTAGAG-1-0,TP53_EZH2_CALR_mut
ACCGTTATCTCAGCTAAAGTAGAG-1-0,TP53_EZH2_CALR_mut
ACCTAAGCACCTAACTAAGTAGAG-1-0,
ACCTAAGCAGCAAGCTAAGTAGAG-1-0,
ACCTAAGCATCCGGAGAAGTAGAG-1-0,
ACCTAAGCATGCTCCAAAGTAGAG-1-0,TP53_CALR_het
ACCTAAGCATTCGGTTAAGTAGAG-1-0,
ACCTAGTGTATGGTCTAAGTAGAG-1-0,TP53_EZH2_CALR_het
ACCTAGTGTTAAGGATAAGTAGAG-1-0,
ACCTAGTGTTATGAGGAAGTAGAG-1-0,TP53_EZH2_CALR_mut
ACCTAGTGTTTCAGGTAAGTAGAG-1-0,
ACCTAGTGTTTGCTCCAAGTAGAG-1-0,
ACCTAGTGTTTGTAGCAAGTAGAG-1-0,TP53_EZH2_CALR_mut
ACCTATCCAAACTTGGAAGTAGAG-1-0,TP53_EZH2_CALR_mut
ACCTATCCAACCGTAAAAGTAGAG-1-0,
ACCTATCCAACTATCCAAGTAGAG-1-0,ZRSR2_CALR_mut
ACCTATCCAAGCCTAAAAGTAGAG-1-0,TP53_CALR_het
ACCTATCCAATATGCGAAGTAGAG-1-0,
ACCTATCCAATCGTGAAAGTAGAG-1-0,
ACCTATCCACACTGGGAAGTAGAG-1-0,TP53_CALR_het
ACCTATCCAGCGATCGAAGTAGAG-1-0,TP53_EZH2_CALR_mut
ACCTATCCAGCTCGCTAAGTAGAG-1-0,
ACCTATCCAGTTGCCCAAGTAGAG-1-0,ZRSR2_CALR_mut
ACCTCACAGACTTAAGAAGTAGAG-1-0,TP53_CALR_het
ACCTCACAGAGGTTCGAAGTAGAG-1-0,
ACCTCACAGAGGTTTAAAGTAGAG-1-0,TP53_CALR_het
ACCTCACAGCTAAATGAAGTAGAG-1-0,TP53_EZH2_CALR_mut
ACCTCACAGCTTACCAAAGTAGAG-1-0,
ACCTCACAGTGGACCAAAGTAGAG-1-0,TP53_EZH2_CALR_mut
ACCTCACAGTTACCCAAAGTAGAG-1-0,TP53_CALR_het
ACCTCATCAAAGCTCAAAGTAGAG-1-0,ZRSR2_CALR_mut
ACCTCATCAACAGCACAAGTAGAG-1-0,TP53_CALR_het
ACCTCATCACATTCGTAAGTAGAG-1-0,TP53_CALR_het
ACCTCATCACGGTACGAAGTAGAG-1-0,TP53_EZH2_CALR_mut
ACCTCATCAGCGATCGAAGTAGAG-1-0,ZRSR2_CALR_mut
ACCTCATCATAACCGAAAGTAGAG-1-0,TP53_CALR_het
ACCTCATCATGCAATGAAGTAGAG-1-0,
ACCTCATCATTAGTGGAAGTAGAG-1-0,
ACCTCCCTCAGCTACCAAGTAGAG-1-0,TP53_CALR_het
ACCTCCCTCAGGGCACAAGTAGAG-1-0,
ACCTCCCTCAGTTTACAAGTAGAG-1-0,TP53_CALR_het
ACCTCCCTCCAAACGGAAGTAGAG-1-0,
ACCTCCCTCCATTAGTAAGTAGAG-1-0,
ACCTCCCTCCTGGATCAAGTAGAG-1-0,
ACCTCCCTCGACCCATAAGTAGAG-1-0,
ACCTCCCTCGATTCTGAAGTAGAG-1-0,
ACCTCCCTCGCGGAACAAGTAGAG-1-0,
ACCTCTAAGAAGCAAGAAGTAGAG-1-0,TP53_EZH2_CALR_mut
ACCTCTAAGCGATGGCAAGTAGAG-1-0,ZRSR2_CALR_mut
ACCTCTAAGTATGGGTAAGTAGAG-1-0,
ACCTCTAAGTCATAAGAAGTAGAG-1-0,TP53_CALR_het
ACCTCTAAGTGATTTCAAGTAGAG-1-0,TP53_EZH2_CALR_mut
ACCTCTAAGTGTGCAGAAGTAGAG-1-0,
ACCTCTAAGTGTTTCGAAGTAGAG-1-0,
ACCTGGAAGATAACCAAAGTAGAG-1-0,TP53_CALR_het
ACCTGGAAGCTTACTGAAGTAGAG-1-0,
ACCTGGAAGCTTCTAGAAGTAGAG-1-0,
ACCTGGAAGGAGCCGTAAGTAGAG-1-0,
ACCTGGAAGGCAATCGAAGTAGAG-1-0,TP53_EZH2_CALR_mut
ACCTGGAAGTAACGGTAAGTAGAG-1-0,TP53_CALR_het
ACCTGGAAGTCACTATAAGTAGAG-1-0,TP53_EZH2_CALR_mut
ACCTTTACAACTAAACAAGTAGAG-1-0,
ACCTTTACACATACCTAAGTAGAG-1-0,
ACCTTTACACGATTAGAAGTAGAG-1-0,
ACCTTTACACTAGTAGAAGTAGAG-1-0,
ACCTTTACAGCAATTGAAGTAGAG-1-0,TP53_EZH2_CALR_mut
ACCTTTACATCCAAGAAAGTAGAG-1-0,
ACGAATATCAACCTCAAAGTAGAG-1-0,TP53_EZH2_CALR_mut
ACGAATATCAACTGGGAAGTAGAG-1-0,
ACGAATATCACAAGCGAAGTAGAG-1-0,
ACGAATATCACCCTGGAAGTAGAG-1-0,
ACGAATATCAGTAAGCAAGTAGAG-1-0,
ACGAATATCCATAGGGAAGTAGAG-1-0,TP53_EZH2_CALR_mut
ACGAATATCCCAGACTAAGTAGAG-1-0,TP53_CALR_het
ACGAATATCCTAATCGAAGTAGAG-1-0,TP53_EZH2_CALR_mut
ACGAATATCGGTAATAAAGTAGAG-1-0,TP53_EZH2_CALR_mut
ACGAATATCTGGCCCAAAGTAGAG-1-0,TP53_EZH2_CALR_mut
ACGAATATCTTGAGGGAAGTAGAG-1-0,ZRSR2_CALR_mut
ACGAGGGAGCAGGCTAAAGTAGAG-1-0,
ACGAGGGAGCTAACTTAAGTAGAG-1-0,
ACGAGGGAGCTTACATAAGTAGAG-1-0,TP53_CALR_het
ACGAGGGAGGATGGTTAAGTAGAG-1-0,TP53_EZH2_CALR_mut
ACGAGGGAGGCGCAACAAGTAGAG-1-0,TP53_EZH2_CALR_mut
ACGAGGGAGTCTATGTAAGTAGAG-1-0,ZRSR2_CALR_mut
ACGAGGGAGTGAGTTAAAGTAGAG-1-0,
ACGAGGGAGTTACCTGAAGTAGAG-1-0,
ACGAGGGAGTTGCGCTAAGTAGAG-1-0,TP53_CALR_het
ACGATTCGTCATCCTCAAGTAGAG-1-0,TP53_CALR_het
ACGATTCGTCCATAGTAAGTAGAG-1-0,
ACGATTCGTCGTAACTAAGTAGAG-1-0,
ACGATTCGTCGTTCTCAAGTAGAG-1-0,TP53_CALR_het
ACGATTCGTCTACCTCAAGTAGAG-1-0,ZRSR2_CALR_mut
ACGATTCGTGGCTTTGAAGTAGAG-1-0,TP53_CALR_het
ACGATTCGTGTGACCCAAGTAGAG-1-0,
ACGATTGCAAGGGTCTAAGTAGAG-1-0,TP53_CALR_het
ACGATTGCAATGGGAGAAGTAGAG-1-0,ZRSR2_CALR_mut
ACGATTGCACCAACAAAAGTAGAG-1-0,
ACGATTGCACCATCATAAGTAGAG-1-0,
ACGATTGCACTATGTCAAGTAGAG-1-0,
ACGATTGCAGCACCTCAAGTAGAG-1-0,TP53_EZH2_CALR_mut
ACGCAAGTCACCTTTCAAGTAGAG-1-0,TP53_CALR_het
ACGCAAGTCCAAATTCAAGTAGAG-1-0,
ACGCAAGTCCGAATTTAAGTAGAG-1-0,TP53_CALR_het
ACGCAAGTCGACTTTGAAGTAGAG-1-0,TP53_CALR_het
ACGCAAGTCGCGTTCGAAGTAGAG-1-0,
ACGCAAGTCGGCTAGAAAGTAGAG-1-0,ZRSR2_CALR_mut
ACGCACGCAACTAAGTAAGTAGAG-1-0,TP53_EZH2_CALR_mut
ACGCACGCAAGCCACGAAGTAGAG-1-0,
ACGCACGCACATGAATAAGTAGAG-1-0,
ACGCACGCACTAAGCAAAGTAGAG-1-0,TP53_EZH2_CALR_mut
ACGCACGCACTAGTCTAAGTAGAG-1-0,TP53_EZH2_CALR_mut
ACGCACGCAGCTCATTAAGTAGAG-1-0,
ACGCACGCATCGAACAAAGTAGAG-1-0,
ACGCATGAGCGCCTTGAAGTAGAG-1-0,
ACGCATGAGCTGATGGAAGTAGAG-1-0,TP53_CALR_het
ACGCATGAGCTTAAAGAAGTAGAG-1-0,TP53_CALR_het
ACGCATGAGGTTCTTGAAGTAGAG-1-0,
ACGCATGAGTGTGATAAAGTAGAG-1-0,TP53_EZH2_CALR_mut
ACGCATGAGTTGCAGGAAGTAGAG-1-0,
ACGCATTGTCATGATCAAGTAGAG-1-0,ZRSR2_CALR_mut
ACGCATTGTCGTTCTCAAGTAGAG-1-0,
ACGCATTGTGGATGGTAAGTAGAG-1-0,TP53_CALR_het
ACGCATTGTTCGGTATAAGTAGAG-1-0,
ACGCATTGTTGGTTTAAAGTAGAG-1-0,
ACGCCACGTAAAGCGCAAGTAGAG-1-0,TP53_EZH2_CALR_mut
ACGCCACGTACAGCAAAAGTAGAG-1-0,
ACGCCACGTCCGGTACAAGTAGAG-1-0,
ACGCCACGTGATAAACAAGTAGAG-1-0,TP53_CALR_het
ACGCCACGTGTGATGAAAGTAGAG-1-0,TP53_CALR_het
ACGCCACGTGTTTGTAAAGTAGAG-1-0,TP53_CALR_het
ACGCCACGTTAGTAGGAAGTAGAG-1-0,TP53_CALR_het
ACGCCACGTTGTCAGTAAGTAGAG-1-0,
ACGCCACGTTTACCGGAAGTAGAG-1-0,TP53_CALR_het
ACGCCCATCCTTTCGTAAGTAGAG-1-0,
ACGCCCATCGCGAAATAAGTAGAG-1-0,ZRSR2_CALR_mut
ACGCCCATCGCTCAGTAAGTAGAG-1-0,
ACGCCTAGTCAGGATAAAGTAGAG-1-0,
ACGCCTAGTGCGCAAGAAGTAGAG-1-0,
ACGCCTAGTGTTAGTCAAGTAGAG-1-0,
ACGCCTAGTTAACGGAAAGTAGAG-1-0,TP53_CALR_het
ACGCCTAGTTCCTTCAAAGTAGAG-1-0,
ACGCCTAGTTCCTTTGAAGTAGAG-1-0,TP53_CALR_het
ACGCCTAGTTGTTGTAAAGTAGAG-1-0,TP53_EZH2_CALR_het
ACGCCTAGTTTCCTCAAAGTAGAG-1-0,
ACGGAACGTAAATAGCAAGTAGAG-1-0,TP53_CALR_het
ACGGAACGTAACGTGAAAGTAGAG-1-0,TP53_EZH2_CALR_mut
ACGGAACGTGTTTCGGAAGTAGAG-1-0,
ACGGACCAGAGCAACTAAGTAGAG-1-0,
ACGGACCAGCAAACCGAAGTAGAG-1-0,
ACGGACCAGCGCCTTGAAGTAGAG-1-0,TP53_CALR_het
ACGGACCAGCTGATGGAAGTAGAG-1-0,TP53_EZH2_CALR_mut
ACGGACCAGGAGTCATAAGTAGAG-1-0,TP53_EZH2_CALR_mut
ACGGATAGTCCTTCGTAAGTAGAG-1-0,
ACGGATAGTGCCCGATAAGTAGAG-1-0,
ACGGATAGTTGTCAGTAAGTAGAG-1-0,
ACGGATAGTTTACGACAAGTAGAG-1-0,
ACGGATAGTTTACTGAAAGTAGAG-1-0,TP53_EZH2_CALR_mut
ACGGATTAGACATAGCAAGTAGAG-1-0,
ACGGATTAGACTAATGAAGTAGAG-1-0,
ACGGATTAGATATTGGAAGTAGAG-1-0,
ACGGATTAGCTTCTAGAAGTAGAG-1-0,
ACGGATTAGGCCATGAAAGTAGAG-1-0,
ACGGATTAGGGCAGTCAAGTAGAG-1-0,
ACGGATTAGGTATTTCAAGTAGAG-1-0,ZRSR2_CALR_mut
ACGGATTAGTACGGGCAAGTAGAG-1-0,ZRSR2_CALR_mut
ACGGTAAGTAACGTGAAAGTAGAG-1-0,
ACGGTAAGTACAAACGAAGTAGAG-1-0,ZRSR2_CALR_mut
ACGGTAAGTCATGCATAAGTAGAG-1-0,
ACGGTAAGTTCGAATCAAGTAGAG-1-0,TP53_CALR_het
ACGGTAAGTTGCGGCTAAGTAGAG-1-0,TP53_CALR_het
ACGGTAAGTTGTCATAAAGTAGAG-1-0,TP53_CALR_het
ACGTAATCAAAGCTCAAAGTAGAG-1-0,ZRSR2_CALR_mut
ACGTAATCAATGGCCGAAGTAGAG-1-0,ZRSR2_CALR_mut
ACGTAATCAATTCGGAAAGTAGAG-1-0,TP53_EZH2_CALR_mut
ACGTAATCACCTACTGAAGTAGAG-1-0,TP53_EZH2_CALR_mut
ACGTAATCAGCTGCTCAAGTAGAG-1-0,TP53_CALR_het
ACGTAATCATCCGCTAAAGTAGAG-1-0,TP53_CALR_het
ACGTAGCCAACGTTAGAAGTAGAG-1-0,TP53_CALR_het
ACGTAGCCAAGACATTAAGTAGAG-1-0,TP53_CALR_het
ACGTAGCCAAGGCCTGAAGTAGAG-1-0,TP53_CALR_het
ACGTAGCCACCATCCAAAGTAGAG-1-0,TP53_CALR_het
ACGTAGCCAGTAAGTTAAGTAGAG-1-0,TP53_EZH2_CALR_mut
ACGTAGCCATTGTGTCAAGTAGAG-1-0,TP53_CALR_het
ACGTATTTCAAGATGCAAGTAGAG-1-0,
ACGTATTTCAATGGGTAAGTAGAG-1-0,TP53_EZH2_CALR_mut
ACGTATTTCACAAAGCAAGTAGAG-1-0,
ACGTATTTCACATTCGAAGTAGAG-1-0,TP53_CALR_het
ACGTATTTCACCAGGAAAGTAGAG-1-0,TP53_CALR_het
ACGTATTTCCGTCCAGAAGTAGAG-1-0,
ACGTATTTCCTTAGATAAGTAGAG-1-0,
ACGTATTTCGAGGTTGAAGTAGAG-1-0,TP53_EZH2_CALR_mut
ACGTATTTCGTGATTTAAGTAGAG-1-0,TP53_CALR_het
ACGTATTTCTGCAACCAAGTAGAG-1-0,TP53_CALR_het
ACGTCAACAATAGAAGAAGTAGAG-1-0,TP53_EZH2_CALR_mut
ACGTCAACACAATGGCAAGTAGAG-1-0,TP53_CALR_het
ACGTCAACACTAACTCAAGTAGAG-1-0,TP53_CALR_het
ACGTCAACATAACCAGAAGTAGAG-1-0,
ACGTCAACATCATAGGAAGTAGAG-1-0,TP53_CALR_het
ACGTGCAAGCAAACTAAAGTAGAG-1-0,ZRSR2_CALR_mut
ACGTGCAAGCATTACTAAGTAGAG-1-0,TP53_CALR_het
ACGTGCAAGCCATCACAAGTAGAG-1-0,
ACGTGCAAGCCTAGTCAAGTAGAG-1-0,
ACGTGCAAGCGCAAGCAAGTAGAG-1-0,
ACGTGCAAGGTTGTAAAAGTAGAG-1-0,TP53_CALR_het
ACGTGCAAGTCTAACTAAGTAGAG-1-0,TP53_CALR_het
ACGTTCGGTAACCGCCAAGTAGAG-1-0,
ACGTTCGGTAGTAACGAAGTAGAG-1-0,ZRSR2_CALR_mut
ACGTTCGGTATGTTGCAAGTAGAG-1-0,TP53_CALR_het
ACGTTCGGTCATGCATAAGTAGAG-1-0,
ACGTTCGGTGCACTATAAGTAGAG-1-0,
ACGTTCGGTGCATTACAAGTAGAG-1-0,ZRSR2_CALR_mut
ACGTTCGGTGGTTACTAAGTAGAG-1-0,TP53_EZH2_CALR_mut
ACGTTCGGTTAAGGATAAGTAGAG-1-0,TP53_CALR_het
ACGTTCGGTTAGCGCCAAGTAGAG-1-0,
ACGTTCGGTTGAGGACAAGTAGAG-1-0,
ACGTTCGGTTGGATAGAAGTAGAG-1-0,TP53_CALR_het
ACGTTCGGTTGTCATAAAGTAGAG-1-0,TP53_EZH2_CALR_mut
ACGTTCGGTTTGGGCCAAGTAGAG-1-0,
ACTAAACCAAAGTGCCAAGTAGAG-1-0,TP53_CALR_het
ACTAAACCAACCGTAAAAGTAGAG-1-0,
ACTAAACCAAGGCCATAAGTAGAG-1-0,TP53_CALR_het
ACTAAACCACCTATCGAAGTAGAG-1-0,TP53_CALR_het
ACTAAACCACTAGCGGAAGTAGAG-1-0,TP53_CALR_het
ACTAAACCAGCCATAAAAGTAGAG-1-0,
ACTAAACCAGCTAGCGAAGTAGAG-1-0,TP53_EZH2_CALR_mut
ACTAAACCATAACCAGAAGTAGAG-1-0,TP53_CALR_het
ACTAAACCATCGAACAAAGTAGAG-1-0,
ACTAAACCATGTGGCGAAGTAGAG-1-0,TP53_CALR_het
ACTAAGTCAAAGAACAAAGTAGAG-1-0,
ACTAAGTCAACTAGTGAAGTAGAG-1-0,
ACTAAGTCAACTTAGGAAGTAGAG-1-0,
ACTAAGTCAAGTGGCTAAGTAGAG-1-0,TP53_EZH2_CALR_mut
ACTAAGTCACAAGCGTAAGTAGAG-1-0,TP53_CALR_het
ACTAAGTCACATAAACAAGTAGAG-1-0,TP53_CALR_het
ACTAAGTCACCATCCAAAGTAGAG-1-0,
ACTAAGTCACGTAATGAAGTAGAG-1-0,
ACTAAGTCAGATTCGAAAGTAGAG-1-0,TP53_CALR_het
ACTAAGTCAGGGCTATAAGTAGAG-1-0,TP53_EZH2_CALR_mut
ACTAAGTCATGAGTCAAAGTAGAG-1-0,
ACTAAGTCATTTCGCGAAGTAGAG-1-0,
ACTAATGAGAATGGGAAAGTAGAG-1-0,TP53_CALR_het
ACTAATGAGACAACTAAAGTAGAG-1-0,TP53_CALR_het
ACTAATGAGCTCAACCAAGTAGAG-1-0,
ACTAATGAGCTGGGTAAAGTAGAG-1-0,TP53_CALR_het
ACTAATGAGGCACAATAAGTAGAG-1-0,TP53_CALR_het
ACTAATGAGGGTTGCAAAGTAGAG-1-0,
ACTAATGAGGTCGAGCAAGTAGAG-1-0,
ACTAATGAGGTTAGGTAAGTAGAG-1-0,TP53_CALR_het
ACTAATGAGTCGCGAAAAGTAGAG-1-0,ZRSR2_CALR_mut
ACTAATGAGTTTGAGAAAGTAGAG-1-0,
ACTACAAAGAGGAGTAAAGTAGAG-1-0,TP53_EZH2_CALR_mut
ACTACAAAGCACTACCAAGTAGAG-1-0,TP53_EZH2_CALR_mut
ACTACAAAGCATCTTGAAGTAGAG-1-0,TP53_EZH2_CALR_mut
ACTACAAAGGCAGGCTAAGTAGAG-1-0,TP53_EZH2_CALR_mut
ACTACAAAGGTCACAGAAGTAGAG-1-0,
ACTACAAAGTCATAAGAAGTAGAG-1-0,TP53_EZH2_CALR_mut
ACTACAAAGTGATGGTAAGTAGAG-1-0,TP53_EZH2_CALR_mut
ACTACTAGTCGAAGCGAAGTAGAG-1-0,TP53_EZH2_CALR_mut
ACTACTAGTTGGTTTAAAGTAGAG-1-0,
ACTAGGTAGATGAAGGAAGTAGAG-1-0,TP53_EZH2_CALR_mut
ACTAGGTAGCCACTCGAAGTAGAG-1-0,TP53_EZH2_CALR_mut
ACTAGGTAGCGAATACAAGTAGAG-1-0,TP53_CALR_het
ACTAGGTAGCGCTCCAAAGTAGAG-1-0,TP53_EZH2_CALR_mut
ACTAGGTAGGCTCCATAAGTAGAG-1-0,
ACTAGGTAGGGCAGTCAAGTAGAG-1-0,
ACTAGGTAGGTAACTAAAGTAGAG-1-0,
ACTAGGTAGGTGAGGGAAGTAGAG-1-0,TP53_CALR_het
ACTAGGTAGGTTTCGCAAGTAGAG-1-0,
ACTAGGTAGTCTTGCAAAGTAGAG-1-0,
ACTAGGTAGTGATCAAAAGTAGAG-1-0,
ACTAGGTAGTGTGAGTAAGTAGAG-1-0,
ACTAGTCGTAGCCATTAAGTAGAG-1-0,
ACTAGTCGTATTCGACAAGTAGAG-1-0,TP53_CALR_het
ACTAGTCGTCGAGGCAAAGTAGAG-1-0,
ACTAGTCGTGTCCAGCAAGTAGAG-1-0,ZRSR2_CALR_mut
ACTAGTCGTTGTTGGTAAGTAGAG-1-0,
ACTAGTGCAAATATGCAAGTAGAG-1-0,TP53_CALR_het
ACTAGTGCAACAAAGAAAGTAGAG-1-0,TP53_CALR_het
ACTAGTGCAACCGTAAAAGTAGAG-1-0,
ACTAGTGCACTGTCATAAGTAGAG-1-0,
ACTAGTGCATTGAACGAAGTAGAG-1-0,TP53_EZH2_CALR_mut
ACTAGTGCATTGAAGTAAGTAGAG-1-0,TP53_CALR_het
ACTAGTGCATTGCGCCAAGTAGAG-1-0,TP53_EZH2_CALR_mut
ACTAGTTTCAAACCGGAAGTAGAG-1-0,TP53_EZH2_CALR_mut
ACTAGTTTCAACATTCAAGTAGAG-1-0,
ACTAGTTTCAGTAAGCAAGTAGAG-1-0,
ACTAGTTTCGCAAATAAAGTAGAG-1-0,
ACTAGTTTCGCTCAACAAGTAGAG-1-0,TP53_CALR_het
ACTCAATTCAGTAAGCAAGTAGAG-1-0,TP53_EZH2_CALR_mut
ACTCAATTCCAATTACAAGTAGAG-1-0,TP53_EZH2_CALR_mut
ACTCAATTCCCAGTACAAGTAGAG-1-0,TP53_CALR_het
ACTCAATTCCTGTTCTAAGTAGAG-1-0,TP53_EZH2_CALR_mut
ACTCACTCAACTTAGGAAGTAGAG-1-0,
ACTCACTCAAGTAAGAAAGTAGAG-1-0,
ACTCACTCACCATCATAAGTAGAG-1-0,
ACTCACTCACGGTCGAAAGTAGAG-1-0,
ACTCACTCACTATCACAAGTAGAG-1-0,
ACTCACTCAGCACGTGAAGTAGAG-1-0,
ACTCACTCAGCTCATTAAGTAGAG-1-0,
ACTCACTCATCGGGCAAAGTAGAG-1-0,
ACTCACTCATGTGGCGAAGTAGAG-1-0,
ACTCACTCATTCGGTTAAGTAGAG-1-0,TP53_EZH2_CALR_mut
ACTCCCACAAACGGTCAAGTAGAG-1-0,
ACTCCCACACGTAGTAAAGTAGAG-1-0,TP53_CALR_het
ACTCCCACAGGGATGAAAGTAGAG-1-0,TP53_CALR_het
ACTCCCACATAGGCGTAAGTAGAG-1-0,TP53_EZH2_CALR_mut
ACTCGAACAATCAAGTAAGTAGAG-1-0,TP53_EZH2_CALR_mut
ACTCGAACAATGAATCAAGTAGAG-1-0,TP53_CALR_het
ACTCGAACATAGCGACAAGTAGAG-1-0,TP53_CALR_het
ACTCGAACATTTCATGAAGTAGAG-1-0,
ACTCGCCCAAACAAGAAAGTAGAG-1-0,TP53_CALR_het
ACTCGCCCAATAACCGAAGTAGAG-1-0,
ACTCGCCCACAAGCGTAAGTAGAG-1-0,TP53_EZH2_CALR_mut
ACTCGCCCACACTAAGAAGTAGAG-1-0,TP53_EZH2_CALR_mut
ACTCGCCCACGTAGGTAAGTAGAG-1-0,TP53_CALR_het
ACTCGCCCATGCGCAGAAGTAGAG-1-0,
ACTGAGGTCAGTTTACAAGTAGAG-1-0,
ACTGAGGTCCCAGTACAAGTAGAG-1-0,
ACTGAGGTCGCTTGACAAGTAGAG-1-0,
ACTGAGGTCGGTAAACAAGTAGAG-1-0,TP53_CALR_het
ACTGGCTTCACAAATGAAGTAGAG-1-0,
ACTGGCTTCACTGTCAAAGTAGAG-1-0,TP53_CALR_het
ACTGGCTTCAGCACAGAAGTAGAG-1-0,TP53_EZH2_CALR_mut
ACTGGCTTCGATGAACAAGTAGAG-1-0,
ACTGGCTTCGGGCAACAAGTAGAG-1-0,TP53_CALR_het
ACTGGCTTCTAGTTACAAGTAGAG-1-0,TP53_CALR_het
ACTGGGTCAACAAGTTAAGTAGAG-1-0,TP53_EZH2_CALR_mut
ACTGGGTCAAGTTGGCAAGTAGAG-1-0,
ACTGGGTCAATAAGGAAAGTAGAG-1-0,TP53_EZH2_CALR_mut
ACTGGGTCACATAGATAAGTAGAG-1-0,TP53_CALR_het
ACTGGGTCAGATTGCAAAGTAGAG-1-0,TP53_CALR_het
ACTGGGTCAGGACTACAAGTAGAG-1-0,TP53_CALR_het
ACTGGGTCATATGGTGAAGTAGAG-1-0,
ACTGGGTCATTTGGGAAAGTAGAG-1-0,
ACTTAGAAGCATCCCGAAGTAGAG-1-0,
ACTTAGAAGCTGATGGAAGTAGAG-1-0,
ACTTAGAAGGAAACTCAAGTAGAG-1-0,
ACTTAGAAGGATTATGAAGTAGAG-1-0,
ACTTAGAAGGCGCAGTAAGTAGAG-1-0,TP53_CALR_het
ACTTAGAAGGCGGATCAAGTAGAG-1-0,TP53_CALR_het
ACTTAGAAGGCTGTGAAAGTAGAG-1-0,
ACTTAGAAGGTAGTTAAAGTAGAG-1-0,
ACTTAGAAGTCAGGCAAAGTAGAG-1-0,TP53_EZH2_CALR_mut
ACTTAGCGTAAGCGTAAAGTAGAG-1-0,
ACTTAGCGTACCGTTGAAGTAGAG-1-0,
ACTTAGCGTAGCCACCAAGTAGAG-1-0,
ACTTAGCGTCTACCTCAAGTAGAG-1-0,
ACTTAGCGTGGTTCTGAAGTAGAG-1-0,TP53_CALR_het
ACTTAGCGTTAGACTCAAGTAGAG-1-0,ZRSR2_CALR_mut
ACTTAGGCACCACACCAAGTAGAG-1-0,
ACTTAGGCATAGGGTCAAGTAGAG-1-0,TP53_CALR_het
ACTTAGGCATTCCTTTAAGTAGAG-1-0,TP53_EZH2_CALR_mut
ACTTAGTTCCAAACGGAAGTAGAG-1-0,
ACTTAGTTCCTTTGAGAAGTAGAG-1-0,
ACTTAGTTCGGGCAACAAGTAGAG-1-0,
ACTTAGTTCTGTGATTAAGTAGAG-1-0,
ACTTATGGTACACCCAAAGTAGAG-1-0,ZRSR2_CALR_mut
ACTTATGGTACTTAGCAAGTAGAG-1-0,TP53_CALR_het
ACTTATGGTATGGTAGAAGTAGAG-1-0,TP53_CALR_het
ACTTATGGTGAACGACAAGTAGAG-1-0,TP53_CALR_het
ACTTATGGTTGCGGCTAAGTAGAG-1-0,
ACTTATGGTTTGTTGAAAGTAGAG-1-0,
ACTTCAAGTAATGGATAAGTAGAG-1-0,
ACTTCAAGTCCTTATTAAGTAGAG-1-0,
ACTTCAAGTGATCCTGAAGTAGAG-1-0,TP53_EZH2_CALR_het
ACTTCAAGTGCATTACAAGTAGAG-1-0,
ACTTCAAGTTGCACGCAAGTAGAG-1-0,TP53_CALR_het
ACTTCCCGTACCTTAAAAGTAGAG-1-0,
ACTTCCCGTGATCCTGAAGTAGAG-1-0,TP53_CALR_het
ACTTCCCGTGCGGAATAAGTAGAG-1-0,TP53_EZH2_CALR_mut
ACTTCCCGTTTCACCCAAGTAGAG-1-0,
ACTTCCTTCACAGCCTAAGTAGAG-1-0,
ACTTCCTTCACGTTATAAGTAGAG-1-0,TP53_EZH2_CALR_mut
ACTTCCTTCAGCGATGAAGTAGAG-1-0,
ACTTCCTTCAGTAGGTAAGTAGAG-1-0,
ACTTCCTTCCATAGAAAAGTAGAG-1-0,ZRSR2_CALR_mut
ACTTCCTTCCGAAAGTAAGTAGAG-1-0,
ACTTCCTTCCTAAAGAAAGTAGAG-1-0,TP53_EZH2_CALR_mut
ACTTCGTCAACTAAACAAGTAGAG-1-0,TP53_CALR_het
ACTTCGTCAATGAAGAAAGTAGAG-1-0,
ACTTCGTCAGCCTTCAAAGTAGAG-1-0,TP53_EZH2_CALR_mut
ACTTCGTCAGTTATGGAAGTAGAG-1-0,
ACTTCGTCATCTATCAAAGTAGAG-1-0,
ACTTCGTCATTGACTCAAGTAGAG-1-0,
ACTTGAAAGAAGCAAGAAGTAGAG-1-0,
ACTTGAAAGCAGGTCAAAGTAGAG-1-0,ZRSR2_CALR_mut
ACTTGAAAGCGAGCTAAAGTAGAG-1-0,
ACTTGAAAGGAACTTAAAGTAGAG-1-0,TP53_CALR_het
ACTTGAAAGGACAAAGAAGTAGAG-1-0,TP53_CALR_het
ACTTGAAAGGCAAGCCAAGTAGAG-1-0,
ACTTGAAAGGCACTAGAAGTAGAG-1-0,
ACTTGAAAGGTTCCGTAAGTAGAG-1-0,
ACTTGAAAGTAACGTAAAGTAGAG-1-0,TP53_CALR_het
ACTTGAAAGTAAGCTAAAGTAGAG-1-0,
ACTTGAAAGTGTGAGTAAGTAGAG-1-0,TP53_EZH2_CALR_mut
ACTTGCATCAATGTGAAAGTAGAG-1-0,TP53_CALR_het
ACTTGCATCAGCACAGAAGTAGAG-1-0,
ACTTGCATCGACCCATAAGTAGAG-1-0,
ACTTGCATCGATATAGAAGTAGAG-1-0,TP53_EZH2_CALR_mut
ACTTGCATCGCGTTACAAGTAGAG-1-0,TP53_CALR_het
ACTTGCATCGCTCAACAAGTAGAG-1-0,
ACTTGCATCGTAACTTAAGTAGAG-1-0,TP53_EZH2_CALR_mut
ACTTGCATCTAATCGTAAGTAGAG-1-0,
ACTTGCATCTATTGCGAAGTAGAG-1-0,
ACTTGCATCTGGAAACAAGTAGAG-1-0,TP53_CALR_het
ACTTGCGGTAATGTCCAAGTAGAG-1-0,TP53_CALR_het
ACTTGCGGTATTGTCAAAGTAGAG-1-0,
ACTTGCGGTTAATCCAAAGTAGAG-1-0,TP53_EZH2_CALR_mut
ACTTGCGGTTCTCAAAAAGTAGAG-1-0,
ACTTGCTCAATCATCCAAGTAGAG-1-0,ZRSR2_CALR_mut
ACTTGCTCACAATCGAAAGTAGAG-1-0,
ACTTGCTCACATAGATAAGTAGAG-1-0,
ACTTGCTCACGTAATGAAGTAGAG-1-0,
ACTTGCTCATCATAGGAAGTAGAG-1-0,
AGAAACCTCACAAAGCAAGTAGAG-1-0,
AGAAACCTCAGTTAGAAAGTAGAG-1-0,
AGAAACCTCCCGTTGGAAGTAGAG-1-0,
AGAAACCTCCGCAACTAAGTAGAG-1-0,TP53_EZH2_CALR_mut
AGAAACCTCCGGCTCAAAGTAGAG-1-0,
AGAAACCTCCTAAGGGAAGTAGAG-1-0,ZRSR2_CALR_mut
AGAAACCTCGACTCACAAGTAGAG-1-0,
AGAAACCTCGAGGTTGAAGTAGAG-1-0,
AGAAACCTCTAAATCCAAGTAGAG-1-0,TP53_EZH2_CALR_mut
AGAAAGGTCAAGTTTCAAGTAGAG-1-0,
AGAAAGGTCACAACAAAAGTAGAG-1-0,TP53_CALR_het
AGAAAGGTCAGCACAGAAGTAGAG-1-0,TP53_EZH2_CALR_mut
AGAAAGGTCAGTAAGCAAGTAGAG-1-0,
AGAAAGGTCCCTTTGTAAGTAGAG-1-0,
AGAAAGGTCCTCCCACAAGTAGAG-1-0,
AGAAAGGTCTAGTTACAAGTAGAG-1-0,TP53_EZH2_CALR_mut
AGAAATGCAACCGTGGAAGTAGAG-1-0,TP53_CALR_het
AGAAATGCAAGTGGCTAAGTAGAG-1-0,
AGAAATGCACCTTCTCAAGTAGAG-1-0,
AGAAATGCAGCACGTGAAGTAGAG-1-0,
AGAAATGCAGGCCTCTAAGTAGAG-1-0,TP53_CALR_het
AGAAATGCATCATGTCAAGTAGAG-1-0,TP53_EZH2_CALR_mut
AGAACAACAAGCGATCAAGTAGAG-1-0,
AGAACAACACGGATACAAGTAGAG-1-0,TP53_CALR_het
AGAACAACACTAGCGGAAGTAGAG-1-0,
AGAACAACAGATAACTAAGTAGAG-1-0,TP53_EZH2_CALR_mut
AGAAGCAAGAGGTTCGAAGTAGAG-1-0,TP53_EZH2_CALR_mut
AGAAGCAAGATAACCAAAGTAGAG-1-0,
AGAAGCAAGCGAGGGAAAGTAGAG-1-0,
AGAAGCAAGCTCGATCAAGTAGAG-1-0,
AGAAGCAAGGCTTTATAAGTAGAG-1-0,
AGAAGCAAGGTTCCGTAAGTAGAG-1-0,TP53_CALR_het
AGAAGGTCAATTAGGTAAGTAGAG-1-0,TP53_CALR_het
AGAAGGTCACAATGGCAAGTAGAG-1-0,ZRSR2_CALR_mut
AGAAGGTCACCTCGACAAGTAGAG-1-0,
AGAAGGTCACGGTAACAAGTAGAG-1-0,
AGAAGGTCAGGTATATAAGTAGAG-1-0,
AGAAGGTCAGTTAAACAAGTAGAG-1-0,
AGAAGGTCATAGCCTTAAGTAGAG-1-0,
AGAAGGTCATTACACCAAGTAGAG-1-0,TP53_EZH2_CALR_mut
AGACAAACAACAAGCCAAGTAGAG-1-0,TP53_EZH2_CALR_mut
AGACAAACAAGGTGTCAAGTAGAG-1-0,TP53_CALR_het
AGACAAACACTAACGAAAGTAGAG-1-0,
AGACAAACATGGCGCAAAGTAGAG-1-0,TP53_EZH2_CALR_mut
AGACAAACATTTCGACAAGTAGAG-1-0,
AGACACTAGATGGATCAAGTAGAG-1-0,TP53_EZH2_CALR_mut
AGACACTAGGATCCAGAAGTAGAG-1-0,
AGACACTAGGTTGGGCAAGTAGAG-1-0,
AGACACTAGTTACAGAAAGTAGAG-1-0,
AGACCCGCAAACAAGAAAGTAGAG-1-0,TP53_CALR_het
AGACCCGCAAACTTGGAAGTAGAG-1-0,
AGACCCGCAAAGAACAAAGTAGAG-1-0,TP53_CALR_het
AGACCCGCAATTCGGAAAGTAGAG-1-0,
AGACCCGCAATTGAACAAGTAGAG-1-0,ZRSR2_CALR_mut
AGACCCGCACAAGCGTAAGTAGAG-1-0,
AGACCCGCACCTAAAGAAGTAGAG-1-0,TP53_CALR_het
AGACCCGCAGTAATACAAGTAGAG-1-0,ZRSR2_CALR_mut
AGACCCGCATCACGAAAAGTAGAG-1-0,
AGACTAATCATTGTACAAGTAGAG-1-0,
AGACTAATCCCAAATTAAGTAGAG-1-0,
AGACTAATCCTTAGATAAGTAGAG-1-0,
AGACTAATCGCGTTACAAGTAGAG-1-0,
AGACTAATCTAATGGAAAGTAGAG-1-0,
AGACTAATCTGGAAACAAGTAGAG-1-0,TP53_CALR_het
AGACTAGGTAAGAATCAAGTAGAG-1-0,
AGACTAGGTAAGGCTAAAGTAGAG-1-0,
AGACTAGGTAATGCCTAAGTAGAG-1-0,
AGACTAGGTACTTCAAAAGTAGAG-1-0,TP53_CALR_het
AGACTAGGTATGGTAGAAGTAGAG-1-0,
AGACTAGGTCAAGCTTAAGTAGAG-1-0,
AGACTAGGTCGTAAAGAAGTAGAG-1-0,ZRSR2_CALR_mut
AGACTAGGTGCAGCTCAAGTAGAG-1-0,
AGACTAGGTGCATCGCAAGTAGAG-1-0,
AGACTAGGTTAATGCCAAGTAGAG-1-0,
AGACTAGGTTCTGGCAAAGTAGAG-1-0,TP53_CALR_het
AGACTAGGTTGCATCGAAGTAGAG-1-0,TP53_EZH2_CALR_mut
AGACTAGGTTTGTCAAAAGTAGAG-1-0,
AGACTCACAACAGCACAAGTAGAG-1-0,
AGACTCACAACCTCGCAAGTAGAG-1-0,
AGACTCACAATCCACTAAGTAGAG-1-0,TP53_CALR_het
AGACTCACACAGCCAGAAGTAGAG-1-0,
AGACTCACACATAAACAAGTAGAG-1-0,
AGACTCACACCTAAAGAAGTAGAG-1-0,
AGACTCACACTAAGGCAAGTAGAG-1-0,
AGACTCACAGCTCATTAAGTAGAG-1-0,TP53_EZH2_CALR_mut
AGACTCACAGGCGAAAAAGTAGAG-1-0,
AGACTCACATCACGCCAAGTAGAG-1-0,
AGACTCACATGCGCCTAAGTAGAG-1-0,TP53_EZH2_CALR_mut
AGACTCACATGGATTGAAGTAGAG-1-0,TP53_EZH2_CALR_mut
AGACTCACATTTGGCTAAGTAGAG-1-0,TP53_EZH2_CALR_mut
AGACTCCTCACAAAGCAAGTAGAG-1-0,
AGACTCCTCCAAAGACAAGTAGAG-1-0,
AGACTCCTCCTAAAGAAAGTAGAG-1-0,TP53_CALR_het
AGACTCCTCGAACCGAAAGTAGAG-1-0,TP53_CALR_het
AGACTCCTCTTTGGTGAAGTAGAG-1-0,TP53_CALR_het
AGACTGAGTACGTTACAAGTAGAG-1-0,
AGACTGAGTAGCTTGTAAGTAGAG-1-0,
AGACTGAGTTGAGGACAAGTAGAG-1-0,
AGACTGAGTTGGTTTAAAGTAGAG-1-0,TP53_EZH2_CALR_mut
AGACTGAGTTGTTGGTAAGTAGAG-1-0,
AGACTGAGTTGTTTGAAAGTAGAG-1-0,
AGAGAGCAGCAAACCGAAGTAGAG-1-0,ZRSR2_CALR_mut
AGAGAGCAGCAACATAAAGTAGAG-1-0,TP53_CALR_het
AGAGAGCAGCCTATATAAGTAGAG-1-0,TP53_EZH2_CALR_mut
AGAGAGCAGCGAGCTAAAGTAGAG-1-0,TP53_CALR_het
AGAGAGCAGCTCATTGAAGTAGAG-1-0,TP53_EZH2_CALR_mut
AGAGAGCAGGGAGGATAAGTAGAG-1-0,TP53_CALR_het
AGAGAGCAGGGTCTAGAAGTAGAG-1-0,
AGAGAGCAGGTAACTAAAGTAGAG-1-0,
AGAGAGCAGTACCAGGAAGTAGAG-1-0,
AGAGAGCAGTTTCCAGAAGTAGAG-1-0,
AGAGGAATCAGTAGGTAAGTAGAG-1-0,
AGAGGAATCTTACTCCAAGTAGAG-1-0,
AGAGGAATCTTCGCTTAAGTAGAG-1-0,
AGAGGAGGTGAACGTAAAGTAGAG-1-0,TP53_EZH2_CALR_mut
AGAGGAGGTGGTTACTAAGTAGAG-1-0,
AGAGGAGGTGTTAGTCAAGTAGAG-1-0,
AGAGGAGGTGTTGCTGAAGTAGAG-1-0,
AGAGGAGGTTGTCCAGAAGTAGAG-1-0,TP53_EZH2_CALR_mut
AGAGGTTTCAACCTATAAGTAGAG-1-0,TP53_EZH2_CALR_mut
AGAGGTTTCAAGGTACAAGTAGAG-1-0,
AGAGGTTTCAGCCTTAAAGTAGAG-1-0,
AGAGGTTTCCCAGTACAAGTAGAG-1-0,
AGAGGTTTCCTTATGGAAGTAGAG-1-0,
AGAGGTTTCGTCAACCAAGTAGAG-1-0,TP53_CALR_het
AGAGGTTTCTAATTGCAAGTAGAG-1-0,
AGATAACGTACGAACAAAGTAGAG-1-0,TP53_EZH2_CALR_mut
AGATAACGTATAGCGAAAGTAGAG-1-0,TP53_CALR_het
AGATAACGTATTTACGAAGTAGAG-1-0,
AGATAACGTCAACATCAAGTAGAG-1-0,TP53_EZH2_CALR_mut
AGATAACGTCCACAATAAGTAGAG-1-0,TP53_CALR_het
AGATAACGTCCCTCATAAGTAGAG-1-0,TP53_EZH2_CALR_mut
AGATAACGTGTCCTTCAAGTAGAG-1-0,TP53_EZH2_CALR_mut
AGATAACGTTCATTAGAAGTAGAG-1-0,
AGATAACGTTGAGCTTAAGTAGAG-1-0,
AGATAACGTTTCACCCAAGTAGAG-1-0,ZRSR2_CALR_mut
AGATGCCCAAACGGGAAAGTAGAG-1-0,
AGATGCCCAATGGCCGAAGTAGAG-1-0,TP53_EZH2_CALR_het
AGATGCCCACAACAATAAGTAGAG-1-0,
AGATGCCCACCTATCGAAGTAGAG-1-0,TP53_CALR_het
AGATGCCCACCTTTGGAAGTAGAG-1-0,TP53_CALR_het
AGATGCCCAGGCTAACAAGTAGAG-1-0,TP53_EZH2_CALR_mut
AGATGCCCAGTTATCCAAGTAGAG-1-0,TP53_EZH2_CALR_mut
AGATGCCCATCCTTGGAAGTAGAG-1-0,TP53_CALR_het
AGATGCCCATGCGCCTAAGTAGAG-1-0,TP53_EZH2_CALR_mut
AGATGCCCATTGCCCAAAGTAGAG-1-0,TP53_CALR_het
AGATTAGTCAGCTACCAAGTAGAG-1-0,TP53_EZH2_CALR_mut
AGATTAGTCCCGTTCCAAGTAGAG-1-0,TP53_EZH2_CALR_mut
AGATTAGTCTGCCATAAAGTAGAG-1-0,
AGATTCAAGGCTTAGGAAGTAGAG-1-0,
AGATTCAAGGTCTTGCAAGTAGAG-1-0,TP53_EZH2_CALR_mut
AGATTCAAGGTTCATTAAGTAGAG-1-0,TP53_CALR_het
AGATTGATCAGGGCACAAGTAGAG-1-0,
AGATTGATCAGTCTATAAGTAGAG-1-0,TP53_CALR_het
AGATTGATCATCGATTAAGTAGAG-1-0,TP53_CALR_het
AGATTGATCCCAGACTAAGTAGAG-1-0,TP53_CALR_het
AGATTGATCCCATAATAAGTAGAG-1-0,
AGATTGATCGAGGCGTAAGTAGAG-1-0,TP53_EZH2_CALR_mut
AGATTGATCTATGGCCAAGTAGAG-1-0,
AGATTGATCTATTGACAAGTAGAG-1-0,TP53_EZH2_CALR_mut
AGATTGATCTCAGCTAAAGTAGAG-1-0,
AGATTGATCTGGCCATAAGTAGAG-1-0,TP53_CALR_het
AGATTGATCTTAATGCAAGTAGAG-1-0,TP53_CALR_het
AGCAGCCAGACAACACAAGTAGAG-1-0,
AGCAGCCAGACAACTAAAGTAGAG-1-0,ZRSR2_CALR_mut
AGCAGCCAGCGAGTTGAAGTAGAG-1-0,TP53_CALR_het
AGCAGCCAGCTCGACTAAGTAGAG-1-0,TP53_EZH2_CALR_mut
AGCAGCCAGCTGGGTAAAGTAGAG-1-0,
AGCAGCCAGGCGGATCAAGTAGAG-1-0,
AGCAGCCAGTCATGAAAAGTAGAG-1-0,
AGCAGCCAGTTACACTAAGTAGAG-1-0,
AGCAGCCAGTTAGGGTAAGTAGAG-1-0,ZRSR2_CALR_mut
AGCAGGCTCAAGGGCCAAGTAGAG-1-0,
AGCAGGCTCATTGAAGAAGTAGAG-1-0,TP53_EZH2_CALR_mut
AGCAGGCTCCATCCAAAAGTAGAG-1-0,
AGCAGGCTCCTTAGGCAAGTAGAG-1-0,
AGCATCCTCAAACCAAAAGTAGAG-1-0,TP53_EZH2_CALR_mut
AGCATCCTCCAAAGGTAAGTAGAG-1-0,TP53_EZH2_CALR_mut
AGCATCCTCCCGTTCCAAGTAGAG-1-0,
AGCATCCTCCTTGAGCAAGTAGAG-1-0,
AGCATCCTCGCTATATAAGTAGAG-1-0,
AGCATCCTCGTGATTTAAGTAGAG-1-0,TP53_CALR_het
AGCATGGTCAAGGTACAAGTAGAG-1-0,TP53_CALR_het
AGCATGGTCAATACAGAAGTAGAG-1-0,TP53_CALR_het
AGCATGGTCACAGGGCAAGTAGAG-1-0,TP53_CALR_het
AGCATGGTCCAAAGACAAGTAGAG-1-0,ZRSR2_CALR_mut
AGCATTAAGACAAGCTAAGTAGAG-1-0,
AGCATTAAGAGAGCAAAAGTAGAG-1-0,
AGCATTAAGCAGCCAAAAGTAGAG-1-0,
AGCATTAAGGCACAATAAGTAGAG-1-0,
AGCATTAAGTAAACCAAAGTAGAG-1-0,TP53_EZH2_CALR_mut
AGCATTAAGTACGGGCAAGTAGAG-1-0,TP53_EZH2_CALR_mut
AGCCAATAGAAGGTCTAAGTAGAG-1-0,ZRSR2_CALR_mut
AGCCAATAGCAAACCGAAGTAGAG-1-0,
AGCCAATAGGAACCATAAGTAGAG-1-0,TP53_CALR_het
AGCCAATAGGGTGGGAAAGTAGAG-1-0,TP53_CALR_het
AGCCAATAGTCAACTTAAGTAGAG-1-0,TP53_CALR_het
AGCCATTGTAATGCGAAAGTAGAG-1-0,TP53_CALR_het
AGCCATTGTGATCCTGAAGTAGAG-1-0,
AGCCATTGTGCCCGATAAGTAGAG-1-0,
AGCCATTGTGGCCCATAAGTAGAG-1-0,TP53_CALR_het
AGCCCTGTCAAAGGCTAAGTAGAG-1-0,
AGCCCTGTCAATGGGTAAGTAGAG-1-0,TP53_CALR_het
AGCCCTGTCACAAACAAAGTAGAG-1-0,TP53_EZH2_CALR_mut
AGCCCTGTCACGGACAAAGTAGAG-1-0,
AGCCCTGTCCTGCCAGAAGTAGAG-1-0,TP53_EZH2_CALR_mut
AGCCCTGTCTAGCCTAAAGTAGAG-1-0,ZRSR2_CALR_mut
AGCCCTGTCTATTGGTAAGTAGAG-1-0,TP53_CALR_het
AGCCCTGTCTGCCATAAAGTAGAG-1-0,TP53_CALR_het
AGCCCTGTCTTGAGGGAAGTAGAG-1-0,
AGCCCTTAGAAGTACCAAGTAGAG-1-0,TP53_CALR_het
AGCCCTTAGATTCATCAAGTAGAG-1-0,TP53_CALR_het
AGCCCTTAGGCCATTCAAGTAGAG-1-0,ZRSR2_CALR_mut
AGCCCTTAGGGATGAAAAGTAGAG-1-0,
AGCCCTTAGTTGCAAAAAGTAGAG-1-0,
AGCCTAGAGAGGCGAGAAGTAGAG-1-0,
AGCCTAGAGCTGATGGAAGTAGAG-1-0,TP53_CALR_het
AGCCTAGAGGTCAAGTAAGTAGAG-1-0,
AGCCTAGAGTCGCGAAAAGTAGAG-1-0,
AGCCTAGAGTTATGGAAAGTAGAG-1-0,TP53_CALR_het
AGCCTCTAGCCAGAGCAAGTAGAG-1-0,
AGCCTCTAGCGAAGAAAAGTAGAG-1-0,TP53_EZH2_CALR_mut
AGCCTCTAGCTCGATCAAGTAGAG-1-0,
AGCCTCTAGGACTTGGAAGTAGAG-1-0,
AGCCTCTAGGCCCATTAAGTAGAG-1-0,
AGCCTCTAGGCCTCTGAAGTAGAG-1-0,
AGCCTCTAGGTCAATAAAGTAGAG-1-0,TP53_CALR_het
AGCCTCTAGGTTAGCGAAGTAGAG-1-0,TP53_CALR_het
AGCCTCTAGTATGGTAAAGTAGAG-1-0,TP53_CALR_het
AGCCTCTAGTCTGTGCAAGTAGAG-1-0,TP53_CALR_het
AGCCTGTTCAGCACAGAAGTAGAG-1-0,
AGCCTGTTCCCGTTGGAAGTAGAG-1-0,
AGCCTGTTCTAACCATAAGTAGAG-1-0,ZRSR2_CALR_mut
AGCCTTCAGCAGGTCAAAGTAGAG-1-0,ZRSR2_CALR_mut
AGCCTTCAGCGAGTTGAAGTAGAG-1-0,TP53_EZH2_CALR_mut
AGCCTTCAGGGTTACGAAGTAGAG-1-0,TP53_EZH2_CALR_mut
AGCCTTCAGGTCAAACAAGTAGAG-1-0,TP53_CALR_het
AGCCTTCAGTTTCAGTAAGTAGAG-1-0,TP53_CALR_het
AGCCTTTCAAACGGGAAAGTAGAG-1-0,
AGCCTTTCAATACTGGAAGTAGAG-1-0,
AGCCTTTCATATGGTGAAGTAGAG-1-0,
AGCCTTTCATCAAGTGAAGTAGAG-1-0,ZRSR2_CALR_mut
AGCCTTTCATGAGTCAAAGTAGAG-1-0,TP53_CALR_het
AGCCTTTCATGCGCCTAAGTAGAG-1-0,
AGCCTTTCATTCAACCAAGTAGAG-1-0,
AGCCTTTCATTTCTTCAAGTAGAG-1-0,TP53_CALR_het
AGCGAACGTGAGAAGGAAGTAGAG-1-0,ZRSR2_CALR_mut
AGCGAACGTGATTACCAAGTAGAG-1-0,
AGCGAACGTGGTTCTGAAGTAGAG-1-0,
AGCGAAGCAATGTTCCAAGTAGAG-1-0,
AGCGAAGCAATTCGGAAAGTAGAG-1-0,
AGCGAAGCACAGCAACAAGTAGAG-1-0,
AGCGAAGCACATAAGTAAGTAGAG-1-0,TP53_EZH2_CALR_mut
AGCGAAGCAGGTTTCTAAGTAGAG-1-0,
AGCGAAGCATATAGGTAAGTAGAG-1-0,
AGCGAAGCATGAGTCAAAGTAGAG-1-0,
AGCGAAGCATGGCGCAAAGTAGAG-1-0,TP53_CALR_het
AGCGAAGCATTTCGCGAAGTAGAG-1-0,TP53_EZH2_CALR_mut
AGCGACTCAACAGATTAAGTAGAG-1-0,
AGCGACTCAACTAGTGAAGTAGAG-1-0,
AGCGACTCAACTTGTCAAGTAGAG-1-0,
AGCGACTCACTTTACAAAGTAGAG-1-0,
AGCGACTCAGAGGCTTAAGTAGAG-1-0,TP53_CALR_het
AGCGACTCAGCACGTGAAGTAGAG-1-0,TP53_EZH2_CALR_mut
AGCGACTCATACCTTAAAGTAGAG-1-0,ZRSR2_CALR_mut
AGCGACTCATCCTTGGAAGTAGAG-1-0,
AGCGATCCAACAGAGGAAGTAGAG-1-0,TP53_CALR_het
AGCGATCCAAGCTCAAAAGTAGAG-1-0,TP53_CALR_het
AGCGATCCAATATGGTAAGTAGAG-1-0,TP53_EZH2_CALR_mut
AGCGATCCACAGGCTGAAGTAGAG-1-0,
AGCGATCCACGGTAACAAGTAGAG-1-0,TP53_CALR_het
AGCGATCCATCTATCAAAGTAGAG-1-0,ZRSR2_CALR_mut
AGCGATCCATGCGCCTAAGTAGAG-1-0,TP53_EZH2_CALR_mut
AGCGATCCATTGAGATAAGTAGAG-1-0,
AGCGATCCATTGCGCCAAGTAGAG-1-0,TP53_EZH2_CALR_mut
AGCGATCCATTTGTTGAAGTAGAG-1-0,
AGCGCGAGTACGGTTTAAGTAGAG-1-0,
AGCGCGAGTAGCTATCAAGTAGAG-1-0,TP53_CALR_het
AGCGCGAGTATGTGAGAAGTAGAG-1-0,
AGCGCGAGTCCAGCACAAGTAGAG-1-0,
AGCGCGAGTCCTTAGGAAGTAGAG-1-0,
AGCGCGAGTCCTTCGTAAGTAGAG-1-0,TP53_EZH2_CALR_mut
AGCGCGAGTCTGTGATAAGTAGAG-1-0,
AGCGCGAGTGGTGCAGAAGTAGAG-1-0,TP53_CALR_het
AGCGCGAGTGTGTCGCAAGTAGAG-1-0,TP53_CALR_het
AGCGCGAGTTTATCGAAAGTAGAG-1-0,TP53_CALR_het
AGCGCTAAGACAACTAAAGTAGAG-1-0,
AGCGCTAAGCAACTTTAAGTAGAG-1-0,
AGCGCTAAGCCATTTGAAGTAGAG-1-0,
AGCGCTAAGCGAAGAAAAGTAGAG-1-0,TP53_CALR_het
AGCGCTAAGCGATAACAAGTAGAG-1-0,TP53_CALR_het
AGCGCTAAGGCCTCTGAAGTAGAG-1-0,
AGCGCTAAGGTCACAGAAGTAGAG-1-0,
AGCGCTAAGTTAACAGAAGTAGAG-1-0,TP53_CALR_het
AGCGCTAAGTTTGCTGAAGTAGAG-1-0,
AGCGGCTAGAAGTACCAAGTAGAG-1-0,
AGCGGCTAGCACGTTCAAGTAGAG-1-0,TP53_CALR_het
AGCGGCTAGGAAACCTAAGTAGAG-1-0,TP53_EZH2_CALR_mut
AGCGGCTAGGAACTTAAAGTAGAG-1-0,
AGCGGCTAGGAAGCAAAAGTAGAG-1-0,TP53_CALR_het
AGCGGCTAGGCAAGTTAAGTAGAG-1-0,
AGCGGCTAGGTATAGCAAGTAGAG-1-0,TP53_CALR_het
AGCGGCTAGTCAATGAAAGTAGAG-1-0,TP53_EZH2_CALR_mut
AGCGGCTAGTCCTGCGAAGTAGAG-1-0,
AGCGGCTAGTTGACGGAAGTAGAG-1-0,TP53_EZH2_CALR_mut
AGCGTTTGTAATGCGAAAGTAGAG-1-0,TP53_CALR_het
AGCGTTTGTACGTCCAAAGTAGAG-1-0,TP53_CALR_het
AGCGTTTGTAGCGGATAAGTAGAG-1-0,
AGCGTTTGTGCCCGATAAGTAGAG-1-0,
AGCGTTTGTTACTTCTAAGTAGAG-1-0,TP53_EZH2_CALR_mut
AGCGTTTGTTCTCAAAAAGTAGAG-1-0,
AGCGTTTGTTGGATGAAAGTAGAG-1-0,ZRSR2_CALR_mut
AGCGTTTGTTGGCCACAAGTAGAG-1-0,ZRSR2_CALR_mut
AGCTAAATCAGCGAATAAGTAGAG-1-0,TP53_CALR_het
AGCTAAATCAGGAGCCAAGTAGAG-1-0,
AGCTAAATCATAATCCAAGTAGAG-1-0,ZRSR2_CALR_mut
AGCTAAATCATGACCCAAGTAGAG-1-0,TP53_CALR_het
AGCTAAATCCTTTCGTAAGTAGAG-1-0,
AGCTAAATCGTTATGTAAGTAGAG-1-0,
AGCTAAATCTAATCGTAAGTAGAG-1-0,ZRSR2_CALR_mut
AGCTAAATCTCGCCTCAAGTAGAG-1-0,
AGCTAATCAAAGCCTAAAGTAGAG-1-0,TP53_CALR_het
AGCTAATCAAGGTGTCAAGTAGAG-1-0,
AGCTAATCACAACATGAAGTAGAG-1-0,
AGCTAATCACCTAACTAAGTAGAG-1-0,TP53_EZH2_CALR_mut
AGCTAATCACCTCGACAAGTAGAG-1-0,TP53_CALR_het
AGCTAATCAGCTAGCGAAGTAGAG-1-0,
AGCTAATCAGCTTAAGAAGTAGAG-1-0,
AGCTAATCAGGAGCAAAAGTAGAG-1-0,TP53_CALR_het
AGCTAATCAGGGCTATAAGTAGAG-1-0,TP53_CALR_het
AGCTACCTCACATTACAAGTAGAG-1-0,ZRSR2_CALR_mut
AGCTACCTCACCTTTCAAGTAGAG-1-0,
AGCTACCTCATTTGCGAAGTAGAG-1-0,
AGCTACCTCCATTAACAAGTAGAG-1-0,TP53_CALR_het
AGCTACCTCCCTGGATAAGTAGAG-1-0,TP53_CALR_het
AGCTACCTCCGGATAGAAGTAGAG-1-0,
AGCTACCTCCTGTTCTAAGTAGAG-1-0,TP53_CALR_het
AGCTACCTCGATATAGAAGTAGAG-1-0,TP53_EZH2_CALR_mut
AGCTACCTCGCCTCTCAAGTAGAG-1-0,
AGCTACCTCGGTAACGAAGTAGAG-1-0,
AGCTACCTCTATTGGTAAGTAGAG-1-0,
AGCTATGCAAGCTTTCAAGTAGAG-1-0,
AGCTATGCACATGAATAAGTAGAG-1-0,
AGCTATGCACCTACTGAAGTAGAG-1-0,TP53_EZH2_CALR_mut
AGCTATGCACTAAGGCAAGTAGAG-1-0,TP53_EZH2_CALR_mut
AGCTATGCACTTCGATAAGTAGAG-1-0,TP53_EZH2_CALR_mut
AGCTATGCATAAGCCAAAGTAGAG-1-0,
AGCTATGCATGGCCGAAAGTAGAG-1-0,
AGCTCAACAAAGACCCAAGTAGAG-1-0,
AGCTCAACAAGCTAATAAGTAGAG-1-0,TP53_CALR_het
AGCTCAACACTAGTAGAAGTAGAG-1-0,TP53_CALR_het
AGCTCAACAGGTATATAAGTAGAG-1-0,
AGCTCAACATATTTCGAAGTAGAG-1-0,TP53_CALR_het
AGCTCAACATCCAAGAAAGTAGAG-1-0,ZRSR2_CALR_mut
AGCTGCAAGACTCCTAAAGTAGAG-1-0,TP53_CALR_het
AGCTGCAAGCAAATCAAAGTAGAG-1-0,
AGCTGCAAGGGCGGTTAAGTAGAG-1-0,ZRSR2_CALR_mut
AGCTGCAAGTTGCGGAAAGTAGAG-1-0,
AGCTGGATCAACTGGGAAGTAGAG-1-0,
AGCTGGATCACATTACAAGTAGAG-1-0,TP53_EZH2_CALR_mut
AGCTGGATCACTATGTAAGTAGAG-1-0,
AGCTGGATCAGGTAACAAGTAGAG-1-0,ZRSR2_CALR_mut
AGCTGGATCCAAAGGTAAGTAGAG-1-0,
AGCTGGATCCATGATTAAGTAGAG-1-0,
AGCTGGATCCTGGATCAAGTAGAG-1-0,
AGCTGGATCGCCTCTCAAGTAGAG-1-0,TP53_CALR_het
AGCTGGCAGACGCATGAAGTAGAG-1-0,
AGCTGGCAGAGCCGGTAAGTAGAG-1-0,
AGCTGGCAGGCTACTCAAGTAGAG-1-0,
AGCTGGCAGTTGGCCTAAGTAGAG-1-0,ZRSR2_CALR_mut
AGCTGGCAGTTTCGCAAAGTAGAG-1-0,TP53_CALR_het
AGCTTCCAGATTGAGCAAGTAGAG-1-0,
AGCTTCCAGCAATTGAAAGTAGAG-1-0,
AGCTTCCAGCTTAAAGAAGTAGAG-1-0,TP53_EZH2_CALR_mut
AGCTTCCAGGAAGCAAAAGTAGAG-1-0,
AGCTTCCAGGGATTTAAAGTAGAG-1-0,ZRSR2_CALR_mut
AGCTTCCAGTGCCCTGAAGTAGAG-1-0,
AGCTTCCAGTTTGACTAAGTAGAG-1-0,TP53_EZH2_CALR_mut
AGCTTCTCATGTGGCGAAGTAGAG-1-0,TP53_CALR_het
AGCTTGTGTAATGCCTAAGTAGAG-1-0,
AGCTTGTGTATGGTCTAAGTAGAG-1-0,TP53_EZH2_CALR_mut
AGCTTGTGTATGTTGCAAGTAGAG-1-0,TP53_CALR_het
AGCTTGTGTATGTTTGAAGTAGAG-1-0,
AGCTTGTGTCCATCCTAAGTAGAG-1-0,TP53_CALR_het
AGCTTGTGTTGGGCGAAAGTAGAG-1-0,
AGCTTGTGTTTCCTGCAAGTAGAG-1-0,TP53_EZH2_CALR_mut
AGCTTTGTCCATCCGGAAGTAGAG-1-0,TP53_EZH2_CALR_mut
AGCTTTGTCCTCACGGAAGTAGAG-1-0,
AGCTTTGTCGCGAAATAAGTAGAG-1-0,TP53_CALR_het
AGCTTTGTCGCGTTCGAAGTAGAG-1-0,TP53_CALR_het
AGCTTTGTCTATGCATAAGTAGAG-1-0,
AGGAACCGTAATGCGAAAGTAGAG-1-0,
AGGAACCGTACGTTCGAAGTAGAG-1-0,
AGGAACCGTCCTGAGCAAGTAGAG-1-0,TP53_CALR_het
AGGAACCGTCCTTAGGAAGTAGAG-1-0,TP53_EZH2_CALR_mut
AGGAACCGTGCGCAAGAAGTAGAG-1-0,TP53_EZH2_CALR_mut
AGGAACCGTGTTAGCTAAGTAGAG-1-0,
AGGAACCGTTATGAGGAAGTAGAG-1-0,
AGGAACCGTTTGCAACAAGTAGAG-1-0,TP53_EZH2_CALR_mut
AGGACAAAGAAAGGCAAAGTAGAG-1-0,TP53_CALR_het
AGGACAAAGAAGTAGGAAGTAGAG-1-0,
AGGACAAAGATAGCTAAAGTAGAG-1-0,
AGGACAAAGGCTAGATAAGTAGAG-1-0,TP53_CALR_het
AGGACAAAGTGTCCACAAGTAGAG-1-0,
AGGACAAAGTTACACTAAGTAGAG-1-0,
AGGAGGTAGACAACACAAGTAGAG-1-0,
AGGAGGTAGATGCTAAAAGTAGAG-1-0,ZRSR2_CALR_mut
AGGAGGTAGCACGCAAAAGTAGAG-1-0,
AGGAGGTAGCACGGTAAAGTAGAG-1-0,
AGGATCAGTAAGCTAGAAGTAGAG-1-0,TP53_EZH2_CALR_mut
AGGATCAGTCCCTCATAAGTAGAG-1-0,TP53_CALR_het
AGGATCAGTGCCCGATAAGTAGAG-1-0,
AGGATCAGTTCAAGCTAAGTAGAG-1-0,
AGGATCAGTTGCGGCTAAGTAGAG-1-0,ZRSR2_CALR_mut
AGGCCAGGTAAGAATCAAGTAGAG-1-0,
AGGCCAGGTAATGCGAAAGTAGAG-1-0,
AGGCCAGGTACGTCCAAAGTAGAG-1-0,TP53_EZH2_CALR_mut
AGGCCAGGTATTGACCAAGTAGAG-1-0,TP53_CALR_het
AGGCCAGGTCAGGGCAAAGTAGAG-1-0,TP53_CALR_het
AGGCCAGGTTAAGCCTAAGTAGAG-1-0,
AGGCCAGGTTAGTGGAAAGTAGAG-1-0,
AGGCCAGGTTGTTGGTAAGTAGAG-1-0,ZRSR2_CALR_mut
AGGCCAGGTTTATGGCAAGTAGAG-1-0,
AGGCCAGGTTTGCAACAAGTAGAG-1-0,TP53_CALR_het
AGGCCATCAACTTGTCAAGTAGAG-1-0,TP53_EZH2_CALR_mut
AGGCCATCAATCATCCAAGTAGAG-1-0,
AGGCCATCACGCAATAAAGTAGAG-1-0,TP53_EZH2_CALR_mut
AGGCCATCATAAGCTGAAGTAGAG-1-0,
AGGCCATCATAGCGCGAAGTAGAG-1-0,
AGGCCATCATTCTGTAAAGTAGAG-1-0,
AGGCCTAAGAAAGGCAAAGTAGAG-1-0,TP53_CALR_het
AGGCCTAAGGAAACTCAAGTAGAG-1-0,
AGGCCTAAGGCACAATAAGTAGAG-1-0,
AGGCCTAAGGCAGGCTAAGTAGAG-1-0,
AGGCCTAAGTCGCGAAAAGTAGAG-1-0,
AGGCCTAAGTTATCCGAAGTAGAG-1-0,
AGGCCTAAGTTTGAGAAAGTAGAG-1-0,TP53_EZH2_CALR_mut
AGGCGAGAGCAGCCAAAAGTAGAG-1-0,
AGGCGAGAGCGAATACAAGTAGAG-1-0,
AGGCGAGAGCTGGACAAAGTAGAG-1-0,TP53_CALR_het
AGGCGAGAGGAAACTCAAGTAGAG-1-0,TP53_CALR_het
AGGCGAGAGGCAATCGAAGTAGAG-1-0,
AGGCGAGAGGTAGACTAAGTAGAG-1-0,
AGGCGAGAGTGAGTTAAAGTAGAG-1-0,TP53_EZH2_CALR_mut
AGGCGAGAGTTATTGCAAGTAGAG-1-0,ZRSR2_CALR_mut
AGGCGAGAGTTGCAAAAAGTAGAG-1-0,
AGGCGAGAGTTTGACTAAGTAGAG-1-0,
AGGCGCAGTACTGCCAAAGTAGAG-1-0,TP53_EZH2_CALR_mut
AGGCGCAGTCATTACAAAGTAGAG-1-0,
AGGCGCAGTCCAGCACAAGTAGAG-1-0,
AGGCGCAGTCCTTCTAAAGTAGAG-1-0,TP53_CALR_het
AGGCGCAGTGATAAACAAGTAGAG-1-0,TP53_CALR_het
AGGCGCAGTGTGAGGTAAGTAGAG-1-0,
AGGCGCAGTGTTTGGTAAGTAGAG-1-0,TP53_EZH2_CALR_het
AGGCGCAGTTAGGCTTAAGTAGAG-1-0,
AGGCGCTAGCGTGCTTAAGTAGAG-1-0,TP53_EZH2_CALR_mut
AGGCGCTAGCTCCCTCAAGTAGAG-1-0,
AGGCGCTAGGCGCAACAAGTAGAG-1-0,
AGGCGCTAGGGCACTAAAGTAGAG-1-0,TP53_EZH2_CALR_mut
AGGCGCTAGGGCGGTTAAGTAGAG-1-0,TP53_EZH2_CALR_mut
AGGCGCTAGGTAATTGAAGTAGAG-1-0,
AGGCGCTAGGTGAGTTAAGTAGAG-1-0,ZRSR2_CALR_mut
AGGCGCTAGTCAACAAAAGTAGAG-1-0,TP53_CALR_het
AGGCGCTAGTTGGCCTAAGTAGAG-1-0,TP53_EZH2_CALR_mut
AGGCTATAGAAGTAGGAAGTAGAG-1-0,
AGGCTATAGTTGACGGAAGTAGAG-1-0,TP53_CALR_het
AGGCTTGAGACTCAAAAAGTAGAG-1-0,ZRSR2_CALR_mut
AGGCTTGAGATTCATCAAGTAGAG-1-0,TP53_CALR_het
AGGCTTGAGCTGATGGAAGTAGAG-1-0,
AGGCTTGAGGTTCGAGAAGTAGAG-1-0,ZRSR2_CALR_mut
AGGCTTGAGGTTGTGGAAGTAGAG-1-0,TP53_CALR_het
AGGCTTGAGTTTGGTTAAGTAGAG-1-0,
AGGCTTTGTAAACTGGAAGTAGAG-1-0,
AGGCTTTGTACCGTTGAAGTAGAG-1-0,ZRSR2_CALR_mut
AGGCTTTGTACGTTCGAAGTAGAG-1-0,
AGGCTTTGTCAATTGCAAGTAGAG-1-0,
AGGCTTTGTCCAATACAAGTAGAG-1-0,TP53_CALR_het
AGGCTTTGTGGAAGCTAAGTAGAG-1-0,
AGGCTTTGTTAACGTCAAGTAGAG-1-0,TP53_EZH2_CALR_mut
AGGGACCTCAACATTCAAGTAGAG-1-0,
AGGGACCTCATGGAACAAGTAGAG-1-0,
AGGGACCTCATTGAGAAAGTAGAG-1-0,TP53_EZH2_CALR_mut
AGGGACCTCCAATTACAAGTAGAG-1-0,TP53_EZH2_CALR_mut
AGGGACCTCGAGGCACAAGTAGAG-1-0,
AGGGACCTCGGTTCACAAGTAGAG-1-0,ZRSR2_CALR_mut
AGGGACCTCTAAGTAGAAGTAGAG-1-0,TP53_CALR_het
AGGGACCTCTCACTAGAAGTAGAG-1-0,
AGGGAGTAGCCTGGTTAAGTAGAG-1-0,
AGGGAGTAGCGCTAGAAAGTAGAG-1-0,TP53_CALR_het
AGGGAGTAGCTAAACAAAGTAGAG-1-0,
AGGGAGTAGCTAAGTAAAGTAGAG-1-0,TP53_CALR_het
AGGGAGTAGCTGATGGAAGTAGAG-1-0,
AGGGAGTAGGACACGCAAGTAGAG-1-0,
AGGGAGTAGGCAAGTTAAGTAGAG-1-0,ZRSR2_CALR_mut
AGGGAGTAGTGGACCAAAGTAGAG-1-0,TP53_CALR_het
AGGGAGTAGTTACTCGAAGTAGAG-1-0,ZRSR2_CALR_mut
AGGGCTATCAGTTTACAAGTAGAG-1-0,ZRSR2_CALR_mut
AGGGCTATCATTACCGAAGTAGAG-1-0,TP53_EZH2_CALR_mut
AGGGCTATCCCAGACTAAGTAGAG-1-0,
AGGGCTATCGAGGCACAAGTAGAG-1-0,
AGGGCTATCGCTCAGTAAGTAGAG-1-0,
AGGGCTATCTATTCGGAAGTAGAG-1-0,
AGGGCTTCACGGGCTAAAGTAGAG-1-0,TP53_EZH2_CALR_mut
AGGGCTTCAGCCATAAAAGTAGAG-1-0,
AGGGCTTCATTACTCAAAGTAGAG-1-0,
AGGGTCCAGAAGGTCTAAGTAGAG-1-0,
AGGGTCCAGAAGGTTCAAGTAGAG-1-0,
AGGGTCCAGAGGATGAAAGTAGAG-1-0,
AGGGTCCAGCATTACTAAGTAGAG-1-0,ZRSR2_CALR_mut
AGGGTCCAGCCTAAGGAAGTAGAG-1-0,
AGGGTCCAGCGCTTACAAGTAGAG-1-0,TP53_EZH2_CALR_mut
AGGGTCCAGCTCGATCAAGTAGAG-1-0,ZRSR2_CALR_mut
AGGGTCCAGGGAGGCAAAGTAGAG-1-0,TP53_EZH2_CALR_mut
AGGGTCCAGGGATGAAAAGTAGAG-1-0,ZRSR2_CALR_mut
AGGGTCCAGTTGGATAAAGTAGAG-1-0,
AGGGTGGAGCGAAGTTAAGTAGAG-1-0,TP53_EZH2_CALR_mut
AGGGTGGAGGACAACTAAGTAGAG-1-0,TP53_EZH2_CALR_mut
AGGGTGGAGGCTAGATAAGTAGAG-1-0,
AGGGTGGAGGGATGAAAAGTAGAG-1-0,
AGGGTGGAGGGCGGAAAAGTAGAG-1-0,
AGGGTGGAGTAGCTAAAAGTAGAG-1-0,TP53_EZH2_CALR_mut
AGGGTGGAGTCAATGAAAGTAGAG-1-0,
AGGGTTAGTAGCCACCAAGTAGAG-1-0,TP53_EZH2_CALR_mut
AGGGTTAGTATTCAGCAAGTAGAG-1-0,
AGGGTTAGTCATTACAAAGTAGAG-1-0,
AGGGTTAGTCCTCACTAAGTAGAG-1-0,TP53_CALR_het
AGGGTTAGTCGAAGTAAAGTAGAG-1-0,
AGGGTTAGTGCACTATAAGTAGAG-1-0,TP53_CALR_het
AGGGTTAGTGCATCGCAAGTAGAG-1-0,
AGGGTTAGTGTTAGAGAAGTAGAG-1-0,
AGGTGAGCAAGCTTTCAAGTAGAG-1-0,
AGGTGAGCAAGTTAACAAGTAGAG-1-0,
AGGTGAGCAAGTTCCTAAGTAGAG-1-0,TP53_CALR_het
AGGTGAGCAATATGCGAAGTAGAG-1-0,TP53_EZH2_CALR_mut
AGGTGAGCACCTTTGGAAGTAGAG-1-0,
AGGTGAGCACGCAATAAAGTAGAG-1-0,
AGGTGAGCACTAACGAAAGTAGAG-1-0,TP53_EZH2_CALR_mut
AGGTGAGCAGCCTTCAAAGTAGAG-1-0,TP53_EZH2_CALR_mut
AGGTGAGCAGGCTTAAAAGTAGAG-1-0,TP53_EZH2_CALR_mut
AGGTGAGCAGGTAGCTAAGTAGAG-1-0,
AGGTGAGCATAGCGCGAAGTAGAG-1-0,
AGGTGAGCATCCACCAAAGTAGAG-1-0,
AGGTGAGCATCTATGCAAGTAGAG-1-0,
AGGTGAGCATGCGGATAAGTAGAG-1-0,TP53_CALR_het
AGGTGAGCATTGCGCCAAGTAGAG-1-0,
AGGTGAGCATTTAGCCAAGTAGAG-1-0,TP53_EZH2_CALR_mut
AGGTGATTCATCCAGCAAGTAGAG-1-0,TP53_CALR_het
AGGTGATTCCGTCCAGAAGTAGAG-1-0,TP53_CALR_het
AGGTGATTCGACTCACAAGTAGAG-1-0,
AGGTGATTCGCTATATAAGTAGAG-1-0,
AGGTGATTCTAATGAGAAGTAGAG-1-0,
AGGTGATTCTGCCATAAAGTAGAG-1-0,
AGGTGGGAGCACGGTAAAGTAGAG-1-0,TP53_CALR_het
AGGTGGGAGGAAACCTAAGTAGAG-1-0,
AGGTGGGAGGCCTCTGAAGTAGAG-1-0,
AGGTGGGAGGTGAGAAAAGTAGAG-1-0,
AGGTGGGAGGTGAGCCAAGTAGAG-1-0,ZRSR2_CALR_mut
AGGTGGGAGTTTCGGCAAGTAGAG-1-0,
AGGTTAATCACAAATGAAGTAGAG-1-0,
AGGTTAATCGATATAGAAGTAGAG-1-0,TP53_EZH2_CALR_mut
AGGTTAATCGCTTGGTAAGTAGAG-1-0,
AGGTTAATCTAGTTACAAGTAGAG-1-0,
AGGTTAATCTCAAACTAAGTAGAG-1-0,ZRSR2_CALR_mut
AGGTTAATCTGTGATTAAGTAGAG-1-0,TP53_CALR_het
AGGTTCGAGAGGATGAAAGTAGAG-1-0,TP53_CALR_het
AGGTTCGAGCCAAACGAAGTAGAG-1-0,
AGGTTCGAGCGCTACTAAGTAGAG-1-0,
AGGTTCGAGCTCAACCAAGTAGAG-1-0,TP53_EZH2_CALR_mut
AGGTTCGAGGTAAGTCAAGTAGAG-1-0,TP53_EZH2_CALR_mut
AGGTTCTGTCAACATCAAGTAGAG-1-0,TP53_CALR_het
AGGTTCTGTGATCCTGAAGTAGAG-1-0,
AGGTTCTGTGCGGCTTAAGTAGAG-1-0,TP53_EZH2_CALR_mut
AGGTTCTGTTGCACTGAAGTAGAG-1-0,
AGGTTCTGTTGTGAGAAAGTAGAG-1-0,TP53_CALR_het
AGGTTCTGTTTATCGAAAGTAGAG-1-0,
AGGTTCTGTTTGTGACAAGTAGAG-1-0,
AGGTTGAGTAAGGCCGAAGTAGAG-1-0,
AGGTTGAGTACCTTAAAAGTAGAG-1-0,
AGGTTGAGTACTGCCAAAGTAGAG-1-0,TP53_EZH2_CALR_mut
AGGTTGAGTCGTTATAAAGTAGAG-1-0,TP53_EZH2_CALR_mut
AGGTTGAGTGCATTACAAGTAGAG-1-0,ZRSR2_CALR_mut
AGTAAACGTAGCCTTGAAGTAGAG-1-0,
AGTAAACGTAGCGCGAAAGTAGAG-1-0,TP53_CALR_het
AGTAAACGTCACCAGCAAGTAGAG-1-0,ZRSR2_CALR_mut
AGTAAACGTCCCTCTGAAGTAGAG-1-0,
AGTAAACGTCCTCACTAAGTAGAG-1-0,
AGTAAACGTGTTTGTAAAGTAGAG-1-0,
AGTAACCAGCTGGACAAAGTAGAG-1-0,TP53_CALR_het
AGTAACCAGGATGGTTAAGTAGAG-1-0,
AGTAACCAGGTCTTTGAAGTAGAG-1-0,TP53_CALR_het
AGTAACCAGTTACTCGAAGTAGAG-1-0,TP53_EZH2_CALR_mut
AGTAACCAGTTGCAGGAAGTAGAG-1-0,
AGTAACCAGTTTCGCAAAGTAGAG-1-0,
AGTAACGGTCAATTCAAAGTAGAG-1-0,
AGTAACGGTCCAATACAAGTAGAG-1-0,
AGTAACGGTCCTCATCAAGTAGAG-1-0,TP53_EZH2_CALR_mut
AGTAACGGTGCGGTTCAAGTAGAG-1-0,
AGTAACGGTGTCCTTCAAGTAGAG-1-0,
AGTAACGGTTGTCATAAAGTAGAG-1-0,ZRSR2_CALR_mut
AGTAAGCTCAATCGCCAAGTAGAG-1-0,
AGTAAGCTCAGCGATGAAGTAGAG-1-0,TP53_EZH2_CALR_mut
AGTAAGCTCATCACATAAGTAGAG-1-0,
AGTAAGCTCCACTAATAAGTAGAG-1-0,ZRSR2_CALR_mut
AGTAAGCTCCTCACTTAAGTAGAG-1-0,
AGTAAGCTCTATCGGCAAGTAGAG-1-0,
AGTAAGTGTAGCCCGTAAGTAGAG-1-0,TP53_EZH2_CALR_mut
AGTAAGTGTAGGTTTCAAGTAGAG-1-0,
AGTAAGTGTCCTTAGGAAGTAGAG-1-0,TP53_CALR_het
AGTAAGTGTCTAACCGAAGTAGAG-1-0,
AGTAAGTGTGGTTATCAAGTAGAG-1-0,
AGTAAGTGTTGGTTACAAGTAGAG-1-0,
AGTAAGTGTTTGTAGCAAGTAGAG-1-0,TP53_CALR_het
AGTACTGCAAACAATCAAGTAGAG-1-0,TP53_CALR_het
AGTACTGCAAAGCCTAAAGTAGAG-1-0,
AGTACTGCAACTTCGTAAGTAGAG-1-0,
AGTACTGCAAGCTCAAAAGTAGAG-1-0,
AGTACTGCACACTAAGAAGTAGAG-1-0,
AGTACTGCACATAGATAAGTAGAG-1-0,TP53_CALR_het
AGTACTGCACCGGCAAAAGTAGAG-1-0,
AGTACTGCACGCAATAAAGTAGAG-1-0,TP53_CALR_het
AGTACTGCATACTGAGAAGTAGAG-1-0,
AGTACTGCATAGCCTTAAGTAGAG-1-0,
AGTACTGCATATGGTGAAGTAGAG-1-0,ZRSR2_CALR_mut
AGTACTGCATCTATGCAAGTAGAG-1-0,TP53_EZH2_CALR_mut
AGTACTGCATGGCGCAAAGTAGAG-1-0,TP53_EZH2_CALR_mut
AGTACTGCATTGAGATAAGTAGAG-1-0,
AGTACTGCATTTCGACAAGTAGAG-1-0,
AGTAGGCGTAAGAATCAAGTAGAG-1-0,ZRSR2_CALR_mut
AGTAGGCGTCGTAAAGAAGTAGAG-1-0,TP53_CALR_het
AGTAGGCGTGCGGCAAAAGTAGAG-1-0,TP53_CALR_het
AGTAGGCGTTCGGTCAAAGTAGAG-1-0,TP53_EZH2_CALR_mut
AGTAGGCGTTGGCGAGAAGTAGAG-1-0,TP53_EZH2_CALR_mut
AGTAGGCGTTTCCACCAAGTAGAG-1-0,TP53_EZH2_CALR_mut
AGTAGGTTCAAGGGTTAAGTAGAG-1-0,TP53_CALR_het
AGTAGGTTCATAACCTAAGTAGAG-1-0,
AGTAGGTTCCCTCTCAAAGTAGAG-1-0,TP53_CALR_het
AGTAGGTTCCGCTATAAAGTAGAG-1-0,
AGTAGGTTCCTAATCGAAGTAGAG-1-0,TP53_EZH2_CALR_mut
AGTAGGTTCGCTCAGTAAGTAGAG-1-0,TP53_EZH2_CALR_mut
AGTAGGTTCGGTCAAGAAGTAGAG-1-0,TP53_CALR_het
AGTAGGTTCGTTAGGGAAGTAGAG-1-0,
AGTAGGTTCTACTACGAAGTAGAG-1-0,
AGTATCCGTACGTTACAAGTAGAG-1-0,ZRSR2_CALR_mut
AGTATCCGTATGGTGAAAGTAGAG-1-0,
AGTATCCGTCCGGGTTAAGTAGAG-1-0,TP53_EZH2_CALR_het
AGTATCCGTCGTAACTAAGTAGAG-1-0,TP53_CALR_het
AGTATCCGTCTAACCGAAGTAGAG-1-0,TP53_EZH2_CALR_mut
AGTATCCGTGCTCATGAAGTAGAG-1-0,
AGTATCCGTGGTGCAGAAGTAGAG-1-0,
AGTATCCGTTATGAGGAAGTAGAG-1-0,TP53_CALR_het
AGTATCCGTTTACCGGAAGTAGAG-1-0,TP53_CALR_het
AGTATCCGTTTCCACCAAGTAGAG-1-0,
AGTCAATCAAAGGTAAAAGTAGAG-1-0,TP53_EZH2_CALR_mut
AGTCAATCAACTAAACAAGTAGAG-1-0,
AGTCAATCAAGAAATGAAGTAGAG-1-0,TP53_CALR_het
AGTCAATCAAGAACAAAAGTAGAG-1-0,TP53_CALR_het
AGTCAATCAAGATGCCAAGTAGAG-1-0,
AGTCAATCAATCAAACAAGTAGAG-1-0,
AGTCAATCAATGAGCCAAGTAGAG-1-0,
AGTCAATCACCTTTGGAAGTAGAG-1-0,TP53_CALR_het
AGTCAATCAGGCGAAAAAGTAGAG-1-0,TP53_CALR_het
AGTCAATCATCGTTCGAAGTAGAG-1-0,
AGTCACACAAGCGAAGAAGTAGAG-1-0,TP53_CALR_het
AGTCACACAATAGAAGAAGTAGAG-1-0,
AGTCACACAATTCGGAAAGTAGAG-1-0,TP53_CALR_het
AGTCACACACACTGGGAAGTAGAG-1-0,
AGTCACACACAGCCAGAAGTAGAG-1-0,
AGTCACACAGGATCCGAAGTAGAG-1-0,
AGTCACACAGGCTGTGAAGTAGAG-1-0,ZRSR2_CALR_mut
AGTCACACATGTTTCAAAGTAGAG-1-0,ZRSR2_CALR_mut
AGTCAGCCAACAAGTTAAGTAGAG-1-0,
AGTCAGCCAAGTGGCTAAGTAGAG-1-0,
AGTCAGCCAAGTTCCTAAGTAGAG-1-0,TP53_CALR_het
AGTCAGCCAATCGTGAAAGTAGAG-1-0,
AGTCAGCCAGAATCGCAAGTAGAG-1-0,
AGTCAGCCAGCAAGCTAAGTAGAG-1-0,
AGTCAGCCAGCATTTCAAGTAGAG-1-0,TP53_CALR_het
AGTCAGCCAGGATCCGAAGTAGAG-1-0,TP53_CALR_het
AGTCAGCCAGTTATGGAAGTAGAG-1-0,
AGTCAGCCATCCACCAAAGTAGAG-1-0,
AGTCAGCCATGCAATGAAGTAGAG-1-0,
AGTCAGCCATTGAGATAAGTAGAG-1-0,TP53_CALR_het
AGTCATAAGACAAAGGAAGTAGAG-1-0,
AGTCATAAGCCAGAGCAAGTAGAG-1-0,TP53_EZH2_CALR_mut
AGTCATAAGCTCGATCAAGTAGAG-1-0,TP53_CALR_het
AGTCATAAGGAACCGCAAGTAGAG-1-0,TP53_CALR_het
AGTCATAAGGAGTCATAAGTAGAG-1-0,
AGTCATAAGGGTTGGCAAGTAGAG-1-0,
AGTCATAAGGTTATCTAAGTAGAG-1-0,ZRSR2_CALR_mut
AGTCGCGCAACCTGTTAAGTAGAG-1-0,TP53_EZH2_CALR_mut
AGTCGCGCAAGGTTATAAGTAGAG-1-0,TP53_EZH2_CALR_mut
AGTCGCGCACGTAATGAAGTAGAG-1-0,
AGTCGCGCATAGCCTTAAGTAGAG-1-0,TP53_CALR_het
AGTCGCGCATCCAAGAAAGTAGAG-1-0,TP53_EZH2_CALR_mut
AGTCGCGCATCTATCAAAGTAGAG-1-0,TP53_CALR_het
AGTCGTTGTCAGGAACAAGTAGAG-1-0,
AGTCGTTGTTATGAGGAAGTAGAG-1-0,
AGTGACCCAACCTCGCAAGTAGAG-1-0,TP53_EZH2_CALR_mut
AGTGACCCAAGGCCATAAGTAGAG-1-0,
AGTGACCCAATGAAGAAAGTAGAG-1-0,TP53_CALR_het
AGTGACCCAGCGATCGAAGTAGAG-1-0,
AGTGACCCATACTGAGAAGTAGAG-1-0,
AGTGACCCATGCTCCAAAGTAGAG-1-0,TP53_CALR_het
AGTGACCCATTGCCTGAAGTAGAG-1-0,TP53_CALR_het
AGTGAGAAGAAACCCGAAGTAGAG-1-0,ZRSR2_CALR_mut
AGTGAGAAGACTAACAAAGTAGAG-1-0,
AGTGAGAAGAGCAATCAAGTAGAG-1-0,
AGTGAGAAGGTTCCGTAAGTAGAG-1-0,ZRSR2_CALR_mut
AGTGAGAAGTGAGGAAAAGTAGAG-1-0,TP53_CALR_het
AGTGAGAAGTTGACCCAAGTAGAG-1-0,TP53_CALR_het
AGTGATCAGCAAACCGAAGTAGAG-1-0,TP53_CALR_het
AGTGATCAGCCATTTGAAGTAGAG-1-0,TP53_CALR_het
AGTGATCAGGAAACTCAAGTAGAG-1-0,
AGTGATCAGGCGCAGTAAGTAGAG-1-0,
AGTGATGGTATCCGCAAAGTAGAG-1-0,TP53_CALR_het
AGTGATGGTATTCGACAAGTAGAG-1-0,TP53_CALR_het
AGTGATGGTATTGCGTAAGTAGAG-1-0,
AGTGATGGTCAGGAACAAGTAGAG-1-0,
AGTGATGGTCGAAGGTAAGTAGAG-1-0,TP53_CALR_het
AGTGATGGTGGTTATCAAGTAGAG-1-0,
AGTGATGGTTATGAGGAAGTAGAG-1-0,TP53_CALR_het
AGTGATTCAATAAGGAAAGTAGAG-1-0,
AGTGATTCAGGCTGTGAAGTAGAG-1-0,TP53_CALR_het
AGTGATTCATATCGCTAAGTAGAG-1-0,
AGTGATTCATGAGGGAAAGTAGAG-1-0,ZRSR2_CALR_mut
AGTGATTCATTGAGATAAGTAGAG-1-0,
AGTGCAAGTAGCCTTGAAGTAGAG-1-0,TP53_EZH2_CALR_mut
AGTGCAAGTCCAATACAAGTAGAG-1-0,TP53_CALR_het
AGTGCAAGTGAACGTAAAGTAGAG-1-0,
AGTGCAAGTTACTCCCAAGTAGAG-1-0,TP53_EZH2_CALR_mut
AGTGCAAGTTGGAGCGAAGTAGAG-1-0,
AGTGCAAGTTTCAGGTAAGTAGAG-1-0,
AGTGCGGGTCAAACTCAAGTAGAG-1-0,TP53_CALR_het
AGTGCGGGTGATAAACAAGTAGAG-1-0,ZRSR2_CALR_mut
AGTGCGGGTGTTCCAGAAGTAGAG-1-0,
AGTGCGGGTTTGAGCTAAGTAGAG-1-0,TP53_CALR_het
AGTGCTGAGAGGCGGAAAGTAGAG-1-0,ZRSR2_CALR_mut
AGTGCTGAGATGCAACAAGTAGAG-1-0,TP53_CALR_het
AGTGCTGAGCGATGGCAAGTAGAG-1-0,TP53_EZH2_CALR_mut
AGTGCTGAGCTTACTGAAGTAGAG-1-0,TP53_EZH2_CALR_mut
AGTGCTGAGCTTATCGAAGTAGAG-1-0,TP53_CALR_het
AGTGCTGAGGAGGCCTAAGTAGAG-1-0,
AGTGCTGAGTAATGGCAAGTAGAG-1-0,TP53_EZH2_CALR_mut
AGTGGATTCAAACCAAAAGTAGAG-1-0,TP53_CALR_het
AGTGGATTCAAGCCAGAAGTAGAG-1-0,TP53_EZH2_CALR_mut
AGTGGATTCAATGGGTAAGTAGAG-1-0,TP53_EZH2_CALR_mut
AGTGGATTCATTAGCTAAGTAGAG-1-0,
AGTGGATTCATTTGCGAAGTAGAG-1-0,
AGTGGATTCCAATAGAAAGTAGAG-1-0,
AGTGGATTCGCGGATAAAGTAGAG-1-0,ZRSR2_CALR_mut
AGTGGATTCTGGCCCAAAGTAGAG-1-0,TP53_EZH2_CALR_mut
AGTGGATTCTTCGCCCAAGTAGAG-1-0,
AGTGGATTCTTGAAGAAAGTAGAG-1-0,
AGTGGATTCTTGAGGGAAGTAGAG-1-0,TP53_CALR_het
AGTGGCGGTCGTTCGAAAGTAGAG-1-0,TP53_EZH2_CALR_mut
AGTGGGTGTCACTATAAAGTAGAG-1-0,
AGTGGGTGTCGTAAAGAAGTAGAG-1-0,
AGTGGGTGTGCTGCACAAGTAGAG-1-0,ZRSR2_CALR_mut
AGTGGGTGTGGGAACTAAGTAGAG-1-0,
AGTTACGCAACCATTCAAGTAGAG-1-0,TP53_EZH2_CALR_mut
AGTTACGCAACCTTGTAAGTAGAG-1-0,ZRSR2_CALR_mut
AGTTACGCAAGCGAAGAAGTAGAG-1-0,TP53_CALR_het
AGTTACGCAGGATGCTAAGTAGAG-1-0,TP53_CALR_het
AGTTACGCAGGTAGCTAAGTAGAG-1-0,
AGTTACGCATTACTCAAAGTAGAG-1-0,TP53_CALR_het
AGTTACGCATTCAACCAAGTAGAG-1-0,
AGTTACGCATTGACTCAAGTAGAG-1-0,TP53_EZH2_CALR_mut
AGTTACTTCAGGCCTTAAGTAGAG-1-0,TP53_EZH2_CALR_mut
AGTTACTTCAGTAAGCAAGTAGAG-1-0,
AGTTACTTCGTCCCGAAAGTAGAG-1-0,
AGTTAGGGTAAAGGCCAAGTAGAG-1-0,TP53_EZH2_CALR_mut
AGTTAGGGTAAGAATCAAGTAGAG-1-0,TP53_CALR_het
AGTTAGGGTATAGTGGAAGTAGAG-1-0,TP53_EZH2_CALR_mut
AGTTAGGGTCAATCGTAAGTAGAG-1-0,
AGTTAGGGTGCTGAAAAAGTAGAG-1-0,
AGTTATCTCACAGCCTAAGTAGAG-1-0,
AGTTATCTCACTAGGGAAGTAGAG-1-0,
AGTTATCTCAGGTAACAAGTAGAG-1-0,TP53_CALR_het
AGTTATCTCATTGAGAAAGTAGAG-1-0,
AGTTATCTCCAGAACGAAGTAGAG-1-0,ZRSR2_CALR_mut
AGTTATCTCCATAACTAAGTAGAG-1-0,TP53_CALR_het
AGTTATCTCGAAATGCAAGTAGAG-1-0,TP53_CALR_het
AGTTATCTCGAGGTTGAAGTAGAG-1-0,
AGTTATCTCGCCTAGTAAGTAGAG-1-0,
AGTTATCTCGCGCATTAAGTAGAG-1-0,
AGTTATCTCGCTCAACAAGTAGAG-1-0,
AGTTATCTCGCTTGCGAAGTAGAG-1-0,
AGTTATCTCGGGCAACAAGTAGAG-1-0,TP53_EZH2_CALR_mut
AGTTATCTCGGTCAAGAAGTAGAG-1-0,
AGTTATCTCTTGAGGGAAGTAGAG-1-0,TP53_CALR_het
AGTTATCTCTTTGGATAAGTAGAG-1-0,TP53_EZH2_CALR_mut
AGTTCCTCAAATACCGAAGTAGAG-1-0,ZRSR2_CALR_mut
AGTTCCTCAAATCACGAAGTAGAG-1-0,TP53_EZH2_CALR_mut
AGTTCCTCACCACAAAAAGTAGAG-1-0,TP53_CALR_het
AGTTCCTCAGTAAGTTAAGTAGAG-1-0,ZRSR2_CALR_mut
AGTTCCTCAGTAATACAAGTAGAG-1-0,
AGTTCCTCATGCGCCTAAGTAGAG-1-0,
AGTTCCTCATTGTGAGAAGTAGAG-1-0,TP53_CALR_het
AGTTGCCTCAAGTTAGAAGTAGAG-1-0,
AGTTGCCTCCACAACCAAGTAGAG-1-0,
AGTTGGCCAATGGATTAAGTAGAG-1-0,
AGTTGGCCAATTAGACAAGTAGAG-1-0,
AGTTGGCCACCGTTTGAAGTAGAG-1-0,
AGTTGGCCAGACTCAAAAGTAGAG-1-0,
AGTTGGCCAGCTAGACAAGTAGAG-1-0,
AGTTGGCCATTTCGACAAGTAGAG-1-0,
AGTTGGCCATTTCGCGAAGTAGAG-1-0,
ATAAACCCACTTCGATAAGTAGAG-1-0,
ATAAACCCAGAATGAAAAGTAGAG-1-0,TP53_CALR_het
ATAAACCCATCAAGTGAAGTAGAG-1-0,
ATAAACCCATCATGCTAAGTAGAG-1-0,
ATAAACCCATGCTCCAAAGTAGAG-1-0,TP53_EZH2_CALR_mut
ATAAAGGCAAATAACCAAGTAGAG-1-0,TP53_CALR_het
ATAAAGGCAACTTGTCAAGTAGAG-1-0,TP53_EZH2_CALR_mut
ATAAAGGCAAGTGCACAAGTAGAG-1-0,TP53_CALR_het
ATAAAGGCACAAATACAAGTAGAG-1-0,TP53_CALR_het
ATAAAGGCACTGTCATAAGTAGAG-1-0,
ATAAAGGCATAGACGCAAGTAGAG-1-0,
ATAAAGGCATCCCAATAAGTAGAG-1-0,TP53_CALR_het
ATAACCAAGACTATTCAAGTAGAG-1-0,
ATAACCAAGCAAACTAAAGTAGAG-1-0,
ATAACCAAGCTTATCGAAGTAGAG-1-0,
ATAACCAAGGACAAAGAAGTAGAG-1-0,TP53_CALR_het
ATAACCAAGGCTGGTAAAGTAGAG-1-0,TP53_EZH2_CALR_mut
ATAACCAAGTACGGGCAAGTAGAG-1-0,TP53_CALR_het
ATAACCAAGTCTACCAAAGTAGAG-1-0,TP53_EZH2_CALR_mut
ATAACCAAGTCTGTGCAAGTAGAG-1-0,TP53_CALR_het
ATAACCAAGTTTCACGAAGTAGAG-1-0,TP53_EZH2_CALR_mut
ATAACCCGTACTTCCCAAGTAGAG-1-0,TP53_CALR_het
ATAACCCGTATGTGAGAAGTAGAG-1-0,TP53_CALR_het
ATAACCCGTCAAAGATAAGTAGAG-1-0,
ATAACCCGTCACACCAAAGTAGAG-1-0,TP53_CALR_het
ATAACCCGTCGGTTTGAAGTAGAG-1-0,
ATAACCCGTTGCCTGAAAGTAGAG-1-0,
ATAACCCGTTTGTCCCAAGTAGAG-1-0,
ATAAGCATCATCAAGAAAGTAGAG-1-0,ZRSR2_CALR_mut
ATAAGCATCGCACACTAAGTAGAG-1-0,
ATAAGCATCTGGCTACAAGTAGAG-1-0,TP53_CALR_het
ATAAGCCAGATAACGCAAGTAGAG-1-0,TP53_CALR_het
ATAAGCCAGATTATCCAAGTAGAG-1-0,ZRSR2_CALR_mut
ATAAGCCAGCTAAATGAAGTAGAG-1-0,
ATAAGCCAGGACAAGAAAGTAGAG-1-0,
ATAAGCCAGGACTTAAAAGTAGAG-1-0,
ATAAGCCAGGCTTAAAAAGTAGAG-1-0,
ATAAGCCAGGGAGGCAAAGTAGAG-1-0,TP53_EZH2_CALR_mut
ATAAGCCAGGTCAAGTAAGTAGAG-1-0,TP53_CALR_het
ATAAGCCAGTCAATGAAAGTAGAG-1-0,
ATAAGCCAGTTATCCGAAGTAGAG-1-0,
ATAAGCCAGTTTGACTAAGTAGAG-1-0,TP53_CALR_het
ATAAGGTGTAAGCGTAAAGTAGAG-1-0,TP53_CALR_het
ATAAGGTGTATTACCAAAGTAGAG-1-0,
ATAAGGTGTCATCCCTAAGTAGAG-1-0,
ATAAGGTGTTAGGCGGAAGTAGAG-1-0,
ATAATGGTCAAACTTCAAGTAGAG-1-0,TP53_CALR_het
ATAATGGTCACAAAGCAAGTAGAG-1-0,TP53_EZH2_CALR_mut
ATAATGGTCATTTGCGAAGTAGAG-1-0,
ATAATGGTCCGCAACTAAGTAGAG-1-0,TP53_EZH2_CALR_mut
ATAATGGTCCGCAATCAAGTAGAG-1-0,
ATAATGGTCGAAGTTAAAGTAGAG-1-0,TP53_EZH2_CALR_mut
ATAATGGTCGCGCATTAAGTAGAG-1-0,TP53_CALR_het
ATAATGGTCGGGCAGTAAGTAGAG-1-0,ZRSR2_CALR_mut
ATAATGGTCTATTGACAAGTAGAG-1-0,TP53_CALR_het
ATACCCGGTCGAAGTAAAGTAGAG-1-0,TP53_EZH2_CALR_mut
ATACCCGGTGCTGAAAAAGTAGAG-1-0,TP53_CALR_het
ATACCCGGTTTCGCCTAAGTAGAG-1-0,TP53_EZH2_CALR_mut
ATACCTGTCATAATGGAAGTAGAG-1-0,TP53_CALR_het
ATACCTGTCTCTCGCCAAGTAGAG-1-0,
ATACCTGTCTGCAACCAAGTAGAG-1-0,
ATACCTGTCTTAAGCTAAGTAGAG-1-0,
ATACCTTAGAGGCGAGAAGTAGAG-1-0,TP53_EZH2_CALR_mut
ATACCTTAGGCTTAAAAAGTAGAG-1-0,
ATACCTTAGTCCTGCGAAGTAGAG-1-0,
ATACCTTAGTCTAATCAAGTAGAG-1-0,ZRSR2_CALR_mut
ATACGTAAGAAACTCAAAGTAGAG-1-0,
ATACGTAAGAAAGGCAAAGTAGAG-1-0,TP53_CALR_het
ATACGTAAGACAACACAAGTAGAG-1-0,TP53_EZH2_CALR_mut
ATACGTAAGCGCAAGCAAGTAGAG-1-0,TP53_CALR_het
ATACGTAAGCTGATGGAAGTAGAG-1-0,ZRSR2_CALR_mut
ATACGTAAGGCGCGATAAGTAGAG-1-0,
ATACGTAAGGGCAGTCAAGTAGAG-1-0,TP53_CALR_het
ATACGTAAGTCGAAGTAAGTAGAG-1-0,
ATACGTAAGTGTGATAAAGTAGAG-1-0,
ATACGTAAGTTACATCAAGTAGAG-1-0,ZRSR2_CALR_mut
ATACTGGCAAAGGTAAAAGTAGAG-1-0,
ATACTGGCAATACTGGAAGTAGAG-1-0,
ATACTGGCAATGAAGAAAGTAGAG-1-0,
ATACTGGCAATGAGCCAAGTAGAG-1-0,TP53_CALR_het
ATACTGGCACAGGCTGAAGTAGAG-1-0,TP53_CALR_het
ATACTGGCATGCGCCTAAGTAGAG-1-0,TP53_EZH2_CALR_mut
ATACTGTTCAACTGTTAAGTAGAG-1-0,TP53_CALR_het
ATACTGTTCAAGCGATAAGTAGAG-1-0,
ATACTGTTCACCTGTAAAGTAGAG-1-0,
ATACTGTTCACTTGATAAGTAGAG-1-0,
ATACTGTTCCAACATTAAGTAGAG-1-0,TP53_CALR_het
ATACTGTTCCTTTCGTAAGTAGAG-1-0,ZRSR2_CALR_mut
ATACTGTTCGAACCGAAAGTAGAG-1-0,
ATACTGTTCGTTCAATAAGTAGAG-1-0,
ATACTGTTCGTTCGTAAAGTAGAG-1-0,
ATACTGTTCTTGAAGAAAGTAGAG-1-0,
ATAGAAGCAAGAAATGAAGTAGAG-1-0,
ATAGAAGCACCTAAGAAAGTAGAG-1-0,
ATAGAAGCATGCGCAGAAGTAGAG-1-0,
ATAGACTCAACCGGATAAGTAGAG-1-0,TP53_CALR_het
ATAGACTCAAGGGTCTAAGTAGAG-1-0,TP53_EZH2_CALR_mut
ATAGACTCAAGTGGCTAAGTAGAG-1-0,ZRSR2_CALR_mut
ATAGACTCAATATGGTAAGTAGAG-1-0,TP53_CALR_het
ATAGACTCAGCGATCGAAGTAGAG-1-0,ZRSR2_CALR_mut
ATAGACTCATGGTCAAAAGTAGAG-1-0,
ATAGCAGGTACGGGCAAAGTAGAG-1-0,
ATAGCAGGTATCCGCAAAGTAGAG-1-0,
ATAGCAGGTATGGGACAAGTAGAG-1-0,TP53_EZH2_CALR_mut
ATAGCAGGTCACCAGCAAGTAGAG-1-0,
ATAGCAGGTCATCAGTAAGTAGAG-1-0,
ATAGCAGGTCCCTCTGAAGTAGAG-1-0,
ATAGCAGGTCCTCACTAAGTAGAG-1-0,
ATAGCAGGTGACCTGCAAGTAGAG-1-0,
ATAGCAGGTGCGCAAGAAGTAGAG-1-0,TP53_EZH2_CALR_mut
ATAGCAGGTTAGCATCAAGTAGAG-1-0,TP53_EZH2_CALR_mut
ATAGCAGGTTCATTAGAAGTAGAG-1-0,
ATAGCGAGTAAACTGGAAGTAGAG-1-0,
ATAGCGAGTAATAGGTAAGTAGAG-1-0,TP53_CALR_het
ATAGCGAGTCATTACAAAGTAGAG-1-0,TP53_EZH2_CALR_mut
ATAGCGAGTCCGCTAAAAGTAGAG-1-0,
ATAGCGAGTCCGGTACAAGTAGAG-1-0,
ATAGCGAGTGTCCAGCAAGTAGAG-1-0,TP53_EZH2_CALR_mut
ATAGCGAGTGTGATGAAAGTAGAG-1-0,ZRSR2_CALR_mut
ATAGCTTTCACGAACGAAGTAGAG-1-0,
ATAGCTTTCAGTTTACAAGTAGAG-1-0,TP53_CALR_het
ATAGCTTTCCAAAGGTAAGTAGAG-1-0,
ATAGCTTTCCAAATTCAAGTAGAG-1-0,TP53_EZH2_CALR_mut
ATAGCTTTCGAAGCATAAGTAGAG-1-0,TP53_CALR_het
ATAGCTTTCGCGGAACAAGTAGAG-1-0,
ATAGCTTTCGCGTTACAAGTAGAG-1-0,
ATAGCTTTCGGTAACGAAGTAGAG-1-0,
ATAGCTTTCTCAGCACAAGTAGAG-1-0,TP53_EZH2_CALR_mut
ATAGGATGTCACAGAAAAGTAGAG-1-0,TP53_CALR_het
ATAGGATGTCCTCATCAAGTAGAG-1-0,
ATAGGATGTGAACGGTAAGTAGAG-1-0,
ATAGGATGTGAACGTAAAGTAGAG-1-0,TP53_EZH2_CALR_mut
ATAGGCGTCAAGGGTTAAGTAGAG-1-0,
ATAGGCGTCATGCGGAAAGTAGAG-1-0,TP53_EZH2_CALR_mut
ATAGGCGTCCGGCTCAAAGTAGAG-1-0,
ATAGGCGTCTGTCAATAAGTAGAG-1-0,TP53_CALR_het
ATAGGCTAGAGCAATCAAGTAGAG-1-0,
ATAGGCTAGATTCGTTAAGTAGAG-1-0,
ATAGGCTAGCCATCACAAGTAGAG-1-0,
ATAGGCTAGCTAGATAAAGTAGAG-1-0,
ATAGGCTAGGTCAAACAAGTAGAG-1-0,
ATAGGCTAGTTAGTTCAAGTAGAG-1-0,TP53_EZH2_CALR_mut
ATAGGCTAGTTTGCATAAGTAGAG-1-0,
ATATAGCCAAGATAAGAAGTAGAG-1-0,
ATATAGCCAAGTCGCGAAGTAGAG-1-0,TP53_EZH2_CALR_mut
ATATAGCCACATTGAGAAGTAGAG-1-0,TP53_CALR_het
ATATAGCCACTATGTCAAGTAGAG-1-0,TP53_CALR_het
ATATAGCCACTGTCATAAGTAGAG-1-0,
ATATAGCCATAGCGCGAAGTAGAG-1-0,TP53_CALR_het
ATATAGCCATCACTCGAAGTAGAG-1-0,
ATATAGCCATTTCGACAAGTAGAG-1-0,TP53_EZH2_CALR_mut
ATATAGGTCAATGTGAAAGTAGAG-1-0,
ATATAGGTCAGCTACCAAGTAGAG-1-0,
ATATAGGTCGCAGCAAAAGTAGAG-1-0,TP53_CALR_het
ATATAGGTCGTAGTTTAAGTAGAG-1-0,TP53_CALR_het
ATATAGGTCTAGTTACAAGTAGAG-1-0,
ATATAGGTCTGTGATTAAGTAGAG-1-0,ZRSR2_CALR_mut
ATATCGAAGCTTAGTTAAGTAGAG-1-0,
ATATCGAAGGATCCCTAAGTAGAG-1-0,
ATATCGAAGTTATCCGAAGTAGAG-1-0,
ATATCGAAGTTTCACGAAGTAGAG-1-0,TP53_CALR_het
ATATGCAAGCCCGTTGAAGTAGAG-1-0,ZRSR2_CALR_mut
ATATGCAAGGACAACTAAGTAGAG-1-0,
ATATGCAAGGTTCGAGAAGTAGAG-1-0,
ATATGCAAGTCAACTTAAGTAGAG-1-0,
ATATTCGGTAGCTATCAAGTAGAG-1-0,
ATATTCGGTCAGGGCAAAGTAGAG-1-0,
ATATTCGGTCATTACAAAGTAGAG-1-0,TP53_EZH2_CALR_mut
ATATTCGGTCGAATCTAAGTAGAG-1-0,TP53_CALR_het
ATATTCGGTTCAAGGAAAGTAGAG-1-0,
ATATTCGGTTGACCCAAAGTAGAG-1-0,
ATATTCGGTTGTCATAAAGTAGAG-1-0,TP53_CALR_het
ATCAGCACAAGTGCACAAGTAGAG-1-0,
ATCAGCACACATGCTTAAGTAGAG-1-0,
ATCAGCACACTTTACAAAGTAGAG-1-0,
ATCAGCACAGAATCGCAAGTAGAG-1-0,
ATCAGCACAGCACGTGAAGTAGAG-1-0,TP53_CALR_het
ATCAGGTAGGGTTGGCAAGTAGAG-1-0,
ATCAGGTAGGTTACTTAAGTAGAG-1-0,
ATCAGGTAGTAAAGGGAAGTAGAG-1-0,
ATCAGGTAGTCGAAGTAAGTAGAG-1-0,
ATCAGGTAGTGTGCAGAAGTAGAG-1-0,ZRSR2_CALR_mut
ATCATCAGTGCATTACAAGTAGAG-1-0,
ATCATCAGTGCGGCTTAAGTAGAG-1-0,TP53_CALR_het
ATCATCAGTGTCCTTCAAGTAGAG-1-0,
ATCATCAGTGTGAGACAAGTAGAG-1-0,
ATCATCAGTGTGTTACAAGTAGAG-1-0,
ATCATCAGTTGGATAGAAGTAGAG-1-0,TP53_EZH2_CALR_mut
ATCCATCCAACCTGTTAAGTAGAG-1-0,
ATCCATCCAATAAGCTAAGTAGAG-1-0,TP53_EZH2_CALR_mut
ATCCATCCACTGTCATAAGTAGAG-1-0,
ATCCATCCAGCTAGCGAAGTAGAG-1-0,TP53_EZH2_CALR_mut
ATCCATCCATCAAGTGAAGTAGAG-1-0,
ATCCATCCATCGAACAAAGTAGAG-1-0,TP53_CALR_het
ATCCCAATCAAGGTACAAGTAGAG-1-0,TP53_EZH2_CALR_mut
ATCCCAATCAGGAGCCAAGTAGAG-1-0,ZRSR2_CALR_mut
ATCCCAATCAGTCTATAAGTAGAG-1-0,ZRSR2_CALR_mut
ATCCCAATCCAACATTAAGTAGAG-1-0,TP53_CALR_het
ATCCCAATCCAGAACGAAGTAGAG-1-0,
ATCCCAATCCTCCCACAAGTAGAG-1-0,
ATCCCAATCCTGGATCAAGTAGAG-1-0,
ATCCCAATCGTCCATAAAGTAGAG-1-0,
ATCCTTGAGCAAACCGAAGTAGAG-1-0,TP53_CALR_het
ATCCTTGAGCAGCTAGAAGTAGAG-1-0,TP53_EZH2_CALR_mut
ATCCTTGAGCTAACTTAAGTAGAG-1-0,TP53_CALR_het
ATCCTTGAGCTCCCTCAAGTAGAG-1-0,
ATCCTTGAGCTGGACAAAGTAGAG-1-0,
ATCCTTGAGGAAGGTAAAGTAGAG-1-0,TP53_CALR_het
ATCCTTGAGGCGATATAAGTAGAG-1-0,
ATCCTTGAGGTTTCCAAAGTAGAG-1-0,TP53_CALR_het
ATCCTTGAGTGGCTTCAAGTAGAG-1-0,TP53_EZH2_CALR_mut
ATCCTTTGTACTTCCCAAGTAGAG-1-0,
ATCCTTTGTAGTAGGCAAGTAGAG-1-0,TP53_CALR_het
ATCCTTTGTATTTACGAAGTAGAG-1-0,
ATCCTTTGTCCCTCTGAAGTAGAG-1-0,
ATCCTTTGTCGTTATAAAGTAGAG-1-0,TP53_CALR_het
ATCCTTTGTGACATTCAAGTAGAG-1-0,TP53_CALR_het
ATCCTTTGTGCATTACAAGTAGAG-1-0,ZRSR2_CALR_mut
ATCCTTTGTGTCCAATAAGTAGAG-1-0,TP53_CALR_het
ATCCTTTGTTGAATCCAAGTAGAG-1-0,ZRSR2_CALR_mut
ATCGAACAGAAACCCGAAGTAGAG-1-0,TP53_EZH2_CALR_mut
ATCGAACAGCTCCCTCAAGTAGAG-1-0,
ATCGAACAGCTGGACAAAGTAGAG-1-0,TP53_CALR_het
ATCGAACAGGATCCCTAAGTAGAG-1-0,TP53_CALR_het
ATCGAACAGGTCGAGCAAGTAGAG-1-0,
ATCGAACAGTAAACCAAAGTAGAG-1-0,ZRSR2_CALR_mut
ATCGATGCAAGGCCTGAAGTAGAG-1-0,
ATCGATGCAAGTTTCCAAGTAGAG-1-0,
ATCGATGCAATAAGGAAAGTAGAG-1-0,
ATCGATGCACAAGCGTAAGTAGAG-1-0,
ATCGATGCACATAAACAAGTAGAG-1-0,TP53_EZH2_CALR_mut
ATCGATGCACTAGCGGAAGTAGAG-1-0,
ATCGATGCAGGGATGAAAGTAGAG-1-0,TP53_CALR_het
ATCGATGCAGGTTTCTAAGTAGAG-1-0,
ATCGATTTCAGGCTGAAAGTAGAG-1-0,ZRSR2_CALR_mut
ATCGATTTCCAAAGGTAAGTAGAG-1-0,TP53_CALR_het
ATCGATTTCCGCAACTAAGTAGAG-1-0,
ATCGATTTCCTCACTTAAGTAGAG-1-0,
ATCGATTTCGGTCAAGAAGTAGAG-1-0,
ATCGATTTCTTAAGGAAAGTAGAG-1-0,
ATCGCGCGTCAGGATAAAGTAGAG-1-0,
ATCGCGCGTTGTGAGAAAGTAGAG-1-0,TP53_CALR_het
ATCGCTCAGAGGCGTCAAGTAGAG-1-0,
ATCGCTCAGCATCCCGAAGTAGAG-1-0,
ATCGCTCAGCTTATCGAAGTAGAG-1-0,
ATCGCTCAGGACAAAGAAGTAGAG-1-0,TP53_CALR_het
ATCGCTCAGGATGTTAAAGTAGAG-1-0,TP53_CALR_het
ATCGCTCAGGTTCCGTAAGTAGAG-1-0,
ATCGCTCAGTAATTGGAAGTAGAG-1-0,
ATCGCTCAGTAGCTAAAAGTAGAG-1-0,TP53_EZH2_CALR_mut
ATCGCTCAGTCATAAGAAGTAGAG-1-0,TP53_EZH2_CALR_mut
ATCGCTCAGTGATTAGAAGTAGAG-1-0,ZRSR2_CALR_mut
ATCGCTTCAACAGAGGAAGTAGAG-1-0,TP53_CALR_het
ATCGCTTCAACATAGTAAGTAGAG-1-0,ZRSR2_CALR_mut
ATCGCTTCACAATGGCAAGTAGAG-1-0,
ATCGCTTCACTCAAAGAAGTAGAG-1-0,TP53_EZH2_CALR_mut
ATCGCTTCACTTTATGAAGTAGAG-1-0,
ATCGCTTCAGCACTAAAAGTAGAG-1-0,
ATCGCTTCAGCCCTTAAAGTAGAG-1-0,
ATCGCTTCAGGTATTGAAGTAGAG-1-0,
ATCGCTTCATAAGCCAAAGTAGAG-1-0,
ATCGCTTCATTTCTTCAAGTAGAG-1-0,ZRSR2_CALR_mut
ATCGGGCAGACTCCTAAAGTAGAG-1-0,TP53_EZH2_CALR_mut
ATCGGGCAGCCTCTAAAAGTAGAG-1-0,
ATCGGGCAGCTATATCAAGTAGAG-1-0,
ATCGGGCAGCTATTACAAGTAGAG-1-0,
ATCGGGCAGGACAACTAAGTAGAG-1-0,TP53_CALR_het
ATCGGGCAGGCAGGCTAAGTAGAG-1-0,TP53_EZH2_CALR_mut
ATCGGGCAGGCCATTCAAGTAGAG-1-0,ZRSR2_CALR_mut
ATCGGGCAGGGAGGCAAAGTAGAG-1-0,
ATCGGGCAGGTGAGAAAAGTAGAG-1-0,
ATCGGGCAGTAAAGGGAAGTAGAG-1-0,TP53_CALR_het
ATCGGGCAGTCAACTTAAGTAGAG-1-0,
ATCGGGCAGTTAGGGTAAGTAGAG-1-0,
ATCGGGCAGTTGCAGGAAGTAGAG-1-0,TP53_CALR_het
ATCGTGACAACTGTTCAAGTAGAG-1-0,
ATCGTGACAATAACCGAAGTAGAG-1-0,
ATCGTGACAATCAAGTAAGTAGAG-1-0,
ATCGTGACAATTGAACAAGTAGAG-1-0,TP53_CALR_het
ATCGTGACACCATCCAAAGTAGAG-1-0,
ATCGTGACAGTTAAACAAGTAGAG-1-0,
ATCGTGCTCACAAACAAAGTAGAG-1-0,
ATCGTGCTCACAGCCTAAGTAGAG-1-0,
ATCGTGCTCAGCGGGTAAGTAGAG-1-0,TP53_EZH2_CALR_mut
ATCGTGCTCAGTAGGTAAGTAGAG-1-0,TP53_CALR_het
ATCGTGCTCATCAGCCAAGTAGAG-1-0,
ATCGTGCTCATGCGTCAAGTAGAG-1-0,
ATCGTGCTCGCTCAACAAGTAGAG-1-0,
ATCGTGCTCTATGCATAAGTAGAG-1-0,TP53_CALR_het
ATCGTGCTCTCTATGGAAGTAGAG-1-0,
ATCGTTAGTACAAAGTAAGTAGAG-1-0,
ATCGTTAGTCAATTCAAAGTAGAG-1-0,TP53_EZH2_CALR_mut
ATCGTTAGTCCATCAGAAGTAGAG-1-0,
ATCGTTAGTCCTTCTAAAGTAGAG-1-0,TP53_CALR_het
ATCGTTAGTGTGAGGTAAGTAGAG-1-0,
ATCGTTAGTTAGTTTGAAGTAGAG-1-0,TP53_CALR_het
ATCTAGCGTAAACTGGAAGTAGAG-1-0,TP53_EZH2_CALR_mut
ATCTAGCGTAAGGCTAAAGTAGAG-1-0,
ATCTAGCGTATGGTGAAAGTAGAG-1-0,ZRSR2_CALR_mut
ATCTAGCGTCACACCAAAGTAGAG-1-0,
ATCTAGCGTCCTTAGGAAGTAGAG-1-0,TP53_EZH2_CALR_mut
ATCTAGCGTTAAGCCTAAGTAGAG-1-0,TP53_CALR_het
ATCTAGCGTTCATTGAAAGTAGAG-1-0,
ATCTTAGGTAAATAGCAAGTAGAG-1-0,TP53_EZH2_CALR_mut
ATCTTAGGTAACCTTAAAGTAGAG-1-0,TP53_CALR_het
ATCTTAGGTAACTTGCAAGTAGAG-1-0,
ATCTTAGGTACGCACCAAGTAGAG-1-0,TP53_CALR_het
ATCTTAGGTACTTAGCAAGTAGAG-1-0,TP53_EZH2_CALR_mut
ATCTTAGGTATTGGGAAAGTAGAG-1-0,TP53_EZH2_CALR_mut
ATCTTAGGTCAATACCAAGTAGAG-1-0,
ATCTTAGGTGATAAACAAGTAGAG-1-0,TP53_CALR_het
ATCTTAGGTGCTGCACAAGTAGAG-1-0,
ATCTTAGGTTGGATGAAAGTAGAG-1-0,
ATCTTAGGTTGGTTACAAGTAGAG-1-0,TP53_CALR_het
ATCTTAGGTTGTTCCCAAGTAGAG-1-0,TP53_CALR_het
ATGAAAGCAATTCGGAAAGTAGAG-1-0,ZRSR2_CALR_mut
ATGAAAGCACGTAATGAAGTAGAG-1-0,TP53_EZH2_CALR_mut
ATGAAAGCAGCAAGCTAAGTAGAG-1-0,
ATGAAAGCAGCCTTCAAAGTAGAG-1-0,
ATGAAAGCATAGGCGTAAGTAGAG-1-0,TP53_EZH2_CALR_mut
ATGAAAGCATCATCACAAGTAGAG-1-0,TP53_CALR_het
ATGAAAGCATGCAATGAAGTAGAG-1-0,TP53_EZH2_CALR_mut
ATGACTTTCAAACTTCAAGTAGAG-1-0,
ATGACTTTCAAGGGTTAAGTAGAG-1-0,TP53_EZH2_CALR_mut
ATGACTTTCACTTCGAAAGTAGAG-1-0,TP53_EZH2_CALR_mut
ATGACTTTCGACTTTGAAGTAGAG-1-0,
ATGACTTTCGCCTAACAAGTAGAG-1-0,TP53_EZH2_CALR_mut
ATGACTTTCGCGGAACAAGTAGAG-1-0,TP53_CALR_het
ATGACTTTCTTGATCGAAGTAGAG-1-0,TP53_CALR_het
ATGAGGAAGCACTAGGAAGTAGAG-1-0,
ATGAGGAAGCGATAACAAGTAGAG-1-0,ZRSR2_CALR_mut
ATGAGGAAGCGCCTTGAAGTAGAG-1-0,ZRSR2_CALR_mut
ATGAGGAAGGACAAGAAAGTAGAG-1-0,
ATGAGGAAGGCGAGTCAAGTAGAG-1-0,ZRSR2_CALR_mut
ATGAGGAAGGTTCTTGAAGTAGAG-1-0,TP53_EZH2_CALR_mut
ATGAGGAAGTGTGATAAAGTAGAG-1-0,
ATGAGGCGTGTTTGGTAAGTAGAG-1-0,TP53_CALR_het
ATGAGGCGTTATGAGGAAGTAGAG-1-0,
ATGAGGCGTTGCACGCAAGTAGAG-1-0,TP53_CALR_het
ATGAGGCGTTTATCGAAAGTAGAG-1-0,ZRSR2_CALR_mut
ATGAGGTTCAAGTTAGAAGTAGAG-1-0,
ATGAGGTTCACAATGAAAGTAGAG-1-0,ZRSR2_CALR_mut
ATGAGGTTCCCTCGTCAAGTAGAG-1-0,TP53_EZH2_CALR_mut
ATGAGGTTCGAGGCGTAAGTAGAG-1-0,TP53_CALR_het
ATGAGGTTCGCCTGCAAAGTAGAG-1-0,TP53_CALR_het
ATGATCAAGACAAAGGAAGTAGAG-1-0,TP53_CALR_het
ATGATCAAGCGCTTACAAGTAGAG-1-0,
ATGATCAAGTCGCGAAAAGTAGAG-1-0,
ATGCAACAGCCAAACGAAGTAGAG-1-0,TP53_EZH2_CALR_mut
ATGCAACAGGCGCATAAAGTAGAG-1-0,
ATGCAACAGTAGCCTCAAGTAGAG-1-0,TP53_CALR_het
ATGCAACAGTGCAACGAAGTAGAG-1-0,
ATGCAACAGTGTGAGTAAGTAGAG-1-0,ZRSR2_CALR_mut
ATGCACCTCAACCGCTAAGTAGAG-1-0,ZRSR2_CALR_mut
ATGCACCTCAAGTTTCAAGTAGAG-1-0,
ATGCACCTCACAGCCTAAGTAGAG-1-0,TP53_CALR_het
ATGCACCTCATGCCTAAAGTAGAG-1-0,ZRSR2_CALR_mut
ATGCACCTCCATGATTAAGTAGAG-1-0,
ATGCACCTCCCTTTGTAAGTAGAG-1-0,
ATGCACCTCGAAGCATAAGTAGAG-1-0,TP53_CALR_het
ATGCACCTCGCCACATAAGTAGAG-1-0,TP53_EZH2_CALR_mut
ATGCACCTCTCACCGGAAGTAGAG-1-0,ZRSR2_CALR_mut
ATGCACCTCTGTGATTAAGTAGAG-1-0,
ATGCACCTCTTTGGATAAGTAGAG-1-0,
ATGCATTTCACAAGCGAAGTAGAG-1-0,TP53_CALR_het
ATGCATTTCAGCCTTAAAGTAGAG-1-0,ZRSR2_CALR_mut
ATGCATTTCATTTAGCAAGTAGAG-1-0,
ATGCATTTCCCATAGCAAGTAGAG-1-0,
ATGCATTTCGCTCAGTAAGTAGAG-1-0,TP53_CALR_het
ATGCCTATCAGGTAACAAGTAGAG-1-0,
ATGCCTATCATTGTACAAGTAGAG-1-0,ZRSR2_CALR_mut
ATGCCTATCCCTCATTAAGTAGAG-1-0,TP53_CALR_het
ATGCCTATCCCTGGATAAGTAGAG-1-0,TP53_CALR_het
ATGCCTATCGCCTATAAAGTAGAG-1-0,
ATGCCTATCGCTCAGTAAGTAGAG-1-0,
ATGCCTATCGTGATGGAAGTAGAG-1-0,TP53_CALR_het
ATGCGATAGACCAGGCAAGTAGAG-1-0,
ATGCGATAGAGGCGAGAAGTAGAG-1-0,ZRSR2_CALR_mut
ATGCGATAGAGGTTCGAAGTAGAG-1-0,
ATGCGATAGCGAAGCCAAGTAGAG-1-0,
ATGCGATAGCTAAACAAAGTAGAG-1-0,
ATGCGATAGGAAGCAAAAGTAGAG-1-0,ZRSR2_CALR_mut
ATGCGATAGGGTGGGAAAGTAGAG-1-0,
ATGCGATAGGGTTTGGAAGTAGAG-1-0,
ATGCGATAGGTAGACTAAGTAGAG-1-0,
ATGCGATAGTCTGTGCAAGTAGAG-1-0,
ATGCGATAGTTGACGGAAGTAGAG-1-0,TP53_CALR_het
ATGCGCAAGATGCAACAAGTAGAG-1-0,TP53_EZH2_CALR_mut
ATGCGCAAGCCTATATAAGTAGAG-1-0,
ATGCGCAAGCTCAAGGAAGTAGAG-1-0,
ATGCGCAAGCTCGATCAAGTAGAG-1-0,TP53_EZH2_CALR_mut
ATGCGCAAGGTGTCCTAAGTAGAG-1-0,
ATGCGCAAGTCCTCAAAAGTAGAG-1-0,TP53_CALR_het
ATGCGTCTCACCAGCTAAGTAGAG-1-0,
ATGCGTCTCCAGAACGAAGTAGAG-1-0,TP53_EZH2_CALR_mut
ATGCGTCTCCCGTTGGAAGTAGAG-1-0,
ATGCGTCTCTTAAGGAAAGTAGAG-1-0,TP53_CALR_het
ATGGACCCAAGCTCAAAAGTAGAG-1-0,TP53_CALR_het
ATGGACCCACAAGCGTAAGTAGAG-1-0,TP53_CALR_het
ATGGACCCACATAAACAAGTAGAG-1-0,TP53_EZH2_CALR_mut
ATGGACCCAGCTAAGCAAGTAGAG-1-0,
ATGGACCCAGCTGCTCAAGTAGAG-1-0,ZRSR2_CALR_mut
ATGGACCCAGGTTTCTAAGTAGAG-1-0,TP53_EZH2_CALR_mut
ATGGACCCATACTTGCAAGTAGAG-1-0,TP53_CALR_het
ATGGACCCATGACCAAAAGTAGAG-1-0,TP53_CALR_het
ATGGAGGCAATTAGGTAAGTAGAG-1-0,TP53_CALR_het
ATGGAGGCAATTGAACAAGTAGAG-1-0,
ATGGAGGCACCATCCAAAGTAGAG-1-0,
ATGGAGGCACGGGCTAAAGTAGAG-1-0,TP53_CALR_het
ATGGAGGCACGGTAACAAGTAGAG-1-0,TP53_EZH2_CALR_mut
ATGGAGGCAGAAACTTAAGTAGAG-1-0,
ATGGAGGCAGGCTTAAAAGTAGAG-1-0,
ATGGAGGCATCCGCTAAAGTAGAG-1-0,TP53_CALR_het
ATGGAGGCATCGATAGAAGTAGAG-1-0,ZRSR2_CALR_mut
ATGGAGGCATGCGCCTAAGTAGAG-1-0,TP53_CALR_het
ATGGAGGCATTAGTGGAAGTAGAG-1-0,
ATGGATCAGAAACTCAAAGTAGAG-1-0,
ATGGATCAGACTATTCAAGTAGAG-1-0,TP53_CALR_het
ATGGATCAGCAAGACTAAGTAGAG-1-0,
ATGGATCAGCCTAAGGAAGTAGAG-1-0,
ATGGATCAGGGCGGTTAAGTAGAG-1-0,TP53_CALR_het
ATGGATCAGGTTATCTAAGTAGAG-1-0,TP53_CALR_het
ATGGATCAGTGTTTGTAAGTAGAG-1-0,
ATGGATCAGTTTGACTAAGTAGAG-1-0,
ATGGATGGTATGGTGAAAGTAGAG-1-0,TP53_CALR_het
ATGGATGGTCAAAGGCAAGTAGAG-1-0,
ATGGATGGTGGACCCTAAGTAGAG-1-0,
ATGGATGGTTATGTGCAAGTAGAG-1-0,
ATGGATTCAAATGACTAAGTAGAG-1-0,TP53_CALR_het
ATGGATTCACCGTTTGAAGTAGAG-1-0,TP53_CALR_het
ATGGATTCACCTAAGAAAGTAGAG-1-0,
ATGGATTCACCTTACGAAGTAGAG-1-0,ZRSR2_CALR_mut
ATGGATTCACGTAGGTAAGTAGAG-1-0,
ATGGATTCACGTGCTCAAGTAGAG-1-0,TP53_CALR_het
ATGGATTCACTAACGAAAGTAGAG-1-0,TP53_CALR_het
ATGGATTCAGCCTTCAAAGTAGAG-1-0,TP53_CALR_het
ATGGATTCAGGTATATAAGTAGAG-1-0,
ATGGATTCATAACCGAAAGTAGAG-1-0,
ATGGATTCATAGACCAAAGTAGAG-1-0,TP53_CALR_het
ATGGATTCATAGACGCAAGTAGAG-1-0,
ATGGATTCATCATAGGAAGTAGAG-1-0,
ATGGCAGTCACAAATGAAGTAGAG-1-0,
ATGGCAGTCCTCTAAGAAGTAGAG-1-0,
ATGGCAGTCGCAGCAAAAGTAGAG-1-0,
ATGGCAGTCTAAGTCTAAGTAGAG-1-0,
ATGGCCCGTCAGGATAAAGTAGAG-1-0,
ATGGCCCGTCATTACAAAGTAGAG-1-0,TP53_CALR_het
ATGGCCCGTCCAGCACAAGTAGAG-1-0,TP53_EZH2_CALR_mut
ATGGCCCGTCCATTAAAAGTAGAG-1-0,TP53_CALR_het
ATGGCCCGTGTTCCAGAAGTAGAG-1-0,
ATGGCCCGTTGGTTTAAAGTAGAG-1-0,
ATGGCCTTCAGGCCAAAAGTAGAG-1-0,TP53_CALR_het
ATGGCCTTCATGAATGAAGTAGAG-1-0,TP53_CALR_het
ATGGCCTTCATGAGGTAAGTAGAG-1-0,
ATGGCCTTCCCGTTGGAAGTAGAG-1-0,ZRSR2_CALR_mut
ATGGCCTTCGCGAGTAAAGTAGAG-1-0,
ATGGCCTTCTTGAATCAAGTAGAG-1-0,TP53_EZH2_CALR_het
ATGGCTTGTAAGTCGAAAGTAGAG-1-0,TP53_CALR_het
ATGGCTTGTACGGGCAAAGTAGAG-1-0,
ATGGCTTGTATTTGTGAAGTAGAG-1-0,ZRSR2_CALR_mut
ATGGCTTGTGCAGCTCAAGTAGAG-1-0,
ATGGCTTGTGCTGATTAAGTAGAG-1-0,
ATGGCTTGTGGCCCATAAGTAGAG-1-0,TP53_EZH2_CALR_mut
ATGGCTTGTGGTGCAGAAGTAGAG-1-0,TP53_CALR_het
ATGGCTTGTGTTAGTCAAGTAGAG-1-0,TP53_EZH2_CALR_mut
ATGGCTTGTTCCGCAAAAGTAGAG-1-0,
ATGGCTTGTTGGTTTAAAGTAGAG-1-0,TP53_EZH2_CALR_het
ATGGGACGTAGCCATTAAGTAGAG-1-0,TP53_EZH2_CALR_mut
ATGGGACGTCATGAAGAAGTAGAG-1-0,TP53_CALR_het
ATGGGACGTGCTCCTTAAGTAGAG-1-0,
ATGGGACGTGCTGCACAAGTAGAG-1-0,TP53_CALR_het
ATGGGCGGTACGTAAGAAGTAGAG-1-0,TP53_EZH2_CALR_mut
ATGGGCGGTATGGGACAAGTAGAG-1-0,ZRSR2_CALR_mut
ATGGGCGGTCACGATTAAGTAGAG-1-0,
ATGGGCGGTGTCCTTCAAGTAGAG-1-0,
ATGGGCGGTTTAGTTGAAGTAGAG-1-0,
ATGGGTTAGAAACCCGAAGTAGAG-1-0,
ATGGGTTAGATAACTGAAGTAGAG-1-0,
ATGGGTTAGCTTACATAAGTAGAG-1-0,TP53_CALR_het
ATGGGTTAGCTTGAAAAAGTAGAG-1-0,TP53_CALR_het
ATGGGTTAGGCCAACAAAGTAGAG-1-0,TP53_CALR_het
ATGGGTTAGGTAATTGAAGTAGAG-1-0,
ATGGGTTAGTCACACCAAGTAGAG-1-0,
ATGGGTTAGTCTAACTAAGTAGAG-1-0,TP53_CALR_het
ATGGTAATCACCATATAAGTAGAG-1-0,TP53_CALR_het
ATGGTAATCACGGACAAAGTAGAG-1-0,
ATGGTAATCAGGCATGAAGTAGAG-1-0,
ATGGTAATCCAATAGAAAGTAGAG-1-0,TP53_CALR_het
ATGGTAATCCCATAGCAAGTAGAG-1-0,TP53_EZH2_CALR_mut
ATGGTAATCCGCAATCAAGTAGAG-1-0,TP53_CALR_het
ATGGTAATCCGTGACTAAGTAGAG-1-0,TP53_EZH2_CALR_mut
ATGGTAATCCTGGAAGAAGTAGAG-1-0,
ATGGTAATCCTTTCTAAAGTAGAG-1-0,TP53_CALR_het
ATGGTAATCGATTGGGAAGTAGAG-1-0,
ATGGTAATCTGTGACCAAGTAGAG-1-0,
ATGGTGAGTAGTTGTCAAGTAGAG-1-0,TP53_CALR_het
ATGGTGAGTCAGGATAAAGTAGAG-1-0,
ATGGTGAGTCCTCCATAAGTAGAG-1-0,
ATGGTGAGTCGAAGCGAAGTAGAG-1-0,
ATGGTGAGTCTGTCAGAAGTAGAG-1-0,ZRSR2_CALR_mut
ATGGTGAGTTAAGCTCAAGTAGAG-1-0,
ATGGTGAGTTTGTAGCAAGTAGAG-1-0,
ATGTAAGTCACAGGATAAGTAGAG-1-0,
ATGTAAGTCCATAAAGAAGTAGAG-1-0,TP53_CALR_het
ATGTAAGTCCCTCATTAAGTAGAG-1-0,TP53_EZH2_CALR_mut
ATGTAAGTCCTCAATGAAGTAGAG-1-0,
ATGTAAGTCGCAGCAAAAGTAGAG-1-0,TP53_CALR_het
ATGTAAGTCGCGGATAAAGTAGAG-1-0,TP53_CALR_het
ATGTAAGTCGCTCAACAAGTAGAG-1-0,TP53_EZH2_CALR_mut
ATGTCAAAGAGGCGGAAAGTAGAG-1-0,
ATGTCAAAGCGCAAGCAAGTAGAG-1-0,TP53_CALR_het
ATGTCAAAGGAAGCCCAAGTAGAG-1-0,
ATGTCAAAGGAAGGTAAAGTAGAG-1-0,
ATGTCAAAGGCCCATTAAGTAGAG-1-0,TP53_EZH2_CALR_mut
ATGTCAAAGGCTTTATAAGTAGAG-1-0,
ATGTCAAAGGGCACTAAAGTAGAG-1-0,
ATGTCAAAGGTGGATTAAGTAGAG-1-0,
ATGTCAAAGGTTTCCAAAGTAGAG-1-0,
ATGTCAAAGTTACATCAAGTAGAG-1-0,
ATGTGAGGTATGGGACAAGTAGAG-1-0,TP53_EZH2_CALR_mut
ATGTGAGGTATTCAGCAAGTAGAG-1-0,
ATGTGAGGTATTCGGTAAGTAGAG-1-0,TP53_CALR_het
ATGTGAGGTCCTTATTAAGTAGAG-1-0,
ATGTGAGGTTAGTAGGAAGTAGAG-1-0,
ATGTGAGGTTCCGTGAAAGTAGAG-1-0,ZRSR2_CALR_mut
ATGTGAGGTTGGGCGAAAGTAGAG-1-0,
ATGTGAGGTTGTTGTAAAGTAGAG-1-0,TP53_CALR_het
ATGTGGGTCAGCACGAAAGTAGAG-1-0,
ATGTGGGTCGCTCAACAAGTAGAG-1-0,TP53_CALR_het
ATGTTAGAGATGATTGAAGTAGAG-1-0,
ATGTTAGAGCACTACCAAGTAGAG-1-0,TP53_CALR_het
ATGTTAGAGCGAAGCCAAGTAGAG-1-0,
ATGTTAGAGCTTACTGAAGTAGAG-1-0,TP53_CALR_het
ATGTTAGAGGTCTTGCAAGTAGAG-1-0,TP53_CALR_het
ATGTTAGAGTCACTATAAGTAGAG-1-0,TP53_CALR_het
ATGTTAGAGTGTGATAAAGTAGAG-1-0,
ATGTTAGAGTTAACAGAAGTAGAG-1-0,TP53_CALR_het
ATGTTAGAGTTATCCGAAGTAGAG-1-0,
ATGTTCCCAACAGAGGAAGTAGAG-1-0,
ATGTTCCCAACGACTAAAGTAGAG-1-0,TP53_EZH2_CALR_het
ATGTTCCCAACTTAGGAAGTAGAG-1-0,TP53_CALR_het
ATGTTCCCAAGGTTATAAGTAGAG-1-0,TP53_CALR_het
ATGTTCCCACAACATGAAGTAGAG-1-0,
ATGTTCCCACGAACGTAAGTAGAG-1-0,TP53_CALR_het
ATGTTCCCAGCCATAAAAGTAGAG-1-0,TP53_CALR_het
ATGTTCCCAGGACTACAAGTAGAG-1-0,TP53_EZH2_CALR_mut
ATGTTCCCAGGCTTAAAAGTAGAG-1-0,TP53_EZH2_CALR_mut
ATGTTCCCATAGCCTTAAGTAGAG-1-0,
ATGTTCCCATGTGGGTAAGTAGAG-1-0,
ATGTTCCCATTGCGCCAAGTAGAG-1-0,
ATGTTCCCATTTATCGAAGTAGAG-1-0,TP53_CALR_het
ATGTTCCCATTTGCTAAAGTAGAG-1-0,TP53_EZH2_CALR_mut
ATGTTGCGTAAACCCTAAGTAGAG-1-0,ZRSR2_CALR_mut
ATGTTGCGTCAGGGCAAAGTAGAG-1-0,
ATGTTGCGTCCACAATAAGTAGAG-1-0,
ATGTTGCGTGCATTACAAGTAGAG-1-0,
ATGTTGCGTTTAGTTGAAGTAGAG-1-0,TP53_EZH2_CALR_mut
ATGTTGCGTTTATCGAAAGTAGAG-1-0,
ATGTTTGGTAATCCTAAAGTAGAG-1-0,TP53_EZH2_CALR_mut
ATGTTTGGTACTAACCAAGTAGAG-1-0,
ATGTTTGGTAGCCATTAAGTAGAG-1-0,TP53_CALR_het
ATGTTTGGTGACATGAAAGTAGAG-1-0,
ATGTTTGGTGATTAGGAAGTAGAG-1-0,
ATGTTTGGTTCTGGCAAAGTAGAG-1-0,TP53_EZH2_CALR_mut
ATGTTTGGTTGAGTCTAAGTAGAG-1-0,
ATGTTTGGTTGTTTAGAAGTAGAG-1-0,ZRSR2_CALR_mut
ATGTTTGGTTTGCAACAAGTAGAG-1-0,ZRSR2_CALR_mut
ATTACGTTCAACATTCAAGTAGAG-1-0,
ATTACGTTCAAGGGTTAAGTAGAG-1-0,
ATTACGTTCACAAAGCAAGTAGAG-1-0,
ATTACGTTCACTTCGAAAGTAGAG-1-0,
ATTACGTTCATAGGTAAAGTAGAG-1-0,
ATTACGTTCCAAATAGAAGTAGAG-1-0,TP53_CALR_het
ATTACGTTCCAGAAACAAGTAGAG-1-0,TP53_EZH2_CALR_mut
ATTACGTTCGACCCATAAGTAGAG-1-0,ZRSR2_CALR_mut
ATTACGTTCGGCTAAGAAGTAGAG-1-0,
ATTACGTTCTTAAGGAAAGTAGAG-1-0,
ATTATGGAGACCATTTAAGTAGAG-1-0,
ATTATGGAGAGGATGAAAGTAGAG-1-0,TP53_CALR_het
ATTATGGAGCCAGAGCAAGTAGAG-1-0,
ATTATGGAGCCCTGATAAGTAGAG-1-0,
ATTATGGAGGCGGATCAAGTAGAG-1-0,TP53_CALR_het
ATTATGGAGGCTGGTAAAGTAGAG-1-0,TP53_CALR_het
ATTATGGAGGGCGGAAAAGTAGAG-1-0,
ATTATGGAGGTTGCAGAAGTAGAG-1-0,
ATTCACCCAAGCTATGAAGTAGAG-1-0,ZRSR2_CALR_mut
ATTCACCCACATAGATAAGTAGAG-1-0,
ATTCACCCACTATCACAAGTAGAG-1-0,
ATTCACCCACTTCGATAAGTAGAG-1-0,ZRSR2_CALR_mut
ATTCACCCAGGATGCTAAGTAGAG-1-0,
ATTCACCCATTGCCGCAAGTAGAG-1-0,
ATTCACCCATTTGTTGAAGTAGAG-1-0,
ATTCAGTTCAAAGGGAAAGTAGAG-1-0,TP53_CALR_het
ATTCAGTTCAAGGGCCAAGTAGAG-1-0,
ATTCAGTTCACTCGCGAAGTAGAG-1-0,TP53_EZH2_CALR_mut
ATTCAGTTCAGGCAATAAGTAGAG-1-0,
ATTCAGTTCATCAGCCAAGTAGAG-1-0,TP53_CALR_het
ATTCAGTTCCCATAATAAGTAGAG-1-0,TP53_CALR_het
ATTCAGTTCGATATTCAAGTAGAG-1-0,
ATTCAGTTCTGTGATTAAGTAGAG-1-0,TP53_CALR_het
ATTCAGTTCTTAAGCTAAGTAGAG-1-0,TP53_EZH2_CALR_mut
ATTCGATTCAAAGGGAAAGTAGAG-1-0,
ATTCGATTCAAGCGATAAGTAGAG-1-0,ZRSR2_CALR_mut
ATTCGATTCAGCCTTAAAGTAGAG-1-0,TP53_EZH2_CALR_mut
ATTCGATTCATCAAGAAAGTAGAG-1-0,TP53_CALR_het
ATTCGATTCCCATAATAAGTAGAG-1-0,
ATTCGATTCGATTGAAAAGTAGAG-1-0,TP53_CALR_het
ATTCGATTCGGTACCTAAGTAGAG-1-0,TP53_CALR_het
ATTCGATTCTAATCACAAGTAGAG-1-0,
ATTCGTAGTAAAGCGCAAGTAGAG-1-0,
ATTCGTAGTAATAGGTAAGTAGAG-1-0,TP53_CALR_het
ATTCGTAGTATAGCGAAAGTAGAG-1-0,TP53_CALR_het
ATTCGTAGTATTCGACAAGTAGAG-1-0,
ATTCGTAGTCAACATCAAGTAGAG-1-0,TP53_CALR_het
ATTCGTAGTCCGCTAAAAGTAGAG-1-0,TP53_CALR_het
ATTCGTAGTTTCCAAAAAGTAGAG-1-0,TP53_EZH2_CALR_mut
ATTCGTCCAAACCCAAAAGTAGAG-1-0,
ATTCGTCCACAATACGAAGTAGAG-1-0,TP53_CALR_het
ATTCGTCCAGATTCGAAAGTAGAG-1-0,TP53_CALR_het
ATTCGTCCAGGTAGCTAAGTAGAG-1-0,
ATTCGTCCAGGTGACTAAGTAGAG-1-0,TP53_EZH2_CALR_mut
ATTCGTCCATCATCACAAGTAGAG-1-0,
ATTCGTCCATGCAATGAAGTAGAG-1-0,TP53_EZH2_CALR_mut
ATTCGTTAGCCATCGTAAGTAGAG-1-0,
ATTCGTTAGCGAGCTAAAGTAGAG-1-0,
ATTCGTTAGCTAAATGAAGTAGAG-1-0,TP53_CALR_het
ATTCGTTAGGAACCTGAAGTAGAG-1-0,TP53_EZH2_CALR_mut
ATTCGTTAGGCGCAACAAGTAGAG-1-0,TP53_CALR_het
ATTCGTTAGGGATGAAAAGTAGAG-1-0,
ATTCGTTAGTAGCCTCAAGTAGAG-1-0,
ATTGACCGTAATGGTGAAGTAGAG-1-0,
ATTGACCGTACCTTAAAAGTAGAG-1-0,TP53_EZH2_CALR_mut
ATTGACCGTACGGGCAAAGTAGAG-1-0,ZRSR2_CALR_mut
ATTGACCGTATGGTAGAAGTAGAG-1-0,
ATTGACCGTCAGGATAAAGTAGAG-1-0,TP53_CALR_het
ATTGACCGTGATAAACAAGTAGAG-1-0,
ATTGACCGTGGTTATCAAGTAGAG-1-0,
ATTGACCGTGTTTGTAAAGTAGAG-1-0,
ATTGACCGTTGAATCCAAGTAGAG-1-0,
ATTGACCGTTGCACTGAAGTAGAG-1-0,ZRSR2_CALR_mut
ATTGACCGTTGTGACTAAGTAGAG-1-0,TP53_EZH2_CALR_mut
ATTGACCGTTTGAGCTAAGTAGAG-1-0,
ATTGACTTCAACCAAAAAGTAGAG-1-0,TP53_CALR_het
ATTGACTTCAAGGTGTAAGTAGAG-1-0,TP53_EZH2_CALR_mut
ATTGACTTCACTGTCAAAGTAGAG-1-0,
ATTGACTTCATGTCATAAGTAGAG-1-0,
ATTGACTTCGCGAAATAAGTAGAG-1-0,
ATTGACTTCTCACCTTAAGTAGAG-1-0,
ATTGAGCAGCAACTTTAAGTAGAG-1-0,
ATTGAGCAGGTTAGACAAGTAGAG-1-0,TP53_CALR_het
ATTGAGCAGTAACTTCAAGTAGAG-1-0,TP53_CALR_het
ATTGAGCAGTGATTAGAAGTAGAG-1-0,TP53_CALR_het
ATTGAGGGTATAGCGAAAGTAGAG-1-0,TP53_EZH2_CALR_mut
ATTGAGGGTGTTTCGGAAGTAGAG-1-0,
ATTGAGGGTTTCCAAAAAGTAGAG-1-0,
ATTGAGGGTTTGGCCAAAGTAGAG-1-0,TP53_CALR_het
ATTGAGGGTTTGTTTCAAGTAGAG-1-0,
ATTGAGTCAAAGGTAAAAGTAGAG-1-0,
ATTGAGTCAATGGGAGAAGTAGAG-1-0,
ATTGAGTCACCTGGTCAAGTAGAG-1-0,
ATTGAGTCACGTAATGAAGTAGAG-1-0,
ATTGAGTCACTAAGGCAAGTAGAG-1-0,
ATTGAGTCAGACTCAAAAGTAGAG-1-0,TP53_CALR_het
ATTGAGTCATAATGACAAGTAGAG-1-0,
ATTGAGTCATTGTGAGAAGTAGAG-1-0,
ATTGATGAGCACTAGGAAGTAGAG-1-0,TP53_EZH2_CALR_mut
ATTGATGAGCTAACTTAAGTAGAG-1-0,
ATTGATGAGCTGGGTAAAGTAGAG-1-0,ZRSR2_CALR_mut
ATTGATGAGCTTATCGAAGTAGAG-1-0,TP53_CALR_het
ATTGATGAGGCAAGTTAAGTAGAG-1-0,
ATTGATGAGGCCAACAAAGTAGAG-1-0,
ATTGATGAGGTATAGCAAGTAGAG-1-0,
ATTGATGAGTAAGCTAAAGTAGAG-1-0,TP53_CALR_het
ATTGATGAGTCGTTCAAAGTAGAG-1-0,TP53_CALR_het
ATTGATGAGTCTTGCAAAGTAGAG-1-0,TP53_CALR_het
ATTGCACGTACGCACCAAGTAGAG-1-0,TP53_CALR_het
ATTGCACGTAGCCAAAAAGTAGAG-1-0,
ATTGCACGTATTCAGCAAGTAGAG-1-0,
ATTGCACGTGAACGGTAAGTAGAG-1-0,TP53_CALR_het
ATTGCACGTTAGGTGAAAGTAGAG-1-0,TP53_EZH2_CALR_mut
ATTGCACGTTAGTGCTAAGTAGAG-1-0,
ATTGCACGTTCACCTCAAGTAGAG-1-0,
ATTGCACGTTGGCGAGAAGTAGAG-1-0,TP53_CALR_het
ATTGCACGTTGTTCCCAAGTAGAG-1-0,
ATTGCACGTTTGCATAAAGTAGAG-1-0,
ATTGCATTCAACTGTTAAGTAGAG-1-0,TP53_CALR_het
ATTGCATTCAAGGGCCAAGTAGAG-1-0,ZRSR2_CALR_mut
ATTGCATTCATGAGGTAAGTAGAG-1-0,
ATTGCATTCCAAACGGAAGTAGAG-1-0,
ATTGCATTCGAACGTGAAGTAGAG-1-0,
ATTGCATTCTGTGACCAAGTAGAG-1-0,TP53_CALR_het
ATTGCCGGTACAGCAAAAGTAGAG-1-0,
ATTGCCGGTCATTATGAAGTAGAG-1-0,ZRSR2_CALR_mut
ATTGCCGGTCCCTCATAAGTAGAG-1-0,
ATTGCCGGTGCGGAATAAGTAGAG-1-0,
ATTGCCGGTGGTTAAGAAGTAGAG-1-0,
ATTGCCGGTTAAGTCCAAGTAGAG-1-0,
ATTGCCGGTTAGCTCGAAGTAGAG-1-0,
ATTGCCGGTTCCTTTGAAGTAGAG-1-0,
ATTGCCTCACCTACTGAAGTAGAG-1-0,
ATTGCCTCACTCAAAGAAGTAGAG-1-0,TP53_EZH2_CALR_mut
ATTGCCTCAGCTCGAGAAGTAGAG-1-0,
ATTGCCTCATACTTGCAAGTAGAG-1-0,
ATTGCCTCATAGCCGGAAGTAGAG-1-0,TP53_EZH2_CALR_mut
ATTGCCTCATTACACCAAGTAGAG-1-0,TP53_EZH2_CALR_mut
ATTGCCTCATTAGTGGAAGTAGAG-1-0,
ATTGCGACAAATACCGAAGTAGAG-1-0,ZRSR2_CALR_mut
ATTGCGACAACCGTAAAAGTAGAG-1-0,TP53_CALR_het
ATTGCGACAAGAACAAAAGTAGAG-1-0,
ATTGCGACAAGCTTTCAAGTAGAG-1-0,TP53_CALR_het
ATTGCGACACGTAGTAAAGTAGAG-1-0,
ATTGCGACACTTCGATAAGTAGAG-1-0,ZRSR2_CALR_mut
ATTGCGACAGATTGCAAAGTAGAG-1-0,
ATTGCGACAGCTAGACAAGTAGAG-1-0,
ATTGCGACAGGTAGCTAAGTAGAG-1-0,TP53_EZH2_CALR_mut
ATTGCGACATGAGTCAAAGTAGAG-1-0,TP53_CALR_het
ATTGCGACATGGCCGAAAGTAGAG-1-0,TP53_CALR_het
ATTGCTCCAAGTTGCAAAGTAGAG-1-0,TP53_CALR_het
ATTGCTCCACATAGATAAGTAGAG-1-0,
ATTGCTCCACCTAAAGAAGTAGAG-1-0,
ATTGCTCCACGATTAGAAGTAGAG-1-0,TP53_EZH2_CALR_mut
ATTGCTCCACTAACTCAAGTAGAG-1-0,TP53_EZH2_CALR_mut
ATTGCTCCACTATGGAAAGTAGAG-1-0,
ATTGCTCCAGTAAGGGAAGTAGAG-1-0,
ATTGCTCCATCATGCTAAGTAGAG-1-0,
ATTGCTCCATGCCTCAAAGTAGAG-1-0,
ATTGCTCCATGCTCCAAAGTAGAG-1-0,
ATTGGCGAGACGCATGAAGTAGAG-1-0,
ATTGGCGAGATGATTGAAGTAGAG-1-0,TP53_EZH2_CALR_mut
ATTGGCGAGCAAACCGAAGTAGAG-1-0,TP53_CALR_het
ATTGGCGAGCCTATATAAGTAGAG-1-0,
ATTGGCGAGGGCACTAAAGTAGAG-1-0,
ATTGGCGAGGTGTCCTAAGTAGAG-1-0,
ATTGGCGAGTCTAACTAAGTAGAG-1-0,TP53_CALR_het
ATTGGCGAGTCTAATCAAGTAGAG-1-0,
ATTGGCGAGTGATTAGAAGTAGAG-1-0,
ATTGGCGAGTGGCTTCAAGTAGAG-1-0,TP53_CALR_het
ATTGGCGAGTTGGATAAAGTAGAG-1-0,TP53_EZH2_CALR_mut
ATTGGCTGTAAAGCATAAGTAGAG-1-0,TP53_CALR_het
ATTGGCTGTAAGCGTAAAGTAGAG-1-0,
ATTGGCTGTACAAACGAAGTAGAG-1-0,
ATTGGCTGTACGTTACAAGTAGAG-1-0,
ATTGGCTGTCAAAGGCAAGTAGAG-1-0,
ATTGGCTGTCAGGATAAAGTAGAG-1-0,TP53_EZH2_CALR_mut
ATTGGCTGTCCTTCGTAAGTAGAG-1-0,
ATTGGCTGTCTTTATCAAGTAGAG-1-0,
ATTGGCTGTGCTGCACAAGTAGAG-1-0,TP53_EZH2_CALR_mut
ATTGGCTGTGTGTTACAAGTAGAG-1-0,TP53_CALR_het
ATTGGCTGTGTTTGTAAAGTAGAG-1-0,TP53_CALR_het
ATTGGCTGTTAGACTCAAGTAGAG-1-0,
ATTGGCTGTTAGCGGGAAGTAGAG-1-0,
ATTGGCTGTTGCTGTGAAGTAGAG-1-0,TP53_EZH2_CALR_mut
ATTGGGAGTAGTTGTCAAGTAGAG-1-0,
ATTGGGAGTATAGTGGAAGTAGAG-1-0,
ATTGGGAGTCAATTCAAAGTAGAG-1-0,TP53_CALR_het
ATTGGGAGTCCGGTACAAGTAGAG-1-0,TP53_EZH2_CALR_mut
ATTGGGAGTGGCGTAGAAGTAGAG-1-0,TP53_CALR_het
ATTGGGAGTTAGTAGGAAGTAGAG-1-0,
ATTGGGAGTTGAGGACAAGTAGAG-1-0,ZRSR2_CALR_mut
ATTGGGAGTTTGTTTCAAGTAGAG-1-0,TP53_CALR_het
ATTGTTGGTAATGAACAAGTAGAG-1-0,TP53_CALR_het
ATTGTTGGTACGAATGAAGTAGAG-1-0,TP53_CALR_het
ATTGTTGGTATTCGTAAAGTAGAG-1-0,
ATTGTTGGTATTTGTGAAGTAGAG-1-0,ZRSR2_CALR_mut
ATTGTTGGTGATCCTGAAGTAGAG-1-0,TP53_CALR_het
ATTGTTGGTGGCGTAGAAGTAGAG-1-0,
ATTGTTGGTGGTTCTGAAGTAGAG-1-0,TP53_CALR_het
ATTGTTGGTTGAGGACAAGTAGAG-1-0,
ATTGTTGGTTTACTGAAAGTAGAG-1-0,TP53_EZH2_CALR_mut
ATTTACGGTACTAACCAAGTAGAG-1-0,
ATTTACGGTCATGAAGAAGTAGAG-1-0,
ATTTACGGTCATTTAGAAGTAGAG-1-0,TP53_CALR_het
ATTTACGGTGCAGCTCAAGTAGAG-1-0,TP53_CALR_het
ATTTACGGTGGTTCGCAAGTAGAG-1-0,
ATTTACGGTTAGCGGGAAGTAGAG-1-0,ZRSR2_CALR_mut
ATTTACGGTTTATGGCAAGTAGAG-1-0,
ATTTAGCTCAAGGGCCAAGTAGAG-1-0,
ATTTAGCTCACATTACAAGTAGAG-1-0,
ATTTAGCTCACCAGCTAAGTAGAG-1-0,
ATTTAGCTCACCCTCCAAGTAGAG-1-0,TP53_CALR_het
ATTTAGCTCCAATGAAAAGTAGAG-1-0,
ATTTAGCTCCGAAAGTAAGTAGAG-1-0,TP53_CALR_het
ATTTAGCTCCTGATCAAAGTAGAG-1-0,TP53_CALR_het
ATTTAGCTCGAAATGCAAGTAGAG-1-0,
ATTTAGCTCGACTTGCAAGTAGAG-1-0,TP53_CALR_het
ATTTAGCTCGCAGCAAAAGTAGAG-1-0,
ATTTAGCTCGCGGAACAAGTAGAG-1-0,
ATTTAGCTCTATTGACAAGTAGAG-1-0,
ATTTAGGAGCAGGTCAAAGTAGAG-1-0,
ATTTAGGAGGATGAAGAAGTAGAG-1-0,
ATTTAGGAGTAATGGCAAGTAGAG-1-0,TP53_CALR_het
ATTTAGGAGTCACACCAAGTAGAG-1-0,
ATTTAGGAGTCGAAACAAGTAGAG-1-0,
ATTTCCTGTAATTGCCAAGTAGAG-1-0,
ATTTCCTGTCAATTCAAAGTAGAG-1-0,
ATTTCCTGTCCAGCACAAGTAGAG-1-0,TP53_EZH2_CALR_het
ATTTCCTGTGCCCGATAAGTAGAG-1-0,
ATTTCCTGTGTTGCTGAAGTAGAG-1-0,
ATTTCCTGTTAATCCAAAGTAGAG-1-0,TP53_EZH2_CALR_mut
ATTTCGAGTCATCATAAAGTAGAG-1-0,TP53_CALR_het
ATTTCGAGTGTGACCCAAGTAGAG-1-0,
ATTTCGAGTTTCACCCAAGTAGAG-1-0,ZRSR2_CALR_mut
ATTTGCAGTACAAACGAAGTAGAG-1-0,TP53_CALR_het
ATTTGCAGTACTGCCAAAGTAGAG-1-0,ZRSR2_CALR_mut
ATTTGCAGTAGGAGGAAAGTAGAG-1-0,TP53_CALR_het
ATTTGCAGTAGTCATCAAGTAGAG-1-0,TP53_CALR_het
ATTTGCAGTATTCAGCAAGTAGAG-1-0,
ATTTGCAGTCTGTGATAAGTAGAG-1-0,TP53_CALR_het
ATTTGCAGTGCGATAAAAGTAGAG-1-0,TP53_EZH2_CALR_mut
ATTTGCAGTGCTCCAAAAGTAGAG-1-0,TP53_CALR_het
ATTTGCAGTTCGGTCAAAGTAGAG-1-0,
ATTTGCAGTTGGAGCGAAGTAGAG-1-0,
ATTTGCCCAAACTTGGAAGTAGAG-1-0,
ATTTGCCCAAGTTGGCAAGTAGAG-1-0,
ATTTGCCCAATCGTTCAAGTAGAG-1-0,ZRSR2_CALR_mut
ATTTGCCCAATGGATTAAGTAGAG-1-0,
ATTTGCCCACCAGCTCAAGTAGAG-1-0,
ATTTGCCCACGGTCGAAAGTAGAG-1-0,TP53_EZH2_CALR_mut
ATTTGCCCACTCAGTTAAGTAGAG-1-0,
ATTTGGTTCACCTGTAAAGTAGAG-1-0,
ATTTGGTTCATGAGGTAAGTAGAG-1-0,
ATTTGGTTCATTGCATAAGTAGAG-1-0,
ATTTGGTTCCCAAATTAAGTAGAG-1-0,
ATTTGGTTCCTGATCAAAGTAGAG-1-0,TP53_CALR_het
ATTTGGTTCCTGTTCTAAGTAGAG-1-0,
ATTTGGTTCGCGAAATAAGTAGAG-1-0,
ATTTGGTTCTATCACGAAGTAGAG-1-0,TP53_EZH2_CALR_mut
ATTTGTCAGAGAGCAAAAGTAGAG-1-0,TP53_CALR_het
ATTTGTCAGATATTGGAAGTAGAG-1-0,
ATTTGTCAGCGAATCGAAGTAGAG-1-0,
ATTTGTCAGGACAACTAAGTAGAG-1-0,
ATTTGTCAGGCCAACAAAGTAGAG-1-0,
ATTTGTCAGGGTCTAGAAGTAGAG-1-0,
ATTTGTGGTCACTATAAAGTAGAG-1-0,
ATTTGTGGTCCTCCATAAGTAGAG-1-0,TP53_EZH2_CALR_mut
ATTTGTGGTCCTGCAAAAGTAGAG-1-0,TP53_CALR_het
ATTTGTGGTCTAACCGAAGTAGAG-1-0,TP53_CALR_het
ATTTGTGGTGCAGCTCAAGTAGAG-1-0,TP53_CALR_het
ATTTGTGGTGCATCGCAAGTAGAG-1-0,
ATTTGTGGTGGCCCATAAGTAGAG-1-0,TP53_EZH2_CALR_mut
ATTTGTGGTTCATTAGAAGTAGAG-1-0,
ATTTGTGGTTTCGCCTAAGTAGAG-1-0,
CAAACAATCAATCGCCAAGTAGAG-1-0,TP53_CALR_het
CAAACAATCATTATGCAAGTAGAG-1-0,
CAAACAATCCCTCGTCAAGTAGAG-1-0,
CAAACAATCCTTAGATAAGTAGAG-1-0,TP53_CALR_het
CAAACAATCGCCTAGTAAGTAGAG-1-0,TP53_EZH2_CALR_mut
CAAACAATCGCGAAATAAGTAGAG-1-0,TP53_CALR_het
CAAACAATCGCTTGCGAAGTAGAG-1-0,TP53_CALR_het
CAAACAATCTAACCTGAAGTAGAG-1-0,
CAAACAATCTGGCTACAAGTAGAG-1-0,
CAAACTTTCAACCGGAAAGTAGAG-1-0,
CAAACTTTCAACCTATAAGTAGAG-1-0,
CAAACTTTCCACAATTAAGTAGAG-1-0,
CAAACTTTCCGCAACTAAGTAGAG-1-0,ZRSR2_CALR_mut
CAAACTTTCCTAAGTTAAGTAGAG-1-0,
CAAACTTTCCTCACGGAAGTAGAG-1-0,
CAAACTTTCGCGTTACAAGTAGAG-1-0,
CAAACTTTCGGTAAACAAGTAGAG-1-0,
CAAACTTTCGTCAATTAAGTAGAG-1-0,
CAAACTTTCGTGATGGAAGTAGAG-1-0,
CAAACTTTCGTTAACTAAGTAGAG-1-0,
CAAAGCTAGACAACACAAGTAGAG-1-0,
CAAAGCTAGAGGAGGTAAGTAGAG-1-0,TP53_EZH2_CALR_mut
CAAAGCTAGCTAACTTAAGTAGAG-1-0,
CAAAGCTAGGCTACTCAAGTAGAG-1-0,
CAAAGCTAGGTAACTAAAGTAGAG-1-0,
CAAAGCTAGGTTAGTAAAGTAGAG-1-0,TP53_CALR_het
CAAAGCTAGTCCTGACAAGTAGAG-1-0,
CAAAGCTAGTCGAAACAAGTAGAG-1-0,
CAAAGGGCAACAAGCCAAGTAGAG-1-0,
CAAAGGGCAACCGTGGAAGTAGAG-1-0,
CAAAGGGCAATTAGACAAGTAGAG-1-0,
CAAAGGGCACAAGCGTAAGTAGAG-1-0,TP53_EZH2_CALR_mut
CAAAGGGCAGGCTAACAAGTAGAG-1-0,
CAAAGGGCATATAGGTAAGTAGAG-1-0,
CAAAGGGCATCACAGAAAGTAGAG-1-0,
CAAAGGGCATGGCTAAAAGTAGAG-1-0,TP53_CALR_het
CAAAGGGCATTTGCTAAAGTAGAG-1-0,TP53_EZH2_CALR_mut
CAAAGTCAGAGCCGGTAAGTAGAG-1-0,TP53_CALR_het
CAAAGTCAGCAAATCAAAGTAGAG-1-0,
CAAAGTCAGCAGCTAGAAGTAGAG-1-0,TP53_CALR_het
CAAAGTCAGCCAGAGCAAGTAGAG-1-0,TP53_CALR_het
CAAAGTCAGGAACCTGAAGTAGAG-1-0,TP53_CALR_het
CAAAGTCAGGATGCATAAGTAGAG-1-0,TP53_CALR_het
CAAAGTCAGTCACTATAAGTAGAG-1-0,TP53_EZH2_CALR_mut
CAAATCAAGAAACTCAAAGTAGAG-1-0,
CAAATCAAGCAAATCAAAGTAGAG-1-0,
CAAATCAAGCATGTGGAAGTAGAG-1-0,
CAAATCAAGCGAGTTGAAGTAGAG-1-0,TP53_EZH2_CALR_mut
CAAATCAAGCGCAAGCAAGTAGAG-1-0,TP53_CALR_het
CAAATCAAGCTTACCAAAGTAGAG-1-0,
CAAATCAAGTCTAATCAAGTAGAG-1-0,ZRSR2_CALR_mut
CAAATCAAGTGCTGAGAAGTAGAG-1-0,
CAAATCCGTGTGTCGCAAGTAGAG-1-0,
CAAATCCGTTCAAGCTAAGTAGAG-1-0,
CAAATCCGTTCACCTCAAGTAGAG-1-0,TP53_EZH2_CALR_mut
CAAATCCGTTGGCCACAAGTAGAG-1-0,TP53_CALR_het
CAAATCCGTTGTTTAGAAGTAGAG-1-0,ZRSR2_CALR_mut
CAAATCCGTTTATCGAAAGTAGAG-1-0,TP53_CALR_het
CAAATTGAGACCAGGCAAGTAGAG-1-0,
CAAATTGAGCATTTCGAAGTAGAG-1-0,TP53_CALR_het
CAAATTGAGGTCTTGCAAGTAGAG-1-0,TP53_CALR_het
CAACCAACAAATGACTAAGTAGAG-1-0,
CAACCAACAACAAGTTAAGTAGAG-1-0,TP53_CALR_het
CAACCAACAACGTTAGAAGTAGAG-1-0,
CAACCAACAGCACCTCAAGTAGAG-1-0,
CAACCAACATCAGGACAAGTAGAG-1-0,ZRSR2_CALR_mut
CAACCAACATTTATCGAAGTAGAG-1-0,
CAACCGGCACTAACGAAAGTAGAG-1-0,TP53_EZH2_CALR_mut
CAACCGGCACTCAATCAAGTAGAG-1-0,
CAACCGGCAGCCATAAAAGTAGAG-1-0,TP53_CALR_het
CAACCGTTCACAAGCGAAGTAGAG-1-0,
CAACCGTTCACAGGATAAGTAGAG-1-0,TP53_CALR_het
CAACCGTTCAGGGATTAAGTAGAG-1-0,TP53_CALR_het
CAACCGTTCATAGGCGAAGTAGAG-1-0,TP53_EZH2_CALR_mut
CAACCGTTCATTTGCGAAGTAGAG-1-0,TP53_CALR_het
CAACCGTTCGGTTCCGAAGTAGAG-1-0,TP53_CALR_het
CAACCGTTCTAATCACAAGTAGAG-1-0,ZRSR2_CALR_mut
CAACCGTTCTCACCGGAAGTAGAG-1-0,TP53_CALR_het
CAACCTATCCAGCTTAAAGTAGAG-1-0,TP53_EZH2_CALR_mut
CAACCTATCCCTCAAAAAGTAGAG-1-0,ZRSR2_CALR_mut
CAACCTATCGGGCAGTAAGTAGAG-1-0,TP53_CALR_het
CAACCTATCTCTATGGAAGTAGAG-1-0,
CAACCTATCTGGGAATAAGTAGAG-1-0,TP53_CALR_het
CAACCTGGTACTTATGAAGTAGAG-1-0,
CAACCTGGTGCTGAAAAAGTAGAG-1-0,ZRSR2_CALR_mut
CAACCTGGTTTGTCAAAAGTAGAG-1-0,TP53_EZH2_CALR_mut
CAACCTTCAACCGTAAAAGTAGAG-1-0,
CAACCTTCAAGGCTTAAAGTAGAG-1-0,
CAACCTTCAAGTCGCGAAGTAGAG-1-0,
CAACCTTCACATTGAGAAGTAGAG-1-0,
CAACCTTCACCACATTAAGTAGAG-1-0,TP53_CALR_het
CAACCTTCACGGTCGAAAGTAGAG-1-0,TP53_EZH2_CALR_mut
CAACCTTCAGCTAGACAAGTAGAG-1-0,TP53_CALR_het
CAACCTTCATAATGACAAGTAGAG-1-0,
CAACCTTCATAGGCGTAAGTAGAG-1-0,
CAACTAAAGACCTTGCAAGTAGAG-1-0,TP53_CALR_het
CAACTAAAGCCATAAAAAGTAGAG-1-0,
CAACTAAAGCCATCACAAGTAGAG-1-0,ZRSR2_CALR_mut
CAACTAAAGCTACGTCAAGTAGAG-1-0,
CAACTAAAGGAGTCATAAGTAGAG-1-0,TP53_CALR_het
CAACTAAAGGTCAAGTAAGTAGAG-1-0,TP53_CALR_het
CAACTTAGTAAGCTAGAAGTAGAG-1-0,TP53_CALR_het
CAACTTAGTAGTAACGAAGTAGAG-1-0,TP53_CALR_het
CAACTTAGTGCTGATTAAGTAGAG-1-0,ZRSR2_CALR_mut
CAACTTAGTGGATGCGAAGTAGAG-1-0,
CAACTTAGTTCCAGCAAAGTAGAG-1-0,
CAACTTGTCACCAGCTAAGTAGAG-1-0,
CAACTTGTCAGCGGGTAAGTAGAG-1-0,
CAACTTGTCATCCAGCAAGTAGAG-1-0,
CAACTTGTCATGACCCAAGTAGAG-1-0,TP53_CALR_het
CAACTTGTCCTCAAGCAAGTAGAG-1-0,
CAACTTGTCCTCAATGAAGTAGAG-1-0,
CAACTTGTCTAAGTCTAAGTAGAG-1-0,
CAACTTGTCTATTGACAAGTAGAG-1-0,TP53_CALR_het
CAACTTGTCTCTCGCCAAGTAGAG-1-0,
CAACTTGTCTGTGACCAAGTAGAG-1-0,
CAAGACTAGAAGCATCAAGTAGAG-1-0,TP53_CALR_het
CAAGACTAGACAAAGGAAGTAGAG-1-0,
CAAGACTAGACTAACAAAGTAGAG-1-0,TP53_CALR_het
CAAGACTAGCACGGTAAAGTAGAG-1-0,
CAAGACTAGGCGATATAAGTAGAG-1-0,
CAAGACTAGGCGGATCAAGTAGAG-1-0,ZRSR2_CALR_mut
CAAGACTAGTTGGCCTAAGTAGAG-1-0,TP53_EZH2_CALR_mut
CAAGACTAGTTTGAGAAAGTAGAG-1-0,
CAAGATTCACCTTTGGAAGTAGAG-1-0,TP53_CALR_het
CAAGATTCACTAGTAGAAGTAGAG-1-0,
CAAGATTCAGCAATTGAAGTAGAG-1-0,TP53_EZH2_CALR_mut
CAAGATTCAGCACTAAAAGTAGAG-1-0,
CAAGATTCAGTTATGGAAGTAGAG-1-0,
CAAGATTCATTGCCTGAAGTAGAG-1-0,
CAAGCGATCAGTCTATAAGTAGAG-1-0,
CAAGCGATCATAACCTAAGTAGAG-1-0,TP53_CALR_het
CAAGCGATCCCTTTGTAAGTAGAG-1-0,TP53_CALR_het
CAAGCGATCCGCAATCAAGTAGAG-1-0,
CAAGCGATCTTGAATCAAGTAGAG-1-0,
CAAGGCCAGAGGAGGTAAGTAGAG-1-0,TP53_EZH2_CALR_mut
CAAGGCCAGAGGCGTCAAGTAGAG-1-0,
CAAGGCCAGATAACGCAAGTAGAG-1-0,
CAAGGCCAGCACGGTAAAGTAGAG-1-0,
CAAGGCCAGCGCTCCAAAGTAGAG-1-0,
CAAGGCCAGCTTACCAAAGTAGAG-1-0,
CAAGGCCAGGGTTAACAAGTAGAG-1-0,TP53_EZH2_CALR_mut
CAAGGCCAGGTCAAGTAAGTAGAG-1-0,TP53_CALR_het
CAAGGCCAGGTTCTTGAAGTAGAG-1-0,
CAAGGCCAGGTTGCAGAAGTAGAG-1-0,TP53_CALR_het
CAAGGCCAGGTTGTAAAAGTAGAG-1-0,
CAAGGCCAGTCACACCAAGTAGAG-1-0,TP53_EZH2_CALR_mut
CAAGGCCAGTCATAAGAAGTAGAG-1-0,TP53_CALR_het
CAAGGTCCAATTAGGTAAGTAGAG-1-0,
CAAGGTCCATGAGTCAAAGTAGAG-1-0,
CAAGGTTAGACAACACAAGTAGAG-1-0,
CAAGGTTAGATGCCTCAAGTAGAG-1-0,
CAAGGTTAGCAATCCCAAGTAGAG-1-0,TP53_EZH2_CALR_mut
CAAGGTTAGCGAAGTTAAGTAGAG-1-0,TP53_EZH2_CALR_mut
CAAGGTTAGCGCTCCAAAGTAGAG-1-0,
CAAGGTTAGCGGCTTTAAGTAGAG-1-0,
CAAGGTTAGGGTCTAGAAGTAGAG-1-0,
CAAGGTTAGGTGAGAAAAGTAGAG-1-0,TP53_EZH2_CALR_mut
CAAGGTTAGGTTGGGCAAGTAGAG-1-0,
CAAGGTTAGTGTGATAAAGTAGAG-1-0,TP53_CALR_het
CAAGGTTAGTTATGGAAAGTAGAG-1-0,
CAAGTCCTCAGGCCAAAAGTAGAG-1-0,
CAAGTCCTCCCTCGTCAAGTAGAG-1-0,
CAAGTCCTCCGAATTTAAGTAGAG-1-0,
CAAGTCCTCGCCTCGAAAGTAGAG-1-0,ZRSR2_CALR_mut
CAAGTCCTCTCAGCTAAAGTAGAG-1-0,TP53_CALR_het
CAAGTCCTCTGGCCATAAGTAGAG-1-0,
CAAGTCGAGAACCTCCAAGTAGAG-1-0,TP53_CALR_het
CAAGTCGAGACAAGCTAAGTAGAG-1-0,
CAAGTCGAGACCTTGCAAGTAGAG-1-0,TP53_EZH2_CALR_mut
CAAGTCGAGCAAGTTAAAGTAGAG-1-0,TP53_EZH2_CALR_mut
CAAGTCGAGCCTGCCAAAGTAGAG-1-0,
CAAGTCGAGCTTTACGAAGTAGAG-1-0,ZRSR2_CALR_mut
CAAGTCGAGTCTTGCAAAGTAGAG-1-0,
CAAGTCGAGTTTGACTAAGTAGAG-1-0,TP53_EZH2_CALR_het
CAATAAGTCAATGTGAAAGTAGAG-1-0,TP53_CALR_het
CAATAAGTCAGGTTAAAAGTAGAG-1-0,TP53_CALR_het
CAATAAGTCATGTCATAAGTAGAG-1-0,TP53_EZH2_CALR_mut
CAATAAGTCCATAAAGAAGTAGAG-1-0,
CAATAAGTCCGGATAGAAGTAGAG-1-0,
CAATAAGTCCGTCAACAAGTAGAG-1-0,TP53_CALR_het
CAATAAGTCCTAAAGAAAGTAGAG-1-0,TP53_CALR_het
CAATAAGTCGTTCAATAAGTAGAG-1-0,TP53_EZH2_CALR_mut
CAATAAGTCTAATGAGAAGTAGAG-1-0,ZRSR2_CALR_mut
CAATACTTCAATCGCCAAGTAGAG-1-0,TP53_EZH2_CALR_mut
CAATACTTCAATTTGCAAGTAGAG-1-0,
CAATACTTCACGAACGAAGTAGAG-1-0,
CAATACTTCACTAGGGAAGTAGAG-1-0,TP53_EZH2_CALR_mut
CAATACTTCACTCGCGAAGTAGAG-1-0,TP53_EZH2_CALR_mut
CAATACTTCATGGTCCAAGTAGAG-1-0,TP53_CALR_het
CAATACTTCCAACAGGAAGTAGAG-1-0,TP53_CALR_het
CAATACTTCCAACATTAAGTAGAG-1-0,
CAATAGCAGACTAATGAAGTAGAG-1-0,
CAATAGCAGACTCAAAAAGTAGAG-1-0,TP53_EZH2_CALR_mut
CAATAGCAGATGATTGAAGTAGAG-1-0,
CAATAGCAGCATCCCGAAGTAGAG-1-0,TP53_EZH2_CALR_mut
CAATAGCAGCCATAAAAAGTAGAG-1-0,
CAATAGCAGCGCTACTAAGTAGAG-1-0,
CAATAGCAGGCACTAGAAGTAGAG-1-0,
CAATAGCAGTGGCTTCAAGTAGAG-1-0,
CAATAGTCAAGTTAACAAGTAGAG-1-0,
CAATAGTCAATACTGGAAGTAGAG-1-0,
CAATAGTCACATTGTCAAGTAGAG-1-0,
CAATAGTCACTCAAAGAAGTAGAG-1-0,ZRSR2_CALR_mut
CAATAGTCAGCGATCGAAGTAGAG-1-0,TP53_CALR_het
CAATAGTCATGCGCAGAAGTAGAG-1-0,
CAATCCATCAAAGGGAAAGTAGAG-1-0,
CAATCCATCCATCCTTAAGTAGAG-1-0,
CAATCCATCGAGGTTGAAGTAGAG-1-0,TP53_CALR_het
CAATCCATCTTTGGTGAAGTAGAG-1-0,TP53_CALR_het
CAATCGCTCAGCACAGAAGTAGAG-1-0,TP53_CALR_het
CAATCGCTCCAAATTCAAGTAGAG-1-0,ZRSR2_CALR_mut
CAATCGCTCCAACTATAAGTAGAG-1-0,TP53_CALR_het
CAATCGCTCCGAATTTAAGTAGAG-1-0,
CAATCGCTCGCGTTCGAAGTAGAG-1-0,TP53_EZH2_CALR_mut
CAATCGCTCGGGACTAAAGTAGAG-1-0,TP53_EZH2_CALR_mut
CAATGCCTCAAAGGCTAAGTAGAG-1-0,
CAATGCCTCAAAGGGAAAGTAGAG-1-0,TP53_CALR_het
CAATGCCTCAAGTTAGAAGTAGAG-1-0,TP53_EZH2_CALR_mut
CAATGCCTCCTAAGTTAAGTAGAG-1-0,TP53_CALR_het
CAATGCCTCTATGCATAAGTAGAG-1-0,TP53_CALR_het
CAATGCCTCTATTCGGAAGTAGAG-1-0,TP53_CALR_het
CAATGCCTCTTAATGCAAGTAGAG-1-0,
CAATGGGTCCCAGTACAAGTAGAG-1-0,
CAATGGGTCCCTCGCTAAGTAGAG-1-0,TP53_CALR_het
CAATGGGTCGAACGTGAAGTAGAG-1-0,TP53_CALR_het
CAATGGGTCGATTACTAAGTAGAG-1-0,
CAATGGGTCGCCTAGTAAGTAGAG-1-0,
CAATGGGTCTAGTTACAAGTAGAG-1-0,ZRSR2_CALR_mut
CAATGTTTCAAACCAAAAGTAGAG-1-0,
CAATGTTTCAACCGGAAAGTAGAG-1-0,
CAATGTTTCACGGACAAAGTAGAG-1-0,TP53_CALR_het
CAATGTTTCATGGTCCAAGTAGAG-1-0,
CAATGTTTCCCAGTACAAGTAGAG-1-0,
CAATGTTTCCCGCTGAAAGTAGAG-1-0,TP53_CALR_het
CAATGTTTCGAACGTGAAGTAGAG-1-0,
CAATGTTTCGAAGCATAAGTAGAG-1-0,
CAATGTTTCGCAGGACAAGTAGAG-1-0,
CAATGTTTCGCTTCAAAAGTAGAG-1-0,
CAATGTTTCGTAACTTAAGTAGAG-1-0,
CAATGTTTCGTGATTTAAGTAGAG-1-0,TP53_EZH2_CALR_mut
CAATGTTTCTCAGCTAAAGTAGAG-1-0,
CAATGTTTCTTTAAGCAAGTAGAG-1-0,
CAATTGCGTAATGCGAAAGTAGAG-1-0,ZRSR2_CALR_mut
CAATTGCGTACCGCACAAGTAGAG-1-0,TP53_EZH2_CALR_mut
CAATTGCGTCAACAAGAAGTAGAG-1-0,
CAATTGCGTCATCAGTAAGTAGAG-1-0,TP53_CALR_het
CAATTGCGTCCGGGTTAAGTAGAG-1-0,ZRSR2_CALR_mut
CAATTGCGTCCTTCTAAAGTAGAG-1-0,TP53_CALR_het
CAATTGCGTTAGAGGCAAGTAGAG-1-0,
CACAAAGGTAAAGGCCAAGTAGAG-1-0,
CACAAAGGTCCATTAAAAGTAGAG-1-0,TP53_CALR_het
CACAAGCCAAACCGTAAAGTAGAG-1-0,
CACAAGCCAAGATAAGAAGTAGAG-1-0,TP53_EZH2_CALR_mut
CACAAGCCAAGCTCAAAAGTAGAG-1-0,
CACAAGCCAAGTTTCCAAGTAGAG-1-0,
CACAAGCCAATTAGACAAGTAGAG-1-0,
CACAAGCCAATTGAGTAAGTAGAG-1-0,
CACAAGCCACCTCGACAAGTAGAG-1-0,TP53_EZH2_CALR_mut
CACAAGCCACTCAAAGAAGTAGAG-1-0,TP53_CALR_het
CACAAGCCAGCACTAAAAGTAGAG-1-0,
CACAAGCCATGGTCAAAAGTAGAG-1-0,TP53_CALR_het
CACAAGCCATTGAGATAAGTAGAG-1-0,TP53_CALR_het
CACAAGGTCATGATGAAAGTAGAG-1-0,ZRSR2_CALR_mut
CACAAGGTCCATCCGGAAGTAGAG-1-0,
CACAAGGTCCGCCCAAAAGTAGAG-1-0,
CACAAGGTCCTTTCGTAAGTAGAG-1-0,
CACAAGGTCGCAGCAAAAGTAGAG-1-0,
CACAAGGTCTAAGTAGAAGTAGAG-1-0,
CACAATAAGACAGACTAAGTAGAG-1-0,
CACAATAAGATAACTGAAGTAGAG-1-0,TP53_CALR_het
CACAATAAGATAGCCGAAGTAGAG-1-0,TP53_EZH2_CALR_mut
CACAATAAGCACGTTCAAGTAGAG-1-0,
CACAATAAGCCAAACGAAGTAGAG-1-0,TP53_EZH2_CALR_mut
CACAATAAGCCTATATAAGTAGAG-1-0,
CACAATAAGTGGACCAAAGTAGAG-1-0,TP53_CALR_het
CACAATAAGTGTGAGTAAGTAGAG-1-0,
CACAATAAGTGTGATAAAGTAGAG-1-0,
CACAATAAGTTATTGCAAGTAGAG-1-0,
CACAGATAGAACCTCCAAGTAGAG-1-0,ZRSR2_CALR_mut
CACAGATAGCAACTTTAAGTAGAG-1-0,
CACAGATAGCATCTATAAGTAGAG-1-0,TP53_EZH2_CALR_mut
CACAGATAGCCCGTTGAAGTAGAG-1-0,
CACAGATAGCTTAAAGAAGTAGAG-1-0,TP53_EZH2_CALR_mut
CACAGATAGGTTAGTAAAGTAGAG-1-0,TP53_CALR_het
CACAGATAGTCTTGCAAAGTAGAG-1-0,
CACAGATAGTGTGAGTAAGTAGAG-1-0,TP53_CALR_het
CACAGATAGTTACTCGAAGTAGAG-1-0,
CACAGATAGTTATTGCAAGTAGAG-1-0,
CACAGCAAGAAGTACCAAGTAGAG-1-0,
CACAGCAAGATTCGTTAAGTAGAG-1-0,
CACAGCAAGCAAGACTAAGTAGAG-1-0,TP53_EZH2_CALR_mut
CACAGCAAGCCGCTATAAGTAGAG-1-0,TP53_CALR_het
CACAGCAAGCGATGGCAAGTAGAG-1-0,TP53_EZH2_CALR_mut
CACAGCAAGCTCGACTAAGTAGAG-1-0,TP53_EZH2_CALR_mut
CACAGCAAGGCGCGATAAGTAGAG-1-0,TP53_EZH2_CALR_mut
CACAGCAAGTGCTGAGAAGTAGAG-1-0,
CACAGCAAGTTGGATAAAGTAGAG-1-0,TP53_EZH2_CALR_mut
CACATAAAGATGCAACAAGTAGAG-1-0,
CACATAAAGCCAGAGCAAGTAGAG-1-0,ZRSR2_CALR_mut
CACATAAAGCCTTAATAAGTAGAG-1-0,TP53_CALR_het
CACATAAAGCTTACATAAGTAGAG-1-0,
CACATAAAGGCGAGTCAAGTAGAG-1-0,TP53_EZH2_CALR_mut
CACATAAAGGCGATATAAGTAGAG-1-0,TP53_CALR_het
CACATAAAGGCTTATTAAGTAGAG-1-0,TP53_EZH2_CALR_mut
CACATAAAGGTTCCGTAAGTAGAG-1-0,TP53_EZH2_CALR_mut
CACATAAAGTACCAGGAAGTAGAG-1-0,
CACATAAAGTCAACAAAAGTAGAG-1-0,
CACATAAAGTCATGAAAAGTAGAG-1-0,TP53_EZH2_CALR_mut
CACATAAAGTCTAACTAAGTAGAG-1-0,
CACCAACTCATTATGCAAGTAGAG-1-0,
CACCAACTCCGAATTTAAGTAGAG-1-0,
CACCAACTCGACTTGCAAGTAGAG-1-0,TP53_EZH2_CALR_mut
CACCAACTCGGGCAACAAGTAGAG-1-0,TP53_CALR_het
CACCAACTCTCAAACTAAGTAGAG-1-0,
CACCAACTCTTCAAGTAAGTAGAG-1-0,
CACCCATAGCAAATTGAAGTAGAG-1-0,TP53_CALR_het
CACCCATAGCAGGTTGAAGTAGAG-1-0,TP53_EZH2_CALR_mut
CACCCATAGCGAGCTAAAGTAGAG-1-0,
CACCCATAGGTCGAGCAAGTAGAG-1-0,
CACCCATAGTTAGGCGAAGTAGAG-1-0,
CACCTGGTCAACCGGAAAGTAGAG-1-0,
CACCTGGTCAACTGTTAAGTAGAG-1-0,
CACCTGGTCATGCATTAAGTAGAG-1-0,
CACCTGGTCCAGAACGAAGTAGAG-1-0,
CACCTGGTCCATCCAAAAGTAGAG-1-0,TP53_CALR_het
CACCTGGTCCGCCATGAAGTAGAG-1-0,
CACCTGGTCCTAATCGAAGTAGAG-1-0,
CACCTGGTCCTGGAAGAAGTAGAG-1-0,
CACCTGGTCGACCCATAAGTAGAG-1-0,TP53_EZH2_CALR_mut
CACCTGGTCGCGAGTAAAGTAGAG-1-0,
CACCTGGTCTATGCATAAGTAGAG-1-0,ZRSR2_CALR_mut
CACCTGGTCTCAGCACAAGTAGAG-1-0,TP53_EZH2_CALR_mut
CACGAACCAAATAACCAAGTAGAG-1-0,TP53_EZH2_CALR_mut
CACGAACCAACAAAGAAAGTAGAG-1-0,
CACGAACCAATTGAACAAGTAGAG-1-0,
CACGAACCACTAGTAGAAGTAGAG-1-0,TP53_EZH2_CALR_mut
CACGAACCAGCTAGACAAGTAGAG-1-0,TP53_CALR_het
CACGAACCAGGCTATAAAGTAGAG-1-0,
CACGCATTCAGGCCTTAAGTAGAG-1-0,TP53_CALR_het
CACGCATTCAGGTCGAAAGTAGAG-1-0,TP53_CALR_het
CACGCATTCATGGAACAAGTAGAG-1-0,TP53_CALR_het
CACGCATTCCATCCGGAAGTAGAG-1-0,
CACGCATTCCTCACGGAAGTAGAG-1-0,
CACGCATTCGCAAATAAAGTAGAG-1-0,
CACGCATTCTAAGTCTAAGTAGAG-1-0,TP53_CALR_het
CACGCATTCTAATTGCAAGTAGAG-1-0,TP53_EZH2_CALR_mut
CACGCATTCTTGAGGGAAGTAGAG-1-0,
CACGTTATCAGCACGAAAGTAGAG-1-0,
CACGTTATCAGTAGCGAAGTAGAG-1-0,TP53_CALR_het
CACGTTATCCAAAGGTAAGTAGAG-1-0,TP53_CALR_het
CACGTTATCCATAGAAAAGTAGAG-1-0,
CACGTTATCCCTCTCAAAGTAGAG-1-0,
CACGTTATCCTTATGGAAGTAGAG-1-0,TP53_CALR_het
CACGTTATCCTTTCTAAAGTAGAG-1-0,TP53_EZH2_CALR_mut
CACGTTATCGGTCAAGAAGTAGAG-1-0,
CACGTTATCTAATGAGAAGTAGAG-1-0,
CACTAACGTACGAATGAAGTAGAG-1-0,
CACTAACGTAGTCATCAAGTAGAG-1-0,
CACTAACGTCATTATGAAGTAGAG-1-0,ZRSR2_CALR_mut
CACTAACGTCCGCTAAAAGTAGAG-1-0,ZRSR2_CALR_mut
CACTAACGTGATTACCAAGTAGAG-1-0,TP53_CALR_het
CACTAACGTGTGAGTAAAGTAGAG-1-0,TP53_EZH2_CALR_mut
CACTAGCTCATGCGTCAAGTAGAG-1-0,
CACTAGCTCCGCCACAAAGTAGAG-1-0,
CACTAGCTCGTCAATTAAGTAGAG-1-0,ZRSR2_CALR_mut
CACTATGTCATGTCATAAGTAGAG-1-0,TP53_CALR_het
CACTATGTCCCATTGAAAGTAGAG-1-0,TP53_CALR_het
CACTATGTCCGCCTCTAAGTAGAG-1-0,TP53_EZH2_CALR_mut
CACTATGTCCTAAATCAAGTAGAG-1-0,
CACTATGTCCTGGAAGAAGTAGAG-1-0,
CACTATGTCTAAGTAGAAGTAGAG-1-0,
CACTATGTCTGGTCTAAAGTAGAG-1-0,TP53_CALR_het
CACTCCCTCAAGATGCAAGTAGAG-1-0,ZRSR2_CALR_mut
CACTCCCTCATCAGCCAAGTAGAG-1-0,TP53_CALR_het
CACTCCCTCATTTAGCAAGTAGAG-1-0,
CACTCCCTCCGTGACTAAGTAGAG-1-0,TP53_CALR_het
CACTCCCTCGAAGCATAAGTAGAG-1-0,TP53_CALR_het
CACTGTCAGAACCTAAAAGTAGAG-1-0,TP53_CALR_het
CACTGTCAGATAACGCAAGTAGAG-1-0,
CACTGTCAGCAAACTAAAGTAGAG-1-0,
CACTGTCAGCAAAGCTAAGTAGAG-1-0,TP53_CALR_het
CACTGTCAGCACTAGGAAGTAGAG-1-0,ZRSR2_CALR_mut
CACTGTCAGCTTATCGAAGTAGAG-1-0,TP53_CALR_het
CACTGTCAGCTTTACGAAGTAGAG-1-0,TP53_CALR_het
CACTGTCAGTGATGGTAAGTAGAG-1-0,TP53_CALR_het
CACTGTCAGTTTCGCAAAGTAGAG-1-0,TP53_CALR_het
CACTTGATCAACCGCTAAGTAGAG-1-0,
CACTTGATCACCATATAAGTAGAG-1-0,TP53_EZH2_CALR_mut
CACTTGATCGCCTCTCAAGTAGAG-1-0,
CACTTGATCTCAAGAAAAGTAGAG-1-0,ZRSR2_CALR_mut
CACTTGATCTTCAAGTAAGTAGAG-1-0,
CACTTTACAAACCTGAAAGTAGAG-1-0,
CACTTTACAAGCCTAAAAGTAGAG-1-0,TP53_EZH2_CALR_mut
CACTTTACACCATACTAAGTAGAG-1-0,
CACTTTACACCTAACTAAGTAGAG-1-0,
CACTTTACACTAAGCAAAGTAGAG-1-0,
CACTTTACACTCAGTTAAGTAGAG-1-0,TP53_EZH2_CALR_mut
CACTTTACACTGACTTAAGTAGAG-1-0,
CACTTTACAGTTGCCCAAGTAGAG-1-0,TP53_CALR_het
CACTTTACATAGCGCGAAGTAGAG-1-0,
CACTTTACATGGCGCAAAGTAGAG-1-0,
CACTTTACATGGGTTAAAGTAGAG-1-0,
CAGAATGGTACACCCAAAGTAGAG-1-0,
CAGAATGGTAGCCTTGAAGTAGAG-1-0,
CAGAATGGTTGTCATAAAGTAGAG-1-0,
CAGACCAAGGTATGGTAAGTAGAG-1-0,
CAGACCAAGTTACTCGAAGTAGAG-1-0,TP53_EZH2_CALR_mut
CAGACCAAGTTGCAAAAAGTAGAG-1-0,
CAGAGAGCAAACCGGTAAGTAGAG-1-0,
CAGAGAGCAAGATGCCAAGTAGAG-1-0,
CAGAGAGCAAGCGAAGAAGTAGAG-1-0,TP53_EZH2_CALR_mut
CAGAGAGCAATTGCGAAAGTAGAG-1-0,
CAGAGAGCACCGTTTGAAGTAGAG-1-0,
CAGAGAGCACCTAAGAAAGTAGAG-1-0,
CAGAGAGCACCTCGACAAGTAGAG-1-0,
CAGAGAGCAGGATTGCAAGTAGAG-1-0,
CAGAGAGCAGGTGACTAAGTAGAG-1-0,
CAGAGAGCATAGCGCGAAGTAGAG-1-0,
CAGATAATCAAGGGCCAAGTAGAG-1-0,
CAGATAATCACAAATGAAGTAGAG-1-0,TP53_CALR_het
CAGATAATCACCTAATAAGTAGAG-1-0,TP53_EZH2_CALR_mut
CAGATAATCGCCACATAAGTAGAG-1-0,TP53_CALR_het
CAGATAATCGGTACGAAAGTAGAG-1-0,TP53_CALR_het
CAGATAATCTGCCATAAAGTAGAG-1-0,TP53_CALR_het
CAGATAATCTGTCAATAAGTAGAG-1-0,
CAGATTCGTAAAGCGCAAGTAGAG-1-0,TP53_EZH2_CALR_mut
CAGATTCGTAAGAATCAAGTAGAG-1-0,
CAGATTCGTAGCCACCAAGTAGAG-1-0,TP53_EZH2_CALR_mut
CAGATTCGTCAACTACAAGTAGAG-1-0,
CAGATTCGTCACCAGCAAGTAGAG-1-0,TP53_EZH2_CALR_mut
CAGATTCGTGGACCCTAAGTAGAG-1-0,TP53_CALR_het
CAGATTCGTGGCGTAGAAGTAGAG-1-0,
CAGATTCGTGGTTATCAAGTAGAG-1-0,
CAGATTCGTGTCCAGCAAGTAGAG-1-0,
CAGCAATAGAGGCGGAAAGTAGAG-1-0,TP53_EZH2_CALR_mut
CAGCAATAGATTCGTTAAGTAGAG-1-0,
CAGCAATAGCACTACCAAGTAGAG-1-0,TP53_EZH2_CALR_mut
CAGCAATAGGCTGTGAAAGTAGAG-1-0,
CAGCAATAGGTGAATCAAGTAGAG-1-0,TP53_CALR_het
CAGCAATAGGTTCGAGAAGTAGAG-1-0,TP53_EZH2_CALR_mut
CAGCAATAGGTTGCAGAAGTAGAG-1-0,
CAGCCAGCAAACGGTCAAGTAGAG-1-0,
CAGCCAGCAACCATTCAAGTAGAG-1-0,TP53_CALR_het
CAGCCAGCAACTTGTCAAGTAGAG-1-0,
CAGCCAGCACACTGGGAAGTAGAG-1-0,TP53_CALR_het
CAGCCAGCACCAACAAAAGTAGAG-1-0,TP53_CALR_het
CAGCCAGCAGGACTACAAGTAGAG-1-0,TP53_CALR_het
CAGCGAATCACATTCGAAGTAGAG-1-0,
CAGCGAATCCGCCACAAAGTAGAG-1-0,
CAGCGAATCGCGAGTAAAGTAGAG-1-0,
CAGCGAATCTGGTCTAAAGTAGAG-1-0,
CAGCTAGAGAAACCCGAAGTAGAG-1-0,TP53_EZH2_CALR_mut
CAGCTAGAGATAGCTAAAGTAGAG-1-0,
CAGCTAGAGATGCCTCAAGTAGAG-1-0,TP53_CALR_het
CAGCTAGAGCACTACCAAGTAGAG-1-0,TP53_EZH2_CALR_mut
CAGCTAGAGGCGCAACAAGTAGAG-1-0,
CAGCTAGAGGTTACTTAAGTAGAG-1-0,
CAGCTGGCAAGCTCAAAAGTAGAG-1-0,
CAGCTGGCAATACCCTAAGTAGAG-1-0,
CAGCTGGCAATCAAACAAGTAGAG-1-0,TP53_EZH2_CALR_mut
CAGCTGGCAGCTACCCAAGTAGAG-1-0,TP53_CALR_het
CAGCTGGCAGGAATAAAAGTAGAG-1-0,
CAGCTGGCATAACCGAAAGTAGAG-1-0,TP53_CALR_het
CAGCTGGCATGGATTGAAGTAGAG-1-0,TP53_CALR_het
CAGGAAGCAAGCCTCCAAGTAGAG-1-0,TP53_EZH2_CALR_mut
CAGGAAGCACCGGTAGAAGTAGAG-1-0,
CAGGAAGCAGTTAAACAAGTAGAG-1-0,ZRSR2_CALR_mut
CAGGAAGCATGGCGCAAAGTAGAG-1-0,
CAGGAAGCATTGCCTGAAGTAGAG-1-0,TP53_CALR_het
CAGGATAGTATTCGACAAGTAGAG-1-0,ZRSR2_CALR_mut
CAGGATAGTCATGCATAAGTAGAG-1-0,
CAGGATAGTGTGAGTAAAGTAGAG-1-0,
CAGGATAGTTAGTGGAAAGTAGAG-1-0,
CAGGATAGTTCACCTCAAGTAGAG-1-0,ZRSR2_CALR_mut
CAGGATAGTTCGAATCAAGTAGAG-1-0,
CAGGATAGTTGGTTTAAAGTAGAG-1-0,TP53_EZH2_CALR_mut
CAGGATCCAAACGGTCAAGTAGAG-1-0,
CAGGATCCAAGGGTCTAAGTAGAG-1-0,
CAGGATCCACTAACTCAAGTAGAG-1-0,TP53_CALR_het
CAGGATCCACTCCCTTAAGTAGAG-1-0,
CAGGATCCAGTTATCCAAGTAGAG-1-0,
CAGGATCCATAGTCAGAAGTAGAG-1-0,
CAGGATCCATTCCTGGAAGTAGAG-1-0,
CAGGATCCATTGCCTGAAGTAGAG-1-0,
CAGGATCCATTTGGAGAAGTAGAG-1-0,
CAGGATTAGAAACCCGAAGTAGAG-1-0,TP53_CALR_het
CAGGATTAGACTCCTAAAGTAGAG-1-0,TP53_EZH2_CALR_mut
CAGGATTAGAGCCGGTAAGTAGAG-1-0,ZRSR2_CALR_mut
CAGGATTAGCGAAGCCAAGTAGAG-1-0,
CAGGATTAGGAAACTCAAGTAGAG-1-0,
CAGGATTAGGGAGGCAAAGTAGAG-1-0,
CAGGATTAGGGCCTTTAAGTAGAG-1-0,
CAGGATTAGGTAGTTAAAGTAGAG-1-0,TP53_CALR_het
CAGGCGAGTAACCGCCAAGTAGAG-1-0,ZRSR2_CALR_mut
CAGGCGAGTACTAACCAAGTAGAG-1-0,
CAGGCGAGTAGCCTTGAAGTAGAG-1-0,TP53_CALR_het
CAGGCGAGTCTAACCGAAGTAGAG-1-0,TP53_EZH2_CALR_mut
CAGGCGAGTGGCTTTGAAGTAGAG-1-0,ZRSR2_CALR_mut
CAGGCGAGTTTGTTTCAAGTAGAG-1-0,
CAGGCTAAGCAAACCGAAGTAGAG-1-0,
CAGGCTAAGCACGGTAAAGTAGAG-1-0,
CAGGCTAAGCATGTGGAAGTAGAG-1-0,TP53_CALR_het
CAGGCTAAGCGGCTTTAAGTAGAG-1-0,
CAGGCTAAGGCTTAGGAAGTAGAG-1-0,
CAGGCTAAGGGTCTAGAAGTAGAG-1-0,TP53_CALR_het
CAGGCTAAGGGTTTCCAAGTAGAG-1-0,
CAGGCTAAGTAACTTCAAGTAGAG-1-0,TP53_EZH2_CALR_mut
CAGGCTAAGTATGGTAAAGTAGAG-1-0,
CAGGCTAAGTTTGACTAAGTAGAG-1-0,
CAGGGCAGTAAGCGTAAAGTAGAG-1-0,TP53_CALR_het
CAGGGCAGTACGAACAAAGTAGAG-1-0,TP53_CALR_het
CAGGGCAGTGTCCTTCAAGTAGAG-1-0,TP53_CALR_het
CAGGGCAGTTGGTTACAAGTAGAG-1-0,TP53_CALR_het
CAGGTAAGTACGGTTTAAGTAGAG-1-0,TP53_CALR_het
CAGGTAAGTACGTTCGAAGTAGAG-1-0,TP53_EZH2_CALR_mut
CAGGTAAGTCATGCATAAGTAGAG-1-0,TP53_EZH2_CALR_mut
CAGGTAAGTCTGTGATAAGTAGAG-1-0,
CAGGTAAGTGTAATGGAAGTAGAG-1-0,TP53_CALR_het
CAGGTAAGTTAGCATCAAGTAGAG-1-0,
CAGGTAAGTTAGCGGGAAGTAGAG-1-0,ZRSR2_CALR_mut
CAGGTAAGTTAGTAGGAAGTAGAG-1-0,TP53_EZH2_CALR_mut
CAGGTATAGAAACCCGAAGTAGAG-1-0,
CAGGTATAGACGCATGAAGTAGAG-1-0,TP53_CALR_het
CAGGTATAGAGGAGGTAAGTAGAG-1-0,
CAGGTATAGCCACTCGAAGTAGAG-1-0,
CAGGTATAGCTAAATGAAGTAGAG-1-0,
CAGGTATAGCTTACCAAAGTAGAG-1-0,ZRSR2_CALR_mut
CAGGTATAGCTTAGTTAAGTAGAG-1-0,TP53_CALR_het
CAGGTATAGGACAACTAAGTAGAG-1-0,TP53_EZH2_CALR_mut
CAGGTATAGGCCTCTGAAGTAGAG-1-0,
CAGGTATAGGTTGTAAAAGTAGAG-1-0,
CAGGTCAAGAGGATGAAAGTAGAG-1-0,
CAGGTCAAGCTTATCGAAGTAGAG-1-0,
CAGGTCAAGGTATTTCAAGTAGAG-1-0,ZRSR2_CALR_mut
CAGGTCAAGTCAGGCAAAGTAGAG-1-0,
CAGGTCAAGTTAGTTCAAGTAGAG-1-0,
CAGGTTACAAACCGGTAAGTAGAG-1-0,ZRSR2_CALR_mut
CAGGTTACAAGCGAAGAAGTAGAG-1-0,
CAGGTTACAAGCTAATAAGTAGAG-1-0,TP53_CALR_het
CAGGTTACAATGGCCGAAGTAGAG-1-0,TP53_CALR_het
CAGGTTACACGTAGGTAAGTAGAG-1-0,
CAGGTTACAGCGATCGAAGTAGAG-1-0,TP53_EZH2_CALR_mut
CAGGTTACAGGATCCGAAGTAGAG-1-0,
CAGGTTACATCAGGACAAGTAGAG-1-0,TP53_EZH2_CALR_mut
CAGGTTCTCACCAGCTAAGTAGAG-1-0,TP53_CALR_het
CAGGTTCTCCAAACAAAAGTAGAG-1-0,TP53_CALR_het
CAGGTTCTCGTCCATAAAGTAGAG-1-0,TP53_CALR_het
CAGGTTGAGACTAACAAAGTAGAG-1-0,
CAGGTTGAGATGGATCAAGTAGAG-1-0,TP53_CALR_het
CAGGTTGAGCAGCCAAAAGTAGAG-1-0,
CAGGTTGAGGATGGTTAAGTAGAG-1-0,
CAGGTTGAGGCAGGCTAAGTAGAG-1-0,ZRSR2_CALR_mut
CAGGTTGAGGCTACTCAAGTAGAG-1-0,
CAGGTTGAGGGTTGGCAAGTAGAG-1-0,
CAGGTTGAGTACCCACAAGTAGAG-1-0,TP53_CALR_het
CAGGTTGAGTTAGGCGAAGTAGAG-1-0,
CAGGTTTGTAAGGTTGAAGTAGAG-1-0,ZRSR2_CALR_mut
CAGGTTTGTACTTCAAAAGTAGAG-1-0,
CAGGTTTGTGGTGAGTAAGTAGAG-1-0,
CAGGTTTGTGTTAGCTAAGTAGAG-1-0,TP53_CALR_het
CAGTATTTCAAAGGGAAAGTAGAG-1-0,
CAGTATTTCACTGTCAAAGTAGAG-1-0,TP53_CALR_het
CAGTATTTCATGCGTCAAGTAGAG-1-0,
CAGTATTTCATGGTCCAAGTAGAG-1-0,TP53_EZH2_CALR_mut
CAGTATTTCCAAACGGAAGTAGAG-1-0,TP53_EZH2_CALR_mut
CAGTATTTCGGTCAAGAAGTAGAG-1-0,ZRSR2_CALR_mut
CAGTATTTCGTGATTTAAGTAGAG-1-0,TP53_CALR_het
CAGTATTTCTTTGGTGAAGTAGAG-1-0,
CAGTGAAGTAACTTGCAAGTAGAG-1-0,TP53_CALR_het
CAGTGAAGTAATGAACAAGTAGAG-1-0,TP53_CALR_het
CAGTGAAGTACTGCCAAAGTAGAG-1-0,
CAGTGAAGTCGAAGTAAAGTAGAG-1-0,TP53_CALR_het
CAGTGAAGTCTACCAGAAGTAGAG-1-0,
CAGTGAAGTGTTTGCGAAGTAGAG-1-0,
CAGTGAAGTTGGGTTTAAGTAGAG-1-0,TP53_CALR_het
CAGTGAAGTTTCCAAAAAGTAGAG-1-0,
CAGTGAGTCATAACCTAAGTAGAG-1-0,TP53_CALR_het
CAGTGAGTCGACCCATAAGTAGAG-1-0,TP53_EZH2_CALR_mut
CAGTGTGAGCATTACTAAGTAGAG-1-0,
CAGTGTGAGCTCAACCAAGTAGAG-1-0,TP53_CALR_het
CAGTGTGAGCTTAGTTAAGTAGAG-1-0,TP53_CALR_het
CAGTGTGAGGGCACTAAAGTAGAG-1-0,ZRSR2_CALR_mut
CAGTGTGAGGTTATGAAAGTAGAG-1-0,TP53_EZH2_CALR_mut
CAGTTAAAGAAACCCGAAGTAGAG-1-0,TP53_CALR_het
CAGTTAAAGACGCATGAAGTAGAG-1-0,
CAGTTAAAGCGCCTTGAAGTAGAG-1-0,TP53_CALR_het
CAGTTAAAGCTCGATCAAGTAGAG-1-0,TP53_EZH2_CALR_mut
CAGTTAAAGCTTAAAGAAGTAGAG-1-0,TP53_EZH2_CALR_mut
CAGTTAAAGGTCTTTGAAGTAGAG-1-0,TP53_EZH2_CALR_mut
CAGTTAAAGGTTGTAAAAGTAGAG-1-0,
CAGTTAAAGTTTGCTGAAGTAGAG-1-0,ZRSR2_CALR_mut
CATAAACCAAATACCGAAGTAGAG-1-0,
CATAAACCACTAGTAGAAGTAGAG-1-0,
CATAAACCACTGTCATAAGTAGAG-1-0,
CATAAACCAGCTTAAGAAGTAGAG-1-0,TP53_EZH2_CALR_mut
CATAAACCATGCGCAGAAGTAGAG-1-0,
CATAAACCATGGATTGAAGTAGAG-1-0,TP53_EZH2_CALR_mut
CATAAACCATTACTTGAAGTAGAG-1-0,
CATAAACCATTCAGGAAAGTAGAG-1-0,
CATAAACCATTTAGCCAAGTAGAG-1-0,
CATAATCTCAACATTCAAGTAGAG-1-0,
CATAATCTCACTATACAAGTAGAG-1-0,ZRSR2_CALR_mut
CATAATCTCATCAAGAAAGTAGAG-1-0,
CATAATCTCCAAATAGAAGTAGAG-1-0,
CATAATCTCTATCACGAAGTAGAG-1-0,TP53_CALR_het
CATAATCTCTATGCATAAGTAGAG-1-0,
CATAATCTCTGTCAGCAAGTAGAG-1-0,TP53_CALR_het
CATAATCTCTGTGCACAAGTAGAG-1-0,
CATAATGAGAGCAATCAAGTAGAG-1-0,TP53_CALR_het
CATAATGAGGTGAGAAAAGTAGAG-1-0,
CATAATGAGGTGAGTTAAGTAGAG-1-0,
CATAATGAGGTTGGGCAAGTAGAG-1-0,
CATAATGAGTCAGGCAAAGTAGAG-1-0,TP53_CALR_het
CATAATGAGTGTTTCGAAGTAGAG-1-0,
CATAATGAGTTGGCCTAAGTAGAG-1-0,
CATACCGGTAAACCCTAAGTAGAG-1-0,
CATACCGGTAACTTGCAAGTAGAG-1-0,
CATACCGGTACGTCCAAAGTAGAG-1-0,
CATACCGGTCACTATAAAGTAGAG-1-0,TP53_CALR_het
CATACCGGTGAGAAGGAAGTAGAG-1-0,
CATACCGGTTAGCATCAAGTAGAG-1-0,TP53_CALR_het
CATACCGGTTTAACCAAAGTAGAG-1-0,ZRSR2_CALR_mut
CATACTTAGACCATTTAAGTAGAG-1-0,TP53_EZH2_CALR_mut
CATACTTAGAGGAGGTAAGTAGAG-1-0,TP53_CALR_het
CATACTTAGCTCCCTCAAGTAGAG-1-0,
CATACTTAGGGAGGATAAGTAGAG-1-0,TP53_EZH2_CALR_mut
CATACTTAGTCAGGCAAAGTAGAG-1-0,
CATACTTAGTCCTCAAAAGTAGAG-1-0,
CATACTTAGTCGTTCAAAGTAGAG-1-0,
CATACTTAGTGTGCAGAAGTAGAG-1-0,
CATACTTAGTTGCGCTAAGTAGAG-1-0,
CATAGAGGTACTGCCAAAGTAGAG-1-0,
CATAGAGGTCCATTAAAAGTAGAG-1-0,
CATAGAGGTCCTTCTAAAGTAGAG-1-0,
CATAGAGGTGGTTACTAAGTAGAG-1-0,
CATAGAGGTTGGGCGAAAGTAGAG-1-0,
CATAGAGGTTTGAGCTAAGTAGAG-1-0,TP53_EZH2_CALR_mut
CATAGCCTCAGGGATTAAGTAGAG-1-0,
CATAGCCTCCAGATAAAAGTAGAG-1-0,
CATAGCCTCCGCCTCTAAGTAGAG-1-0,
CATAGCCTCTAACTACAAGTAGAG-1-0,TP53_CALR_het
CATAGCCTCTAGCCTAAAGTAGAG-1-0,
CATAGCGAGAAGGTCTAAGTAGAG-1-0,TP53_EZH2_CALR_mut
CATAGCGAGACTCCTAAAGTAGAG-1-0,
CATAGCGAGACTGAGTAAGTAGAG-1-0,
CATAGCGAGCTTAAAGAAGTAGAG-1-0,
CATAGCGAGCTTAGTTAAGTAGAG-1-0,ZRSR2_CALR_mut
CATAGCGAGGAAACTCAAGTAGAG-1-0,TP53_CALR_het
CATAGCGAGGCCATTCAAGTAGAG-1-0,TP53_EZH2_CALR_mut
CATAGCGAGGCTAGATAAGTAGAG-1-0,
CATAGCTGTAATGGTGAAGTAGAG-1-0,TP53_EZH2_CALR_mut
CATAGCTGTCCTCCTGAAGTAGAG-1-0,
CATAGGCCAAAGGGATAAGTAGAG-1-0,TP53_EZH2_CALR_mut
CATAGGCCAAGTTGGCAAGTAGAG-1-0,
CATAGGCCAGGCCTCTAAGTAGAG-1-0,TP53_EZH2_CALR_mut
CATAGGCCATAGCCTTAAGTAGAG-1-0,TP53_CALR_het
CATAGGCCATAGTCAGAAGTAGAG-1-0,TP53_EZH2_CALR_mut
CATAGGCCATTCAACCAAGTAGAG-1-0,
CATAGGGTCACTTCGAAAGTAGAG-1-0,
CATAGGGTCAGGCCTTAAGTAGAG-1-0,
CATAGGGTCGCATTTGAAGTAGAG-1-0,
CATAGGGTCGGTCAAGAAGTAGAG-1-0,TP53_EZH2_CALR_mut
CATAGGGTCTAAATCCAAGTAGAG-1-0,TP53_CALR_het
CATAGGGTCTGGCCATAAGTAGAG-1-0,
CATAGGGTCTGTCAGCAAGTAGAG-1-0,
CATAGGGTCTTAAGCTAAGTAGAG-1-0,
CATAGGTAGATTCGTTAAGTAGAG-1-0,
CATAGGTAGCAACTTTAAGTAGAG-1-0,
CATAGGTAGCATGTGGAAGTAGAG-1-0,
CATAGGTAGGAACTTAAAGTAGAG-1-0,TP53_CALR_het
CATAGGTAGGCAAGCCAAGTAGAG-1-0,TP53_CALR_het
CATAGGTAGGGTTGCAAAGTAGAG-1-0,TP53_CALR_het
CATAGGTAGGTGCACAAAGTAGAG-1-0,
CATAGGTAGTCTAATCAAGTAGAG-1-0,
CATAGGTAGTTAACAGAAGTAGAG-1-0,
CATATTCAGAGAGCAAAAGTAGAG-1-0,TP53_EZH2_CALR_mut
CATATTCAGAGCAACTAAGTAGAG-1-0,
CATATTCAGAGGCGGAAAGTAGAG-1-0,ZRSR2_CALR_mut
CATATTCAGCTAAATGAAGTAGAG-1-0,TP53_EZH2_CALR_mut
CATATTCAGCTTGAAAAAGTAGAG-1-0,TP53_CALR_het
CATATTCAGGCAGGCTAAGTAGAG-1-0,
CATATTCAGGCTGGTAAAGTAGAG-1-0,
CATATTCAGGGAGGATAAGTAGAG-1-0,
CATATTCAGTAAGCACAAGTAGAG-1-0,TP53_EZH2_CALR_mut
CATATTGGTAACGTTCAAGTAGAG-1-0,TP53_CALR_het
CATATTGGTACAAACGAAGTAGAG-1-0,ZRSR2_CALR_mut
CATATTGGTATGTTTGAAGTAGAG-1-0,
CATATTGGTCACACCAAAGTAGAG-1-0,TP53_CALR_het
CATATTGGTGAACGACAAGTAGAG-1-0,
CATATTGGTGCATCGCAAGTAGAG-1-0,
CATATTGGTGGTTACTAAGTAGAG-1-0,TP53_EZH2_CALR_mut
CATATTGGTGTGAGTAAAGTAGAG-1-0,
CATATTGGTTGCTCCTAAGTAGAG-1-0,TP53_CALR_het
CATATTGGTTTCCTCAAAGTAGAG-1-0,TP53_CALR_het
CATCAAGCAAACAATCAAGTAGAG-1-0,ZRSR2_CALR_mut
CATCAAGCAAGCTAATAAGTAGAG-1-0,
CATCAAGCACACAAATAAGTAGAG-1-0,
CATCAAGCATAGACCAAAGTAGAG-1-0,
CATCAAGCATTCCTTTAAGTAGAG-1-0,
CATCAAGCATTGACTCAAGTAGAG-1-0,TP53_CALR_het
CATCAATTCAAGCGATAAGTAGAG-1-0,
CATCAATTCACAGCCTAAGTAGAG-1-0,TP53_EZH2_CALR_mut
CATCAATTCATGCGTCAAGTAGAG-1-0,TP53_EZH2_CALR_mut
CATCAATTCCCAGACTAAGTAGAG-1-0,
CATCAATTCTCAAACTAAGTAGAG-1-0,
CATCAATTCTGTGCACAAGTAGAG-1-0,TP53_EZH2_CALR_mut
CATCATGTCACGTTATAAGTAGAG-1-0,TP53_CALR_het
CATCATGTCCATCCAAAAGTAGAG-1-0,TP53_CALR_het
CATCATGTCCGTCCAGAAGTAGAG-1-0,TP53_EZH2_CALR_mut
CATCATGTCCTAAAGAAAGTAGAG-1-0,TP53_CALR_het
CATCATGTCCTTTGAGAAGTAGAG-1-0,ZRSR2_CALR_mut
CATCATGTCGCTCAGTAAGTAGAG-1-0,TP53_CALR_het
CATCATGTCTATTGACAAGTAGAG-1-0,
CATCCTGCACGGTCGAAAGTAGAG-1-0,TP53_CALR_het
CATCCTGCATGACATGAAGTAGAG-1-0,TP53_CALR_het
CATCCTTTCAAGGGCCAAGTAGAG-1-0,TP53_EZH2_CALR_mut
CATCCTTTCACCTAATAAGTAGAG-1-0,
CATCCTTTCATGGTCCAAGTAGAG-1-0,
CATCCTTTCCCAGTACAAGTAGAG-1-0,
CATCCTTTCCTGATCAAAGTAGAG-1-0,
CATCGGTTCACAAAGCAAGTAGAG-1-0,
CATCGGTTCACAACAAAAGTAGAG-1-0,ZRSR2_CALR_mut
CATCGGTTCAGTAGCGAAGTAGAG-1-0,
CATCGGTTCCAACTTGAAGTAGAG-1-0,
CATCGGTTCCTGCAACAAGTAGAG-1-0,
CATCGGTTCGCAGGACAAGTAGAG-1-0,
CATCGGTTCGGTACGAAAGTAGAG-1-0,
CATCGGTTCTCTCGCCAAGTAGAG-1-0,TP53_EZH2_CALR_mut
CATCTTGAGAACCTCCAAGTAGAG-1-0,TP53_CALR_het
CATCTTGAGACGCATGAAGTAGAG-1-0,
CATCTTGAGCACTACCAAGTAGAG-1-0,TP53_EZH2_CALR_mut
CATCTTGAGCGGGACTAAGTAGAG-1-0,
CATCTTGAGCTAACTTAAGTAGAG-1-0,
CATCTTGAGCTTAGTTAAGTAGAG-1-0,TP53_CALR_het
CATCTTGAGGCAATCGAAGTAGAG-1-0,TP53_CALR_het
CATCTTGAGGGAGGATAAGTAGAG-1-0,TP53_CALR_het
CATCTTGAGTCTAATCAAGTAGAG-1-0,TP53_CALR_het
CATCTTGAGTGCAACGAAGTAGAG-1-0,
CATGAAGGTAAAGCATAAGTAGAG-1-0,
CATGAAGGTCAATGTCAAGTAGAG-1-0,
CATGAAGGTCCAATACAAGTAGAG-1-0,
CATGAAGGTCCGCTAAAAGTAGAG-1-0,TP53_EZH2_CALR_mut
CATGAAGGTCGAAGCGAAGTAGAG-1-0,
CATGAAGGTGAATCTCAAGTAGAG-1-0,TP53_CALR_het
CATGAAGGTTAGAGGCAAGTAGAG-1-0,TP53_EZH2_CALR_mut
CATGAAGGTTCGGTCAAAGTAGAG-1-0,ZRSR2_CALR_mut
CATGAAGGTTGTTTGAAAGTAGAG-1-0,TP53_EZH2_CALR_mut
CATGAGGTCCAAACGGAAGTAGAG-1-0,TP53_EZH2_CALR_mut
CATGAGGTCGCACACTAAGTAGAG-1-0,
CATGAGGTCGGTTCCGAAGTAGAG-1-0,TP53_EZH2_CALR_mut
CATGAGGTCGTAACCCAAGTAGAG-1-0,
CATGAGGTCTAGCCTAAAGTAGAG-1-0,
CATGAGGTCTTGAAAGAAGTAGAG-1-0,TP53_CALR_het
CATGAGGTCTTGAGGGAAGTAGAG-1-0,TP53_CALR_het
CATGCCAGTAGTTGTCAAGTAGAG-1-0,TP53_EZH2_CALR_mut
CATGCCAGTATATTCGAAGTAGAG-1-0,
CATGCCAGTCGGTTTGAAGTAGAG-1-0,TP53_EZH2_CALR_mut
CATGCCAGTCTCAGCAAAGTAGAG-1-0,ZRSR2_CALR_mut
CATGCCAGTGTTAGTCAAGTAGAG-1-0,
CATGCTCAGCAGCCAAAAGTAGAG-1-0,
CATGCTCAGCGAAGTTAAGTAGAG-1-0,
CATGCTCAGGAAGCCCAAGTAGAG-1-0,TP53_CALR_het
CATGCTCAGGACAAGAAAGTAGAG-1-0,TP53_CALR_het
CATGCTCAGGGTGGGAAAGTAGAG-1-0,ZRSR2_CALR_mut
CATGCTCAGGTCTTGCAAGTAGAG-1-0,ZRSR2_CALR_mut
CATGCTCAGGTTAGCGAAGTAGAG-1-0,ZRSR2_CALR_mut
CATGCTGGTAGTAACGAAGTAGAG-1-0,
CATGCTGGTCAGGATAAAGTAGAG-1-0,TP53_EZH2_CALR_mut
CATGCTGGTCGAAGGTAAGTAGAG-1-0,TP53_EZH2_CALR_mut
CATGCTGGTGATTAGGAAGTAGAG-1-0,ZRSR2_CALR_mut
CATGCTGGTTAAGGATAAGTAGAG-1-0,
CATGCTGGTTGGTTACAAGTAGAG-1-0,TP53_EZH2_CALR_mut
CATGCTGGTTGTTCCCAAGTAGAG-1-0,
CATGCTTCAAGTGCACAAGTAGAG-1-0,
CATGCTTCACAACAATAAGTAGAG-1-0,TP53_CALR_het
CATGCTTCACACTAAGAAGTAGAG-1-0,
CATGCTTCACCTACTGAAGTAGAG-1-0,
CATGCTTCACCTTTGGAAGTAGAG-1-0,TP53_CALR_het
CATGCTTCAGGCCTCTAAGTAGAG-1-0,TP53_EZH2_CALR_mut
CATGCTTCATCGAACAAAGTAGAG-1-0,
CATGCTTCATGGGTTAAAGTAGAG-1-0,
CATGCTTCATTCTGTAAAGTAGAG-1-0,ZRSR2_CALR_mut
CATGCTTCATTGCCCAAAGTAGAG-1-0,TP53_CALR_het
CATGGTTGTAACGTTCAAGTAGAG-1-0,
CATGGTTGTAGCTTGTAAGTAGAG-1-0,ZRSR2_CALR_mut
CATGGTTGTCCGCTAAAAGTAGAG-1-0,TP53_EZH2_CALR_mut
CATGGTTGTGGCCCATAAGTAGAG-1-0,
CATGGTTGTTAAGGATAAGTAGAG-1-0,TP53_EZH2_CALR_mut
CATGGTTGTTAGTCTAAAGTAGAG-1-0,
CATGGTTGTTGCTGTGAAGTAGAG-1-0,
CATGTTGTCACAAATGAAGTAGAG-1-0,TP53_CALR_het
CATGTTGTCACAGATAAAGTAGAG-1-0,TP53_CALR_het
CATGTTGTCAGGCAATAAGTAGAG-1-0,
CATGTTGTCCGTCAACAAGTAGAG-1-0,
CATGTTGTCCTCCCACAAGTAGAG-1-0,
CATGTTGTCGCTATATAAGTAGAG-1-0,
CATGTTGTCGCTCAACAAGTAGAG-1-0,TP53_CALR_het
CATGTTGTCTGCAACCAAGTAGAG-1-0,TP53_EZH2_CALR_mut
CATGTTGTCTTGAGGGAAGTAGAG-1-0,
CATTACGTCAACCGGAAAGTAGAG-1-0,
CATTACGTCAATGGGTAAGTAGAG-1-0,
CATTACGTCAATGTGAAAGTAGAG-1-0,
CATTACGTCAGGGCACAAGTAGAG-1-0,
CATTACGTCCAATACTAAGTAGAG-1-0,TP53_EZH2_CALR_mut
CATTACGTCCCGTTGGAAGTAGAG-1-0,
CATTACGTCGATTGGGAAGTAGAG-1-0,TP53_CALR_het
CATTACGTCGGTCAAGAAGTAGAG-1-0,TP53_EZH2_CALR_mut
CATTACGTCGTAACCCAAGTAGAG-1-0,
CATTACGTCTTGATCGAAGTAGAG-1-0,TP53_CALR_het
CATTAGCGTAAACTGGAAGTAGAG-1-0,TP53_CALR_het
CATTAGCGTAACCCATAAGTAGAG-1-0,
CATTAGCGTAACGGGTAAGTAGAG-1-0,
CATTAGCGTAACTAGGAAGTAGAG-1-0,
CATTAGCGTAAGCGTAAAGTAGAG-1-0,TP53_EZH2_CALR_mut
CATTAGCGTAAGGTTGAAGTAGAG-1-0,TP53_CALR_het
CATTAGCGTAAGTCGAAAGTAGAG-1-0,
CATTAGCGTATTGACCAAGTAGAG-1-0,TP53_EZH2_CALR_mut
CATTAGCGTCAATTCAAAGTAGAG-1-0,
CATTAGCGTCGTAATCAAGTAGAG-1-0,TP53_EZH2_CALR_mut
CATTAGCGTCTCACTCAAGTAGAG-1-0,
CATTAGCGTGCAGCTCAAGTAGAG-1-0,
CATTAGCGTGGGAACTAAGTAGAG-1-0,
CATTAGCGTGTGTCGCAAGTAGAG-1-0,ZRSR2_CALR_mut
CATTAGCGTTAGCTCGAAGTAGAG-1-0,TP53_CALR_het
CATTAGCGTTATGTGCAAGTAGAG-1-0,
CATTAGCGTTTAACCAAAGTAGAG-1-0,TP53_EZH2_CALR_mut
CATTAGCGTTTCTAAGAAGTAGAG-1-0,TP53_CALR_het
CATTAGGCAAGGTTATAAGTAGAG-1-0,TP53_CALR_het
CATTAGGCAATCAAACAAGTAGAG-1-0,TP53_EZH2_CALR_mut
CATTAGGCAATCATCCAAGTAGAG-1-0,ZRSR2_CALR_mut
CATTAGGCACATGAATAAGTAGAG-1-0,
CATTAGGCAGCACCTCAAGTAGAG-1-0,TP53_EZH2_CALR_mut
CATTAGGCAGTGAGAGAAGTAGAG-1-0,
CATTAGGCATCAGGACAAGTAGAG-1-0,TP53_EZH2_CALR_mut
CATTATGGTAATCCTAAAGTAGAG-1-0,TP53_EZH2_CALR_mut
CATTATGGTGAACGGTAAGTAGAG-1-0,ZRSR2_CALR_mut
CATTATGGTGCTGATTAAGTAGAG-1-0,
CATTATGGTTGCGGGAAAGTAGAG-1-0,TP53_CALR_het
CATTCCTTCCTGACTAAAGTAGAG-1-0,
CATTCCTTCGCCACATAAGTAGAG-1-0,
CATTCCTTCGCGAGTAAAGTAGAG-1-0,
CATTCCTTCGGGCAGTAAGTAGAG-1-0,
CATTCCTTCTAATTGCAAGTAGAG-1-0,
CATTCCTTCTGGCCATAAGTAGAG-1-0,
CATTCCTTCTTAAGGAAAGTAGAG-1-0,TP53_CALR_het
CATTCCTTCTTACTCCAAGTAGAG-1-0,TP53_CALR_het
CATTCGCAGAACCTCCAAGTAGAG-1-0,TP53_CALR_het
CATTCGCAGATAATCGAAGTAGAG-1-0,TP53_CALR_het
CATTCGCAGCCCGTTGAAGTAGAG-1-0,TP53_CALR_het
CATTCGCAGCGAATCGAAGTAGAG-1-0,ZRSR2_CALR_mut
CATTCGCAGCGAATGTAAGTAGAG-1-0,
CATTGAAAGAGCAATCAAGTAGAG-1-0,TP53_CALR_het
CATTGAAAGAGGAGTAAAGTAGAG-1-0,TP53_EZH2_CALR_mut
CATTGAAAGGCCCATTAAGTAGAG-1-0,
CATTGAAAGGTAAGCTAAGTAGAG-1-0,TP53_EZH2_CALR_mut
CATTGAAAGGTATTTCAAGTAGAG-1-0,ZRSR2_CALR_mut
CATTGAAAGGTTAGTAAAGTAGAG-1-0,TP53_CALR_het
CATTGAAAGTCAACAAAAGTAGAG-1-0,
CATTGAAAGTTGCAGGAAGTAGAG-1-0,ZRSR2_CALR_mut
CATTGAAAGTTTGCATAAGTAGAG-1-0,TP53_CALR_het
CATTGACGTCCAATACAAGTAGAG-1-0,TP53_CALR_het
CATTGACGTCCACAATAAGTAGAG-1-0,
CATTGACGTCCGGGTTAAGTAGAG-1-0,TP53_EZH2_CALR_mut
CATTGACGTCTCACTCAAGTAGAG-1-0,
CATTGACGTGAATCTCAAGTAGAG-1-0,TP53_CALR_het
CATTGACGTGGACACGAAGTAGAG-1-0,
CATTGACGTTAATTCGAAGTAGAG-1-0,TP53_CALR_het
CATTGACGTTCGATGTAAGTAGAG-1-0,TP53_CALR_het
CATTGACGTTGTCAGTAAGTAGAG-1-0,TP53_EZH2_CALR_mut
CATTGACGTTTGTGACAAGTAGAG-1-0,TP53_CALR_het
CATTGCGGTAAATAGCAAGTAGAG-1-0,
CATTGCGGTAATGCGAAAGTAGAG-1-0,
CATTGCGGTACAAACGAAGTAGAG-1-0,TP53_CALR_het
CATTGCGGTCTGTGATAAGTAGAG-1-0,TP53_CALR_het
CATTGCGGTGTTAGCTAAGTAGAG-1-0,TP53_EZH2_CALR_mut
CATTGCGGTTAAGCCTAAGTAGAG-1-0,TP53_EZH2_CALR_mut
CATTGCGGTTAGCTCGAAGTAGAG-1-0,TP53_CALR_het
CATTGCGGTTGGCGAGAAGTAGAG-1-0,
CATTGCGGTTTGCTCCAAGTAGAG-1-0,
CATTGTCCAATAAGCTAAGTAGAG-1-0,TP53_CALR_het
CATTGTCCAATCAAGTAAGTAGAG-1-0,TP53_CALR_het
CATTGTCCAATGTTCCAAGTAGAG-1-0,TP53_EZH2_CALR_mut
CATTGTCCACATAGATAAGTAGAG-1-0,TP53_EZH2_CALR_mut
CATTGTCCACTTTATGAAGTAGAG-1-0,TP53_CALR_het
CATTGTCCAGAAAGGTAAGTAGAG-1-0,TP53_CALR_het
CATTGTCCATCCCAATAAGTAGAG-1-0,
CATTGTCCATCCCTCTAAGTAGAG-1-0,
CATTGTCCATGCCTCAAAGTAGAG-1-0,
CATTGTGTCAATTGGAAAGTAGAG-1-0,TP53_CALR_het
CATTGTGTCACGTTCAAAGTAGAG-1-0,TP53_EZH2_CALR_mut
CATTGTGTCAGCGATGAAGTAGAG-1-0,
CATTGTGTCATCACATAAGTAGAG-1-0,TP53_EZH2_CALR_mut
CATTGTGTCATGCGTCAAGTAGAG-1-0,ZRSR2_CALR_mut
CATTGTGTCCATGATTAAGTAGAG-1-0,ZRSR2_CALR_mut
CATTGTGTCCGCCTCTAAGTAGAG-1-0,TP53_EZH2_CALR_mut
CATTGTGTCGAGGTTGAAGTAGAG-1-0,
CATTGTGTCGATTACTAAGTAGAG-1-0,TP53_CALR_het
CATTGTGTCGGTAAACAAGTAGAG-1-0,TP53_EZH2_CALR_mut
CATTGTGTCTGTCAATAAGTAGAG-1-0,TP53_EZH2_CALR_mut
CATTGTGTCTTGAAGAAAGTAGAG-1-0,TP53_CALR_het
CATTTAGGTCACACCAAAGTAGAG-1-0,TP53_EZH2_CALR_mut
CATTTAGGTCCTGCAAAAGTAGAG-1-0,
CATTTAGGTCTATCTTAAGTAGAG-1-0,
CATTTAGGTCTCACTCAAGTAGAG-1-0,TP53_CALR_het
CATTTAGGTGGGTGTGAAGTAGAG-1-0,
CATTTAGGTTGTTCCCAAGTAGAG-1-0,TP53_CALR_het
CATTTCGAGATAGCCGAAGTAGAG-1-0,
CATTTCGAGCAAAGCTAAGTAGAG-1-0,
CATTTCGAGCCATAAAAAGTAGAG-1-0,TP53_CALR_het
CATTTCGAGCTCCCTCAAGTAGAG-1-0,
CATTTCGAGGATCCCTAAGTAGAG-1-0,
CATTTCGAGGTTAGACAAGTAGAG-1-0,
CATTTCGAGTCAAACAAAGTAGAG-1-0,TP53_CALR_het
CATTTCGAGTGCCCTGAAGTAGAG-1-0,TP53_EZH2_CALR_mut
CATTTCGAGTGCTGAGAAGTAGAG-1-0,
CATTTCGAGTTGGCCTAAGTAGAG-1-0,
CATTTCTGTACGTAAGAAGTAGAG-1-0,
CATTTCTGTATGTTGCAAGTAGAG-1-0,
CATTTCTGTGATTACCAAGTAGAG-1-0,
CATTTCTGTGCAATAGAAGTAGAG-1-0,TP53_EZH2_CALR_mut
CATTTCTGTGCGGTTCAAGTAGAG-1-0,
CATTTCTGTGGATGGTAAGTAGAG-1-0,TP53_CALR_het
CATTTCTGTTAAGTCCAAGTAGAG-1-0,
CATTTCTGTTCGGTCAAAGTAGAG-1-0,
CATTTCTGTTGGCCACAAGTAGAG-1-0,TP53_EZH2_CALR_mut
CATTTCTGTTTGGCCAAAGTAGAG-1-0,
CATTTGGTCAATGTGAAAGTAGAG-1-0,TP53_EZH2_CALR_mut
CATTTGGTCACAAATGAAGTAGAG-1-0,TP53_CALR_het
CATTTGGTCACAGGATAAGTAGAG-1-0,TP53_CALR_het
CATTTGGTCAGGTAACAAGTAGAG-1-0,TP53_CALR_het
CATTTGGTCATTTGCGAAGTAGAG-1-0,TP53_CALR_het
CATTTGGTCCATAAAGAAGTAGAG-1-0,ZRSR2_CALR_mut
CATTTGGTCCCGTTCCAAGTAGAG-1-0,
CATTTGGTCCGCCTCTAAGTAGAG-1-0,TP53_EZH2_CALR_mut
CATTTGGTCCTAATCGAAGTAGAG-1-0,
CCAAACCTCACTAATCAAGTAGAG-1-0,
CCAAACCTCACTGTCAAAGTAGAG-1-0,
CCAAACCTCATTGCATAAGTAGAG-1-0,ZRSR2_CALR_mut
CCAAACCTCCAGCTACAAGTAGAG-1-0,
CCAAACCTCCCAGACTAAGTAGAG-1-0,TP53_EZH2_CALR_het
CCAAACCTCCCTCGCTAAGTAGAG-1-0,
CCAAACCTCCGCCCAAAAGTAGAG-1-0,
CCAAACCTCGCGAGTAAAGTAGAG-1-0,
CCAAACCTCTAATGAGAAGTAGAG-1-0,TP53_CALR_het
CCAAACTGTAACTACCAAGTAGAG-1-0,
CCAAACTGTCACTAGTAAGTAGAG-1-0,ZRSR2_CALR_mut
CCAAACTGTTATGAGGAAGTAGAG-1-0,ZRSR2_CALR_mut
CCAAACTGTTCGATGTAAGTAGAG-1-0,TP53_EZH2_CALR_mut
CCAAACTGTTGAGGACAAGTAGAG-1-0,TP53_EZH2_CALR_mut
CCAAACTGTTGTTTGAAAGTAGAG-1-0,TP53_CALR_het
CCAAACTGTTTGGCCAAAGTAGAG-1-0,
CCAAAGCCAAACGGGAAAGTAGAG-1-0,ZRSR2_CALR_mut
CCAAAGCCAATGAGCCAAGTAGAG-1-0,
CCAAAGCCACCAGCCTAAGTAGAG-1-0,TP53_EZH2_CALR_mut
CCAAAGCCACTGTCATAAGTAGAG-1-0,
CCAAAGCCAGCCTGAGAAGTAGAG-1-0,TP53_CALR_het
CCAACCGTCAGGTAACAAGTAGAG-1-0,
CCAACCGTCAGTTAGAAAGTAGAG-1-0,
CCAACCGTCCAGGAATAAGTAGAG-1-0,
CCAACCGTCCTAAGGGAAGTAGAG-1-0,TP53_EZH2_CALR_mut
CCAACCGTCGACTTGCAAGTAGAG-1-0,
CCAACCGTCGATATAGAAGTAGAG-1-0,
CCAACCGTCGCTATATAAGTAGAG-1-0,TP53_CALR_het
CCAACCGTCGGGCAACAAGTAGAG-1-0,TP53_EZH2_CALR_mut
CCAACCGTCGTTCAATAAGTAGAG-1-0,
CCAACTGGTAGTAACGAAGTAGAG-1-0,
CCAACTGGTATGTTGCAAGTAGAG-1-0,
CCAACTGGTCTGTGATAAGTAGAG-1-0,ZRSR2_CALR_mut
CCAACTGGTGACCTGCAAGTAGAG-1-0,TP53_EZH2_CALR_mut
CCAACTGGTTTGAGCTAAGTAGAG-1-0,TP53_CALR_het
CCAAGACCAATGGATTAAGTAGAG-1-0,TP53_CALR_het
CCAAGACCAATTAGACAAGTAGAG-1-0,
CCAAGACCACACAAATAAGTAGAG-1-0,
CCAAGACCACATTGAGAAGTAGAG-1-0,
CCAAGACCACTAGTAGAAGTAGAG-1-0,TP53_EZH2_CALR_mut
CCAAGACCAGCTCGCTAAGTAGAG-1-0,TP53_EZH2_CALR_mut
CCAAGACCATAATGACAAGTAGAG-1-0,TP53_EZH2_CALR_mut
CCAAGACCATACCTTAAAGTAGAG-1-0,TP53_EZH2_CALR_mut
CCAAGCTTCACCACACAAGTAGAG-1-0,
CCAAGCTTCCAAATAGAAGTAGAG-1-0,TP53_CALR_het
CCAAGCTTCCATAACTAAGTAGAG-1-0,
CCAAGCTTCCTTATGGAAGTAGAG-1-0,TP53_CALR_het
CCAAGCTTCGCATTTGAAGTAGAG-1-0,
CCAAGCTTCGCTTCAAAAGTAGAG-1-0,TP53_CALR_het
CCAAGCTTCGTAACCCAAGTAGAG-1-0,TP53_CALR_het
CCAAGCTTCGTCCCGAAAGTAGAG-1-0,
CCAAGCTTCTATTGCGAAGTAGAG-1-0,
CCAAGGATCATTGAAGAAGTAGAG-1-0,
CCAAGGATCCAAATAGAAGTAGAG-1-0,TP53_CALR_het
CCAAGGATCCAATACTAAGTAGAG-1-0,
CCAAGGATCCCTCAAAAAGTAGAG-1-0,
CCAAGGATCCGCCTCTAAGTAGAG-1-0,
CCAAGGATCGCGAGTAAAGTAGAG-1-0,TP53_CALR_het
CCAAGGATCTGTCAATAAGTAGAG-1-0,
CCAAGTGAGCAACATAAAGTAGAG-1-0,
CCAAGTGAGGCCAACAAAGTAGAG-1-0,
CCAAGTGAGTATGGGTAAGTAGAG-1-0,TP53_CALR_het
CCAAGTGAGTCTAATCAAGTAGAG-1-0,
CCAATACGTACAAACGAAGTAGAG-1-0,TP53_CALR_het
CCAATACGTACGTTACAAGTAGAG-1-0,
CCAATACGTCCACAATAAGTAGAG-1-0,TP53_CALR_het
CCAATACGTGACATGAAAGTAGAG-1-0,
CCAATACGTGTCCAATAAGTAGAG-1-0,TP53_CALR_het
CCAATACGTGTGTTACAAGTAGAG-1-0,
CCAATACGTTAGCATCAAGTAGAG-1-0,
CCAATTAGTATGGTAGAAGTAGAG-1-0,
CCAATTAGTATGGTCTAAGTAGAG-1-0,
CCAATTAGTCGTAACTAAGTAGAG-1-0,
CCAATTAGTGACCTTGAAGTAGAG-1-0,
CCAATTAGTGGACACGAAGTAGAG-1-0,
CCAATTAGTGGCTTTGAAGTAGAG-1-0,TP53_EZH2_CALR_mut
CCAATTAGTTACCGTGAAGTAGAG-1-0,
CCAATTAGTTAGCTCGAAGTAGAG-1-0,
CCAATTTAGGAAGCCCAAGTAGAG-1-0,
CCAATTTAGGTGAATCAAGTAGAG-1-0,
CCAATTTAGTCGCGAAAAGTAGAG-1-0,
CCAATTTAGTCTAACTAAGTAGAG-1-0,ZRSR2_CALR_mut
CCACATTCAACTAAGTAAGTAGAG-1-0,
CCACATTCAAGTTGCAAAGTAGAG-1-0,
CCACATTCAATAAGCTAAGTAGAG-1-0,TP53_CALR_het
CCACATTCACGGTAACAAGTAGAG-1-0,TP53_EZH2_CALR_mut
CCACATTCACTATGTCAAGTAGAG-1-0,
CCACATTCAGGTTTCTAAGTAGAG-1-0,TP53_EZH2_CALR_mut
CCACATTCATAGCCTTAAGTAGAG-1-0,
CCACATTCATATCGCTAAGTAGAG-1-0,
CCACATTCATTGTGTCAAGTAGAG-1-0,
CCACTAATCAAGCGATAAGTAGAG-1-0,TP53_CALR_het
CCACTAATCAATCCTGAAGTAGAG-1-0,
CCACTAATCACACAAAAAGTAGAG-1-0,
CCACTAATCATTAGTCAAGTAGAG-1-0,TP53_EZH2_CALR_mut
CCACTAATCCTTGAGCAAGTAGAG-1-0,TP53_CALR_het
CCACTAATCGTAACTTAAGTAGAG-1-0,TP53_CALR_het
CCACTAATCGTTGCACAAGTAGAG-1-0,
CCACTAATCTAAGTAGAAGTAGAG-1-0,TP53_EZH2_CALR_mut
CCACTATCAAACCTGAAAGTAGAG-1-0,TP53_CALR_het
CCACTATCAAAGCCTAAAGTAGAG-1-0,TP53_EZH2_CALR_mut
CCACTATCAAATAAGGAAGTAGAG-1-0,TP53_EZH2_CALR_mut
CCACTATCAACAGGCTAAGTAGAG-1-0,
CCACTATCAATCAAACAAGTAGAG-1-0,
CCACTATCAGTTATGGAAGTAGAG-1-0,
CCAGAAAGTAGCTATCAAGTAGAG-1-0,
CCAGAAAGTTAGTAGGAAGTAGAG-1-0,TP53_EZH2_CALR_mut
CCAGAAAGTTCCGCAAAAGTAGAG-1-0,TP53_CALR_het
CCAGAAAGTTGGCCACAAGTAGAG-1-0,TP53_CALR_het
CCAGAAAGTTTCAGGTAAGTAGAG-1-0,TP53_CALR_het
CCAGAACCAAATAGGAAAGTAGAG-1-0,
CCAGAACCAATCGTTCAAGTAGAG-1-0,
CCAGAACCACACCCACAAGTAGAG-1-0,TP53_EZH2_CALR_mut
CCAGAACCACCTTTGGAAGTAGAG-1-0,
CCAGAACCATGAGCTAAAGTAGAG-1-0,
CCAGAACCATGGGTTAAAGTAGAG-1-0,
CCAGAACCATTACTCAAAGTAGAG-1-0,
CCAGCACGTAGCCAAAAAGTAGAG-1-0,
CCAGCACGTAGTAACGAAGTAGAG-1-0,TP53_CALR_het
CCAGCACGTATGGGACAAGTAGAG-1-0,ZRSR2_CALR_mut
CCAGCACGTATTCGTAAAGTAGAG-1-0,TP53_EZH2_CALR_mut
CCAGCACGTCCTCCTGAAGTAGAG-1-0,TP53_EZH2_CALR_mut
CCAGCACGTGACCTATAAGTAGAG-1-0,TP53_CALR_het
CCAGCACGTGGTTCTGAAGTAGAG-1-0,TP53_EZH2_CALR_mut
CCAGCACGTTCAAGCTAAGTAGAG-1-0,
CCAGCACGTTGCTCCTAAGTAGAG-1-0,
CCAGCACGTTTGTAGCAAGTAGAG-1-0,
CCAGCTAGTAACGTGAAAGTAGAG-1-0,TP53_CALR_het
CCAGCTAGTAATCCGTAAGTAGAG-1-0,TP53_CALR_het
CCAGCTAGTAATGTCCAAGTAGAG-1-0,ZRSR2_CALR_mut
CCAGCTAGTACCTCAGAAGTAGAG-1-0,
CCAGCTAGTACGAATGAAGTAGAG-1-0,
CCAGCTAGTAGCTTGTAAGTAGAG-1-0,
CCAGCTAGTCAATGTCAAGTAGAG-1-0,TP53_EZH2_CALR_mut
CCAGCTAGTGCTCCAAAAGTAGAG-1-0,TP53_CALR_het
CCAGCTAGTTAGCTCGAAGTAGAG-1-0,TP53_CALR_het
CCAGCTAGTTGAGGACAAGTAGAG-1-0,
CCAGCTAGTTGCATCGAAGTAGAG-1-0,
CCAGCTTAGCACCTTAAAGTAGAG-1-0,TP53_CALR_het
CCAGCTTAGCTAGCCTAAGTAGAG-1-0,
CCAGCTTAGGACTTGGAAGTAGAG-1-0,TP53_CALR_het
CCAGCTTAGGCAGGCTAAGTAGAG-1-0,
CCAGCTTAGTAAACCAAAGTAGAG-1-0,
CCAGCTTAGTCCTGACAAGTAGAG-1-0,TP53_EZH2_CALR_mut
CCAGCTTAGTGGCTTCAAGTAGAG-1-0,
CCAGCTTAGTGTTTGTAAGTAGAG-1-0,TP53_CALR_het
CCAGCTTAGTTGCGCTAAGTAGAG-1-0,TP53_CALR_het
CCAGGTTTCAACCAAAAAGTAGAG-1-0,
CCAGGTTTCAAGGGCCAAGTAGAG-1-0,TP53_CALR_het
CCAGGTTTCAATGTTCAAGTAGAG-1-0,ZRSR2_CALR_mut
CCAGGTTTCACAAAGCAAGTAGAG-1-0,TP53_CALR_het
CCAGGTTTCCCACATAAAGTAGAG-1-0,
CCAGGTTTCCGCACCAAAGTAGAG-1-0,TP53_CALR_het
CCAGGTTTCCTTTGAGAAGTAGAG-1-0,
CCAGGTTTCGATTCTGAAGTAGAG-1-0,
CCAGGTTTCTGGCTACAAGTAGAG-1-0,TP53_EZH2_CALR_mut
CCATAACGTATAGTGGAAGTAGAG-1-0,TP53_CALR_het
CCATAACGTGAATCTCAAGTAGAG-1-0,
CCATAACGTTCGATGTAAGTAGAG-1-0,
CCATAACGTTGCGCTAAAGTAGAG-1-0,TP53_CALR_het
CCATCACAGAAGGTCTAAGTAGAG-1-0,TP53_EZH2_CALR_mut
CCATCACAGATATTGGAAGTAGAG-1-0,
CCATCACAGATTCGTTAAGTAGAG-1-0,TP53_CALR_het
CCATCACAGCCATCACAAGTAGAG-1-0,
CCATCACAGCGTGCTTAAGTAGAG-1-0,
CCATCACAGGCACTAGAAGTAGAG-1-0,
CCATCACAGGGCGGAAAAGTAGAG-1-0,
CCATCACAGTTATGGAAAGTAGAG-1-0,
CCATCAGGTTATGAGGAAGTAGAG-1-0,TP53_EZH2_CALR_mut
CCATCAGGTTGCGGGAAAGTAGAG-1-0,
CCATCAGGTTGGAGCGAAGTAGAG-1-0,TP53_EZH2_CALR_mut
CCATCATCAAGCCACGAAGTAGAG-1-0,
CCATCATCACAGCAACAAGTAGAG-1-0,
CCATCATCACATAAGTAAGTAGAG-1-0,
CCATCATCACGCAATAAAGTAGAG-1-0,
CCATCATCACTAGTAGAAGTAGAG-1-0,
CCATCATCATGGCTAAAAGTAGAG-1-0,
CCATCCCTCACGTTCAAAGTAGAG-1-0,
CCATCCCTCACTGTCAAAGTAGAG-1-0,
CCATCCCTCAGCACAGAAGTAGAG-1-0,TP53_CALR_het
CCATCCCTCATTTAGCAAGTAGAG-1-0,
CCATCCCTCCAGCTACAAGTAGAG-1-0,
CCATCCCTCGGTACAGAAGTAGAG-1-0,TP53_CALR_het
CCATCCCTCTAGCCTAAAGTAGAG-1-0,TP53_CALR_het
CCATCCCTCTATTGCGAAGTAGAG-1-0,
CCATGGTTCATAACCTAAGTAGAG-1-0,
CCATGGTTCGCACACTAAGTAGAG-1-0,
CCATGGTTCGCCTATAAAGTAGAG-1-0,
CCATGGTTCTGCCATAAAGTAGAG-1-0,
CCATTAAGTATTGCGTAAGTAGAG-1-0,TP53_EZH2_CALR_mut
CCATTAAGTCCTGAGCAAGTAGAG-1-0,
CCATTAAGTCGAAGCGAAGTAGAG-1-0,
CCATTAAGTGTTAGCTAAGTAGAG-1-0,TP53_EZH2_CALR_mut
CCATTAAGTTTACGACAAGTAGAG-1-0,
CCATTAGTCACAGGATAAGTAGAG-1-0,
CCATTAGTCACTGTCAAAGTAGAG-1-0,TP53_EZH2_CALR_mut
CCATTAGTCGCCTGCAAAGTAGAG-1-0,TP53_CALR_het
CCATTAGTCTAATGGAAAGTAGAG-1-0,TP53_EZH2_CALR_mut
CCATTCGCAAACTTCCAAGTAGAG-1-0,
CCATTCGCAAATAACCAAGTAGAG-1-0,TP53_CALR_het
CCATTCGCAAATCACGAAGTAGAG-1-0,
CCATTCGCATACTTGCAAGTAGAG-1-0,
CCATTCGCATTTCGCGAAGTAGAG-1-0,TP53_CALR_het
CCATTGTCAAACTTCCAAGTAGAG-1-0,TP53_CALR_het
CCATTGTCAACCTGTTAAGTAGAG-1-0,TP53_CALR_het
CCATTGTCAAGCGATCAAGTAGAG-1-0,TP53_EZH2_CALR_mut
CCATTGTCACTTAACCAAGTAGAG-1-0,
CCATTGTCAGCCAGCAAAGTAGAG-1-0,TP53_CALR_het
CCATTGTCAGTTAAACAAGTAGAG-1-0,
CCATTGTCAGTTATCCAAGTAGAG-1-0,
CCATTGTCATTCAGGAAAGTAGAG-1-0,TP53_CALR_het
CCCAACTAGACTGAGTAAGTAGAG-1-0,TP53_CALR_het
CCCAACTAGAGGAGTAAAGTAGAG-1-0,
CCCAACTAGCCTGCCAAAGTAGAG-1-0,TP53_EZH2_CALR_mut
CCCAACTAGCGGCTTTAAGTAGAG-1-0,
CCCAACTAGGTTCTTGAAGTAGAG-1-0,TP53_CALR_het
CCCAACTAGTAAGTGCAAGTAGAG-1-0,TP53_CALR_het
CCCAACTAGTGTTTGTAAGTAGAG-1-0,
CCCAACTAGTTACCTGAAGTAGAG-1-0,
CCCACCTTCAATCGCCAAGTAGAG-1-0,TP53_CALR_het
CCCACCTTCAATGTTCAAGTAGAG-1-0,TP53_CALR_het
CCCACCTTCAGGTTAAAAGTAGAG-1-0,TP53_CALR_het
CCCACCTTCGCTATATAAGTAGAG-1-0,TP53_CALR_het
CCCACCTTCGTAACTTAAGTAGAG-1-0,TP53_EZH2_CALR_mut
CCCACTTGTAGCCCGTAAGTAGAG-1-0,TP53_EZH2_CALR_mut
CCCACTTGTATAGTGGAAGTAGAG-1-0,ZRSR2_CALR_mut
CCCACTTGTCAAACTCAAGTAGAG-1-0,
CCCACTTGTCCGGTACAAGTAGAG-1-0,
CCCACTTGTGCTGAAAAAGTAGAG-1-0,
CCCACTTGTTAAGCTCAAGTAGAG-1-0,TP53_CALR_het
CCCACTTGTTGGAGCGAAGTAGAG-1-0,
CCCACTTGTTGGTTACAAGTAGAG-1-0,ZRSR2_CALR_mut
CCCATAATCCTGCCAGAAGTAGAG-1-0,
CCCATAATCGACTCACAAGTAGAG-1-0,TP53_EZH2_CALR_mut
CCCATAATCGCGAAATAAGTAGAG-1-0,TP53_CALR_het
CCCATAATCGCTCAGTAAGTAGAG-1-0,TP53_CALR_het
CCCATAATCGTAACTTAAGTAGAG-1-0,TP53_CALR_het
CCCATAATCTAAGTCTAAGTAGAG-1-0,TP53_CALR_het
CCCATAATCTTCGCCCAAGTAGAG-1-0,
CCCATAGGTAAACCCTAAGTAGAG-1-0,
CCCATAGGTAATAGGTAAGTAGAG-1-0,ZRSR2_CALR_mut
CCCATAGGTATAGCGAAAGTAGAG-1-0,
CCCATAGGTGAAGCACAAGTAGAG-1-0,TP53_CALR_het
CCCATAGGTGCGGCTTAAGTAGAG-1-0,ZRSR2_CALR_mut
CCCATAGGTTAATCCAAAGTAGAG-1-0,TP53_EZH2_CALR_mut
CCCATAGGTTAGAGGCAAGTAGAG-1-0,ZRSR2_CALR_mut
CCCATAGGTTGTGAGAAAGTAGAG-1-0,TP53_CALR_het
CCCATCACAAGGTGCTAAGTAGAG-1-0,
CCCATCACAATACTGGAAGTAGAG-1-0,
CCCATCACACAGCCAGAAGTAGAG-1-0,
CCCATCACACATTGTCAAGTAGAG-1-0,TP53_EZH2_CALR_mut
CCCATCACACCGGCAAAAGTAGAG-1-0,TP53_CALR_het
CCCATCACATAGCCTTAAGTAGAG-1-0,TP53_EZH2_CALR_mut
CCCATCACATGGGTTAAAGTAGAG-1-0,TP53_CALR_het
CCCATCCTCAAAGGCTAAGTAGAG-1-0,TP53_CALR_het
CCCATCCTCAATTTGCAAGTAGAG-1-0,
CCCATCCTCACAGATAAAGTAGAG-1-0,TP53_EZH2_CALR_mut
CCCATCCTCATAATCCAAGTAGAG-1-0,
CCCATCCTCCATAACTAAGTAGAG-1-0,
CCCATCCTCCCGTTCCAAGTAGAG-1-0,TP53_EZH2_CALR_mut
CCCATCCTCGCAGCAAAAGTAGAG-1-0,
CCCATCCTCTAATCACAAGTAGAG-1-0,
CCCATCCTCTATTGACAAGTAGAG-1-0,TP53_CALR_het
CCCATTAAGACTCAAAAAGTAGAG-1-0,ZRSR2_CALR_mut
CCCATTAAGCAAAGCTAAGTAGAG-1-0,
CCCATTAAGCAATTGAAAGTAGAG-1-0,TP53_EZH2_CALR_mut
CCCATTAAGGAAACTCAAGTAGAG-1-0,TP53_EZH2_CALR_mut
CCCATTAAGGCCAACAAAGTAGAG-1-0,
CCCATTAAGGGCAGTCAAGTAGAG-1-0,ZRSR2_CALR_mut
CCCATTAAGGGCGGAAAAGTAGAG-1-0,TP53_EZH2_CALR_mut
CCCATTAAGTAGCCTCAAGTAGAG-1-0,
CCCATTAAGTTGACCCAAGTAGAG-1-0,TP53_CALR_het
CCCATTCGTATGGTGAAAGTAGAG-1-0,TP53_EZH2_CALR_mut
CCCATTCGTCCATCAGAAGTAGAG-1-0,
CCCATTCGTCTAACCGAAGTAGAG-1-0,ZRSR2_CALR_mut
CCCATTCGTGACACAAAAGTAGAG-1-0,TP53_CALR_het
CCCATTCGTGCGGCTTAAGTAGAG-1-0,
CCCATTCGTTAGAGGCAAGTAGAG-1-0,
CCCATTCGTTAGTAGGAAGTAGAG-1-0,
CCCATTCGTTTACTGAAAGTAGAG-1-0,TP53_CALR_het
CCCGAACGTACCTCAGAAGTAGAG-1-0,TP53_CALR_het
CCCGAACGTGAAGCACAAGTAGAG-1-0,
CCCGAACGTGTAATGGAAGTAGAG-1-0,
CCCGAACGTGTTTGCGAAGTAGAG-1-0,TP53_CALR_het
CCCGAACGTTGGCCACAAGTAGAG-1-0,
CCCGAACGTTTGACTAAAGTAGAG-1-0,
CCCGAAGCAAAGAACAAAGTAGAG-1-0,
CCCGAAGCAAATGACTAAGTAGAG-1-0,TP53_CALR_het
CCCGAAGCAAGCGAAGAAGTAGAG-1-0,
CCCGAAGCAATGAGCCAAGTAGAG-1-0,TP53_CALR_het
CCCGAAGCATCATAGGAAGTAGAG-1-0,ZRSR2_CALR_mut
CCCGAAGCATGAGCTAAAGTAGAG-1-0,
CCCGAAGCATGTGGCGAAGTAGAG-1-0,
CCCGCAATCACAAATGAAGTAGAG-1-0,
CCCGCAATCACAAGCGAAGTAGAG-1-0,TP53_EZH2_CALR_mut
CCCGCAATCATTGAGAAAGTAGAG-1-0,
CCCGCAATCCAATGAAAAGTAGAG-1-0,TP53_CALR_het
CCCGCAATCCACAACCAAGTAGAG-1-0,
CCCGCAATCCCTCAAAAAGTAGAG-1-0,
CCCGCAATCCTGTTCTAAGTAGAG-1-0,
CCCGTAAGTAAGTCGAAAGTAGAG-1-0,
CCCGTAAGTATTTACGAAGTAGAG-1-0,TP53_CALR_het
CCCGTAAGTCAAACTCAAGTAGAG-1-0,
CCCGTAAGTCAATCGTAAGTAGAG-1-0,
CCCGTAAGTCAATGTCAAGTAGAG-1-0,TP53_EZH2_CALR_mut
CCCGTAAGTCATCCTCAAGTAGAG-1-0,ZRSR2_CALR_mut
CCCGTAAGTCCAGCACAAGTAGAG-1-0,ZRSR2_CALR_mut
CCCGTAAGTCGAAGTAAAGTAGAG-1-0,TP53_EZH2_CALR_mut
CCCGTAAGTTAGTGCTAAGTAGAG-1-0,TP53_CALR_het
CCCGTAAGTTGCACTGAAGTAGAG-1-0,
CCCGTAGTCACAAACAAAGTAGAG-1-0,
CCCGTAGTCACCAGCTAAGTAGAG-1-0,
CCCGTAGTCACTATGTAAGTAGAG-1-0,
CCCGTAGTCAGCGATGAAGTAGAG-1-0,
CCCGTAGTCATAACCTAAGTAGAG-1-0,
CCCGTAGTCATAATGGAAGTAGAG-1-0,
CCCGTAGTCCCTCTCAAAGTAGAG-1-0,TP53_CALR_het
CCCGTAGTCCTAAATCAAGTAGAG-1-0,TP53_CALR_het
CCCGTAGTCCTGACTAAAGTAGAG-1-0,
CCCGTAGTCGATATGAAAGTAGAG-1-0,
CCCGTAGTCGCACACTAAGTAGAG-1-0,
CCCGTAGTCGTGATTTAAGTAGAG-1-0,TP53_EZH2_CALR_mut
CCCTAAGGTAACTAGGAAGTAGAG-1-0,
CCCTAAGGTACAAAGTAAGTAGAG-1-0,
CCCTAAGGTATTCGTAAAGTAGAG-1-0,
CCCTAAGGTCAAAGGCAAGTAGAG-1-0,TP53_EZH2_CALR_mut
CCCTAAGGTTGTTGTAAAGTAGAG-1-0,
CCCTAAGGTTTATCGAAAGTAGAG-1-0,
CCCTGACCAAGGCGTTAAGTAGAG-1-0,
CCCTGACCACCAACAAAAGTAGAG-1-0,
CCCTGACCACTATGGAAAGTAGAG-1-0,
CCCTGACCAGAATCGCAAGTAGAG-1-0,ZRSR2_CALR_mut
CCCTGACCAGGCCTCTAAGTAGAG-1-0,TP53_CALR_het
CCCTGACCATAACCAGAAGTAGAG-1-0,
CCCTGAGTCATGGAACAAGTAGAG-1-0,
CCCTGAGTCCATCCGGAAGTAGAG-1-0,TP53_EZH2_CALR_mut
CCCTGAGTCTATGCATAAGTAGAG-1-0,TP53_CALR_het
CCCTGAGTCTTAAGGAAAGTAGAG-1-0,
CCCTGAGTCTTACTCCAAGTAGAG-1-0,TP53_CALR_het
CCCTGATAGATGGATCAAGTAGAG-1-0,
CCCTGATAGCTTACATAAGTAGAG-1-0,TP53_CALR_het
CCCTGATAGGAACTTAAAGTAGAG-1-0,
CCCTGATAGGCTAGATAAGTAGAG-1-0,ZRSR2_CALR_mut
CCCTGATAGGGTCTAGAAGTAGAG-1-0,
CCCTGATAGGTATTTCAAGTAGAG-1-0,
CCCTGATAGGTTGTAAAAGTAGAG-1-0,
CCCTGATAGTACGGGCAAGTAGAG-1-0,
CCCTGATAGTCATGAAAAGTAGAG-1-0,TP53_CALR_het
CCCTGATAGTGCCCTGAAGTAGAG-1-0,ZRSR2_CALR_mut
CCCTGATAGTTTACCGAAGTAGAG-1-0,ZRSR2_CALR_mut
CCCTGGATCAGCTACCAAGTAGAG-1-0,TP53_CALR_het
CCCTGGATCAGTAGGTAAGTAGAG-1-0,
CCCTGGATCATGGATAAAGTAGAG-1-0,
CCCTGGATCCAAATTCAAGTAGAG-1-0,TP53_EZH2_CALR_mut
CCCTGGATCGAGCTAGAAGTAGAG-1-0,TP53_CALR_het
CCCTGGATCGGGCAGTAAGTAGAG-1-0,ZRSR2_CALR_mut
CCCTGGATCTCTATGGAAGTAGAG-1-0,TP53_CALR_het
CCCTGTGAGAGGATGAAAGTAGAG-1-0,
CCCTGTGAGATAACCAAAGTAGAG-1-0,ZRSR2_CALR_mut
CCCTGTGAGATATTGGAAGTAGAG-1-0,TP53_EZH2_CALR_mut
CCCTGTGAGCAAGACTAAGTAGAG-1-0,
CCCTGTGAGCACTAGGAAGTAGAG-1-0,TP53_EZH2_CALR_mut
CCCTGTGAGCGAAGTTAAGTAGAG-1-0,
CCCTGTGAGCTATTACAAGTAGAG-1-0,
CCCTGTGAGCTGATGGAAGTAGAG-1-0,TP53_EZH2_CALR_mut
CCCTGTGAGTCAGGCAAAGTAGAG-1-0,TP53_CALR_het
CCCTGTGAGTGTCCACAAGTAGAG-1-0,ZRSR2_CALR_mut
CCCTGTGAGTTGCAAAAAGTAGAG-1-0,
CCCTGTTGTAATCCGTAAGTAGAG-1-0,
CCCTGTTGTACTAACCAAGTAGAG-1-0,TP53_CALR_het
CCCTGTTGTCAATCGTAAGTAGAG-1-0,TP53_EZH2_CALR_mut
CCCTGTTGTTACCGTGAAGTAGAG-1-0,
CCCTGTTGTTAGGTGAAAGTAGAG-1-0,
CCCTGTTGTTCACTCCAAGTAGAG-1-0,TP53_CALR_het
CCCTGTTGTTGCATCGAAGTAGAG-1-0,
CCCTTACGTACTTATGAAGTAGAG-1-0,TP53_EZH2_CALR_mut
CCCTTACGTGCTGCACAAGTAGAG-1-0,ZRSR2_CALR_mut
CCCTTACGTTAATCCAAAGTAGAG-1-0,
CCCTTACGTTCAAGCTAAGTAGAG-1-0,ZRSR2_CALR_mut
CCCTTACGTTCCTTTGAAGTAGAG-1-0,TP53_CALR_het
CCCTTACGTTTGAGCTAAGTAGAG-1-0,
CCCTTCGGTAAGGCTAAAGTAGAG-1-0,TP53_CALR_het
CCCTTCGGTACAAACGAAGTAGAG-1-0,
CCCTTCGGTAGGTGACAAGTAGAG-1-0,
CCCTTCGGTCAATGTCAAGTAGAG-1-0,TP53_CALR_het
CCCTTCGGTCCTCATCAAGTAGAG-1-0,
CCCTTCGGTCGAAGGTAAGTAGAG-1-0,
CCCTTCGGTCGTCCAAAAGTAGAG-1-0,
CCCTTCGGTGGATGGTAAGTAGAG-1-0,
CCCTTCGGTTATGTGCAAGTAGAG-1-0,TP53_CALR_het
CCCTTGCTCAACCTCAAAGTAGAG-1-0,TP53_CALR_het
CCCTTGCTCACAGGGCAAGTAGAG-1-0,TP53_CALR_het
CCCTTGCTCAGGCCTTAAGTAGAG-1-0,TP53_CALR_het
CCCTTGCTCAGGGATTAAGTAGAG-1-0,
CCCTTGCTCATCCAGCAAGTAGAG-1-0,
CCCTTGCTCATGAATGAAGTAGAG-1-0,TP53_CALR_het
CCCTTGCTCGCGTTCGAAGTAGAG-1-0,
CCCTTGCTCTAAGTCTAAGTAGAG-1-0,ZRSR2_CALR_mut
CCCTTGCTCTACTACGAAGTAGAG-1-0,TP53_CALR_het
CCCTTGCTCTTTGGTGAAGTAGAG-1-0,
CCGAAAGTCCTCAAGCAAGTAGAG-1-0,
CCGAAAGTCGTAGTTTAAGTAGAG-1-0,TP53_CALR_het
CCGAAAGTCTTCAAGTAAGTAGAG-1-0,TP53_CALR_het
CCGATACTCACCATATAAGTAGAG-1-0,
CCGATACTCACTATGTAAGTAGAG-1-0,
CCGATACTCCTAAAGAAAGTAGAG-1-0,TP53_CALR_het
CCGATACTCGCCTAACAAGTAGAG-1-0,
CCGATACTCGGTTCCGAAGTAGAG-1-0,
CCGATACTCTCAGCACAAGTAGAG-1-0,TP53_CALR_het
CCGATACTCTTAAGGAAAGTAGAG-1-0,TP53_CALR_het
CCGATTGGTCATTATGAAGTAGAG-1-0,TP53_EZH2_CALR_mut
CCGATTGGTCATTTAGAAGTAGAG-1-0,
CCGATTGGTCCTGCAAAAGTAGAG-1-0,
CCGATTGGTGAACGTAAAGTAGAG-1-0,
CCGATTGGTTTGTTTCAAGTAGAG-1-0,TP53_EZH2_CALR_mut
CCGCATTAGATGCCTCAAGTAGAG-1-0,TP53_EZH2_CALR_mut
CCGCATTAGCTTAGTTAAGTAGAG-1-0,
CCGCATTAGGCAAGTTAAGTAGAG-1-0,
CCGCATTAGGTAAGTCAAGTAGAG-1-0,
CCGCATTAGGTAGTTAAAGTAGAG-1-0,TP53_CALR_het
CCGCATTAGGTGAGCCAAGTAGAG-1-0,
CCGCATTAGTTGCAGGAAGTAGAG-1-0,
CCGCCATCAAGATGCCAAGTAGAG-1-0,
CCGCCATCACCTCGACAAGTAGAG-1-0,TP53_CALR_het
CCGCCATCAGCTAGCGAAGTAGAG-1-0,
CCGCCATCAGCTCGAGAAGTAGAG-1-0,TP53_EZH2_CALR_mut
CCGCCATCATAAGCCAAAGTAGAG-1-0,ZRSR2_CALR_mut
CCGCCATCATCATAGGAAGTAGAG-1-0,TP53_CALR_het
CCGCCATCATTGTGTCAAGTAGAG-1-0,TP53_CALR_het
CCGCTAAGTAGCTATCAAGTAGAG-1-0,ZRSR2_CALR_mut
CCGCTAAGTCCTGACAAAGTAGAG-1-0,TP53_EZH2_CALR_mut
CCGCTAAGTCCTTCTAAAGTAGAG-1-0,ZRSR2_CALR_mut
CCGCTAAGTGACCTTGAAGTAGAG-1-0,
CCGCTAAGTGCCCGATAAGTAGAG-1-0,
CCGCTAAGTTAGGCGGAAGTAGAG-1-0,TP53_EZH2_CALR_mut
CCGCTAAGTTAGTGAGAAGTAGAG-1-0,TP53_CALR_het
CCGCTAAGTTCCGTGAAAGTAGAG-1-0,TP53_CALR_het
CCGCTAAGTTGCTGTGAAGTAGAG-1-0,
CCGCTAAGTTGGGCGAAAGTAGAG-1-0,ZRSR2_CALR_mut
CCGCTATAGCTAGATAAAGTAGAG-1-0,TP53_EZH2_CALR_mut
CCGCTATAGCTTAGTTAAGTAGAG-1-0,TP53_CALR_het
CCGCTATAGGGCGGAAAAGTAGAG-1-0,TP53_CALR_het
CCGCTATAGGTGGATTAAGTAGAG-1-0,TP53_CALR_het
CCGCTTACAACTAAACAAGTAGAG-1-0,
CCGCTTACAAGTCGCGAAGTAGAG-1-0,TP53_EZH2_CALR_mut
CCGCTTACAGCGATCGAAGTAGAG-1-0,ZRSR2_CALR_mut
CCGCTTACATAGACCAAAGTAGAG-1-0,TP53_CALR_het
CCGCTTACATGCGCAGAAGTAGAG-1-0,TP53_CALR_het
CCGCTTACATGTGGGTAAGTAGAG-1-0,TP53_CALR_het
CCGGCTATCAATTGGAAAGTAGAG-1-0,TP53_CALR_het
CCGGCTATCACAGATAAAGTAGAG-1-0,
CCGGCTATCATTGAGAAAGTAGAG-1-0,ZRSR2_CALR_mut
CCGGCTATCCATCCTTAAGTAGAG-1-0,TP53_CALR_het
CCGGCTATCCGGATAGAAGTAGAG-1-0,
CCGGCTATCCTCTAAGAAGTAGAG-1-0,
CCGGCTATCCTGGATCAAGTAGAG-1-0,
CCGGCTATCCTTAGGCAAGTAGAG-1-0,TP53_CALR_het
CCGGCTATCTTACTCCAAGTAGAG-1-0,
CCGGTACGTAGGTTTCAAGTAGAG-1-0,ZRSR2_CALR_mut
CCGGTACGTGAACGTAAAGTAGAG-1-0,
CCGGTACGTGTGAGACAAGTAGAG-1-0,TP53_CALR_het
CCGTAATGTCACAGGGAAGTAGAG-1-0,TP53_CALR_het
CCGTAATGTTAAGTCCAAGTAGAG-1-0,
CCGTAATGTTAGTGAGAAGTAGAG-1-0,TP53_CALR_het
CCGTAATGTTCACCAGAAGTAGAG-1-0,
CCGTAATGTTCTTGAAAAGTAGAG-1-0,TP53_EZH2_CALR_mut
CCGTAATGTTGCATCGAAGTAGAG-1-0,
CCGTAATGTTGTGAGAAAGTAGAG-1-0,
CCGTACGTCACAAACAAAGTAGAG-1-0,
CCGTACGTCACTATGTAAGTAGAG-1-0,
CCGTACGTCATAGGTAAAGTAGAG-1-0,ZRSR2_CALR_mut
CCGTACGTCATGTCATAAGTAGAG-1-0,
CCGTACGTCATTGCATAAGTAGAG-1-0,TP53_EZH2_CALR_mut
CCGTACGTCCTTTGGAAAGTAGAG-1-0,TP53_CALR_het
CCGTACGTCGATATGAAAGTAGAG-1-0,
CCGTACGTCGCCTATAAAGTAGAG-1-0,ZRSR2_CALR_mut
CCGTACGTCTAATTGCAAGTAGAG-1-0,
CCGTACGTCTGCAACCAAGTAGAG-1-0,
CCGTCAAGTACTGCCAAAGTAGAG-1-0,TP53_EZH2_CALR_mut
CCGTCAAGTAGCGGATAAGTAGAG-1-0,TP53_CALR_het
CCGTCAAGTCATCATAAAGTAGAG-1-0,TP53_EZH2_CALR_het
CCGTCAAGTCGAAGGTAAGTAGAG-1-0,
CCGTCAAGTCGGTTATAAGTAGAG-1-0,TP53_CALR_het
CCGTCAAGTCTATCTTAAGTAGAG-1-0,TP53_CALR_het
CCGTCAAGTTGAGTCTAAGTAGAG-1-0,TP53_CALR_het
CCGTCAAGTTGTTGTAAAGTAGAG-1-0,
CCGTTGTAGAGCAACTAAGTAGAG-1-0,
CCGTTGTAGAGGAAATAAGTAGAG-1-0,TP53_CALR_het
CCGTTGTAGCTAGCCTAAGTAGAG-1-0,
CCGTTGTAGGCAAGTTAAGTAGAG-1-0,
CCGTTGTAGGCCCATTAAGTAGAG-1-0,TP53_CALR_het
CCGTTGTAGGTCTTTGAAGTAGAG-1-0,
CCGTTGTAGGTTACTTAAGTAGAG-1-0,ZRSR2_CALR_mut
CCGTTGTAGTTACTCGAAGTAGAG-1-0,TP53_CALR_het
CCTAACCAGCACTAGGAAGTAGAG-1-0,TP53_CALR_het
CCTAACCAGCAGCCAAAAGTAGAG-1-0,
CCTAACCAGCGAATACAAGTAGAG-1-0,TP53_CALR_het
CCTAACCAGGAACCGCAAGTAGAG-1-0,ZRSR2_CALR_mut
CCTAACCAGGCCAACAAAGTAGAG-1-0,TP53_CALR_het
CCTAACCAGGTTAGCGAAGTAGAG-1-0,
CCTAACCAGGTTCATTAAGTAGAG-1-0,
CCTAACCAGTTACCCAAAGTAGAG-1-0,
CCTAACCAGTTACTCGAAGTAGAG-1-0,
CCTAACGGTAACTTGCAAGTAGAG-1-0,
CCTAACGGTGGTTAAGAAGTAGAG-1-0,TP53_EZH2_CALR_mut
CCTAACGGTGTGTCGCAAGTAGAG-1-0,TP53_EZH2_CALR_mut
CCTAACGGTTAGCGCCAAGTAGAG-1-0,TP53_EZH2_CALR_mut
CCTAACGGTTTACTGAAAGTAGAG-1-0,TP53_CALR_het
CCTAACTCAATTCGGAAAGTAGAG-1-0,
CCTAACTCACCTGGTCAAGTAGAG-1-0,
CCTAACTCACGTAGTAAAGTAGAG-1-0,ZRSR2_CALR_mut
CCTAACTCAGCAAGCTAAGTAGAG-1-0,
CCTAACTCATGCGCCTAAGTAGAG-1-0,TP53_CALR_het
CCTAACTCATTAGCGAAAGTAGAG-1-0,
CCTAACTCATTCATGCAAGTAGAG-1-0,TP53_EZH2_CALR_mut
CCTAAGCTCAAGTTTCAAGTAGAG-1-0,
CCTAAGCTCACAACAAAAGTAGAG-1-0,TP53_CALR_het
CCTAAGCTCACCACACAAGTAGAG-1-0,
CCTAAGCTCATGGATAAAGTAGAG-1-0,TP53_CALR_het
CCTAAGCTCCTCAATGAAGTAGAG-1-0,
CCTAAGCTCTTGAGGGAAGTAGAG-1-0,
CCTAAGGAGACGCATGAAGTAGAG-1-0,
CCTAAGGAGAGCAATCAAGTAGAG-1-0,TP53_CALR_het
CCTAAGGAGCTGATTTAAGTAGAG-1-0,TP53_CALR_het
CCTAAGGAGGAAGCCCAAGTAGAG-1-0,TP53_EZH2_CALR_mut
CCTAAGGAGGGTTACGAAGTAGAG-1-0,TP53_CALR_het
CCTAAGGAGTCTAACTAAGTAGAG-1-0,
CCTAAGGAGTGATCAAAAGTAGAG-1-0,TP53_EZH2_CALR_mut
CCTAAGGAGTGATTTCAAGTAGAG-1-0,TP53_CALR_het
CCTAAGGAGTGTGATAAAGTAGAG-1-0,
CCTAATCCAAGGTGTCAAGTAGAG-1-0,TP53_EZH2_CALR_het
CCTAATCCAGGCGAAAAAGTAGAG-1-0,
CCTAATCCATATGGTGAAGTAGAG-1-0,TP53_EZH2_CALR_mut
CCTACCTGTAACCGCCAAGTAGAG-1-0,
CCTACCTGTAACGGGTAAGTAGAG-1-0,TP53_CALR_het
CCTACCTGTACTTCAAAAGTAGAG-1-0,
CCTACCTGTATGGGACAAGTAGAG-1-0,TP53_EZH2_CALR_mut
CCTACCTGTCACAGAAAAGTAGAG-1-0,TP53_CALR_het
CCTACCTGTCACCAGCAAGTAGAG-1-0,TP53_CALR_het
CCTACCTGTCATCCCTAAGTAGAG-1-0,
CCTACCTGTCCAGCTAAAGTAGAG-1-0,
CCTACCTGTCGAGGCAAAGTAGAG-1-0,
CCTACCTGTCGTAACTAAGTAGAG-1-0,
CCTACCTGTGACATTCAAGTAGAG-1-0,TP53_CALR_het
CCTACCTGTGCATCGCAAGTAGAG-1-0,TP53_EZH2_CALR_het
CCTACCTGTTTCACCCAAGTAGAG-1-0,TP53_CALR_het
CCTACTTTCAATTTGCAAGTAGAG-1-0,TP53_CALR_het
CCTACTTTCACAAAGCAAGTAGAG-1-0,
CCTACTTTCAGTAGCGAAGTAGAG-1-0,
CCTACTTTCCAAAGACAAGTAGAG-1-0,
CCTACTTTCCATTAACAAGTAGAG-1-0,
CCTACTTTCCGCCTCTAAGTAGAG-1-0,
CCTACTTTCCGGACAAAAGTAGAG-1-0,
CCTACTTTCCTGACTAAAGTAGAG-1-0,TP53_CALR_het
CCTACTTTCGAACCGAAAGTAGAG-1-0,
CCTACTTTCGAGGTTGAAGTAGAG-1-0,TP53_CALR_het
CCTACTTTCGCCTCTCAAGTAGAG-1-0,
CCTACTTTCGCTTCGGAAGTAGAG-1-0,
CCTACTTTCTACTACGAAGTAGAG-1-0,TP53_CALR_het
CCTACTTTCTTCGCCCAAGTAGAG-1-0,
CCTAGAGAGCCATCACAAGTAGAG-1-0,
CCTAGAGAGCCTAAGGAAGTAGAG-1-0,TP53_CALR_het
CCTAGAGAGGCCATTCAAGTAGAG-1-0,TP53_CALR_het
CCTAGAGAGGTCAAGTAAGTAGAG-1-0,ZRSR2_CALR_mut
CCTAGAGAGTCAACAAAAGTAGAG-1-0,ZRSR2_CALR_mut
CCTAGAGAGTCATGAAAAGTAGAG-1-0,TP53_CALR_het
CCTAGGTTCAAGGGTTAAGTAGAG-1-0,TP53_CALR_het
CCTAGGTTCACATTCGAAGTAGAG-1-0,ZRSR2_CALR_mut
CCTAGGTTCCTGCCAGAAGTAGAG-1-0,TP53_CALR_het
CCTAGGTTCGCGGAACAAGTAGAG-1-0,
CCTAGGTTCGGTTCACAAGTAGAG-1-0,
CCTAGGTTCTCAAGAAAAGTAGAG-1-0,
CCTATCGCACGTTACTAAGTAGAG-1-0,TP53_EZH2_CALR_mut
CCTATCGCACTCAGTTAAGTAGAG-1-0,
CCTATCGCATATAGGTAAGTAGAG-1-0,
CCTATCGCATCAGGACAAGTAGAG-1-0,TP53_CALR_het
CCTATCGCATGCAATGAAGTAGAG-1-0,TP53_EZH2_CALR_mut
CCTATGATCACTAGGGAAGTAGAG-1-0,
CCTATGATCCGTCAACAAGTAGAG-1-0,
CCTATGATCGGGACTAAAGTAGAG-1-0,TP53_EZH2_CALR_mut
CCTATGATCGGGCAACAAGTAGAG-1-0,ZRSR2_CALR_mut
CCTATGATCTAATTGCAAGTAGAG-1-0,
CCTATGATCTATCACGAAGTAGAG-1-0,
CCTATGGGTAAAGGCCAAGTAGAG-1-0,TP53_EZH2_CALR_mut
CCTATGGGTAACTTGCAAGTAGAG-1-0,
CCTATGGGTAATGAACAAGTAGAG-1-0,TP53_CALR_het
CCTATGGGTAGTTGTCAAGTAGAG-1-0,
CCTATGGGTATTCGTAAAGTAGAG-1-0,
CCTATGGGTCATCATAAAGTAGAG-1-0,TP53_CALR_het
CCTATGGGTCATCCCTAAGTAGAG-1-0,ZRSR2_CALR_mut
CCTATGGGTTAGGCTTAAGTAGAG-1-0,TP53_EZH2_CALR_mut
CCTATGGGTTTATGGCAAGTAGAG-1-0,
CCTATGGGTTTCGCCTAAGTAGAG-1-0,TP53_EZH2_CALR_mut
CCTATTGAGACAAAGGAAGTAGAG-1-0,ZRSR2_CALR_mut
CCTATTGAGCAGGTTGAAGTAGAG-1-0,
CCTATTGAGCGCTTACAAGTAGAG-1-0,TP53_CALR_het
CCTATTGAGGCTGTGAAAGTAGAG-1-0,
CCTATTGAGTAGCCTCAAGTAGAG-1-0,
CCTATTGAGTCAACAAAAGTAGAG-1-0,
CCTATTGAGTTGCAGGAAGTAGAG-1-0,
CCTATTTGTAATGGATAAGTAGAG-1-0,
CCTATTTGTACGGGCAAAGTAGAG-1-0,
CCTATTTGTAGGAGGAAAGTAGAG-1-0,
CCTATTTGTATTGCGTAAGTAGAG-1-0,
CCTATTTGTCACAGAAAAGTAGAG-1-0,TP53_EZH2_CALR_mut
CCTATTTGTCCAGCTAAAGTAGAG-1-0,
CCTATTTGTCGCAATTAAGTAGAG-1-0,TP53_EZH2_CALR_het
CCTATTTGTGCGCAAGAAGTAGAG-1-0,ZRSR2_CALR_mut
CCTATTTGTTGTCCAGAAGTAGAG-1-0,TP53_EZH2_CALR_mut
CCTCAAATCAACCGCTAAGTAGAG-1-0,ZRSR2_CALR_mut
CCTCAAATCAGCCTTAAAGTAGAG-1-0,
CCTCAAATCATCGATTAAGTAGAG-1-0,TP53_EZH2_CALR_mut
CCTCAAATCCCAGACTAAGTAGAG-1-0,
CCTCAAATCCTTTGAGAAGTAGAG-1-0,
CCTCAAATCGAAGCATAAGTAGAG-1-0,
CCTCAAGGTATCCGCAAAGTAGAG-1-0,TP53_EZH2_CALR_mut
CCTCAAGGTCATCCTCAAGTAGAG-1-0,TP53_EZH2_CALR_mut
CCTCAAGGTGCCCTTTAAGTAGAG-1-0,TP53_CALR_het
CCTCAAGGTTCCGTGAAAGTAGAG-1-0,
CCTCAAGGTTTCACCCAAGTAGAG-1-0,
CCTCAATCAACCATTCAAGTAGAG-1-0,TP53_EZH2_CALR_mut
CCTCAATCACAAGCGTAAGTAGAG-1-0,
CCTCAATCATCCAAGAAAGTAGAG-1-0,TP53_CALR_het
CCTCAATCATCCACCAAAGTAGAG-1-0,TP53_CALR_het
CCTCAATCATCTATGCAAGTAGAG-1-0,
CCTCAATCATGAGCTAAAGTAGAG-1-0,
CCTCAATCATTTAGCCAAGTAGAG-1-0,TP53_CALR_het
CCTCACACAAATAACCAAGTAGAG-1-0,ZRSR2_CALR_mut
CCTCACACAAATCACGAAGTAGAG-1-0,
CCTCACACAAGATAAGAAGTAGAG-1-0,ZRSR2_CALR_mut
CCTCACACAATCGTTCAAGTAGAG-1-0,
CCTCACACACACTGGGAAGTAGAG-1-0,TP53_CALR_het
CCTCACACATCATGCTAAGTAGAG-1-0,TP53_CALR_het
CCTCAGCCAACAAAGAAAGTAGAG-1-0,TP53_EZH2_CALR_mut
CCTCAGCCAAGTTAACAAGTAGAG-1-0,
CCTCAGCCAATGAGCCAAGTAGAG-1-0,TP53_CALR_het
CCTCAGCCACATAGTGAAGTAGAG-1-0,TP53_EZH2_CALR_mut
CCTCAGCCACCAGCCTAAGTAGAG-1-0,
CCTCAGCCAGGCGAAAAAGTAGAG-1-0,
CCTCAGCCATACTTGCAAGTAGAG-1-0,TP53_CALR_het
CCTCATCGTAGCGCGAAAGTAGAG-1-0,TP53_EZH2_CALR_mut
CCTCATCGTCATGAAGAAGTAGAG-1-0,TP53_EZH2_CALR_mut
CCTCATCGTCATGATCAAGTAGAG-1-0,
CCTCATCGTGGGTGTGAAGTAGAG-1-0,TP53_EZH2_CALR_mut
CCTCATCGTGGTTCTGAAGTAGAG-1-0,TP53_CALR_het
CCTCCAACAAACCGGTAAGTAGAG-1-0,TP53_EZH2_CALR_mut
CCTCCAACAAATAAGGAAGTAGAG-1-0,
CCTCGATAGACCTTTGAAGTAGAG-1-0,TP53_CALR_het
CCTCGATAGAGGATAGAAGTAGAG-1-0,
CCTCGATAGCAAAGCTAAGTAGAG-1-0,TP53_CALR_het
CCTGATTCAAGTGCACAAGTAGAG-1-0,
CCTGATTCACCTTTGGAAGTAGAG-1-0,TP53_CALR_het
CCTGATTCAGGTAGCTAAGTAGAG-1-0,
CCTGATTCATCACAGAAAGTAGAG-1-0,
CCTGATTCATCATGCTAAGTAGAG-1-0,
CCTGATTCATTCGGTTAAGTAGAG-1-0,TP53_EZH2_CALR_mut
CCTGGTAGTATTCAGCAAGTAGAG-1-0,
CCTGGTAGTCAGGGCAAAGTAGAG-1-0,TP53_EZH2_CALR_mut
CCTGGTAGTCATCCCTAAGTAGAG-1-0,
CCTGGTAGTCCATCCTAAGTAGAG-1-0,
CCTGGTAGTTAGTGAGAAGTAGAG-1-0,
CCTGGTAGTTGCTCCTAAGTAGAG-1-0,TP53_CALR_het
CCTGGTAGTTTGCAACAAGTAGAG-1-0,TP53_CALR_het
CCTGGTAGTTTGTCAAAAGTAGAG-1-0,
CCTGGTCCAATACTGGAAGTAGAG-1-0,
CCTGGTCCAATGAATCAAGTAGAG-1-0,
CCTGGTCCACATAGATAAGTAGAG-1-0,
CCTGGTCCACCTCGACAAGTAGAG-1-0,ZRSR2_CALR_mut
CCTGGTCCATCAAGCAAAGTAGAG-1-0,TP53_CALR_het
CCTGGTCCATGGCGCAAAGTAGAG-1-0,
CCTGGTCCATTGACTCAAGTAGAG-1-0,TP53_CALR_het
CCTGTTGCAAACGGTCAAGTAGAG-1-0,ZRSR2_CALR_mut
CCTGTTGCACGCCACTAAGTAGAG-1-0,TP53_CALR_het
CCTGTTGCACGTAATGAAGTAGAG-1-0,TP53_EZH2_CALR_mut
CCTGTTGCATCACGAAAAGTAGAG-1-0,
CCTTAAAGTAACGTGAAAGTAGAG-1-0,
CCTTAAAGTCAATTCAAAGTAGAG-1-0,
CCTTAAAGTCCTCACTAAGTAGAG-1-0,
CCTTAAAGTCCTGCAAAAGTAGAG-1-0,
CCTTAAAGTGCGTACCAAGTAGAG-1-0,
CCTTAAAGTGCTTCGAAAGTAGAG-1-0,TP53_EZH2_CALR_mut
CCTTAAAGTGGACACGAAGTAGAG-1-0,TP53_CALR_het
CCTTAAAGTTAAGCCTAAGTAGAG-1-0,
CCTTAAAGTTAGTGAGAAGTAGAG-1-0,
CCTTAAAGTTTGCATAAAGTAGAG-1-0,TP53_CALR_het
CCTTAATAGCTTACATAAGTAGAG-1-0,
CCTTAATAGGAAGCCCAAGTAGAG-1-0,TP53_CALR_het
CCTTAATAGGTCACTCAAGTAGAG-1-0,TP53_EZH2_CALR_mut
CCTTAATAGGTGTCCTAAGTAGAG-1-0,
CCTTAATAGGTTAGACAAGTAGAG-1-0,TP53_EZH2_CALR_mut
CCTTAATAGTAGCGCAAAGTAGAG-1-0,
CCTTAATAGTCATAAGAAGTAGAG-1-0,TP53_CALR_het
CCTTATGAGAGGAGTAAAGTAGAG-1-0,TP53_EZH2_CALR_mut
CCTTATGAGATTCGTTAAGTAGAG-1-0,
CCTTATGAGCCTTAATAAGTAGAG-1-0,
CCTTATGAGCTTAGTTAAGTAGAG-1-0,TP53_CALR_het
CCTTATGAGTTACATCAAGTAGAG-1-0,TP53_CALR_het
CCTTATTGTCCTCACTAAGTAGAG-1-0,TP53_CALR_het
CCTTATTGTGCTTCTCAAGTAGAG-1-0,
CCTTATTGTGGTTAAGAAGTAGAG-1-0,
CCTTATTGTTAGGTAGAAGTAGAG-1-0,TP53_EZH2_CALR_mut
CCTTCCATCAGGCCTTAAGTAGAG-1-0,TP53_EZH2_CALR_mut
CCTTCCATCCCTCTCAAAGTAGAG-1-0,
CCTTCCATCCGCAATCAAGTAGAG-1-0,
CCTTCCATCCTTATGGAAGTAGAG-1-0,TP53_CALR_het
CCTTCCATCGTTATGTAAGTAGAG-1-0,TP53_CALR_het
CCTTCCATCTAACCATAAGTAGAG-1-0,
CCTTCCATCTATGGCCAAGTAGAG-1-0,TP53_EZH2_CALR_mut
CCTTCCATCTGTCAATAAGTAGAG-1-0,
CCTTCCTCATAAGCTGAAGTAGAG-1-0,TP53_CALR_het
CCTTCCTCATCGGGCAAAGTAGAG-1-0,
CCTTGAATCAAGGGTTAAGTAGAG-1-0,
CCTTGAATCAATCGCCAAGTAGAG-1-0,
CCTTGAATCACGGACAAAGTAGAG-1-0,TP53_EZH2_CALR_mut
CCTTGAATCATGATGAAAGTAGAG-1-0,ZRSR2_CALR_mut
CCTTGAATCCTGATCAAAGTAGAG-1-0,
CCTTGAATCGTAACCCAAGTAGAG-1-0,TP53_CALR_het
CCTTGAGGTAAGTCGAAAGTAGAG-1-0,
CCTTGAGGTAATGCGAAAGTAGAG-1-0,
CCTTGAGGTGTCCAATAAGTAGAG-1-0,TP53_EZH2_CALR_mut
CCTTGAGGTTACCGTGAAGTAGAG-1-0,
CCTTGAGGTTCATTGAAAGTAGAG-1-0,TP53_CALR_het
CCTTGAGGTTGGCCACAAGTAGAG-1-0,TP53_EZH2_CALR_mut
CCTTGAGGTTGGGTTTAAGTAGAG-1-0,TP53_CALR_het
CCTTGAGGTTGTCATAAAGTAGAG-1-0,TP53_CALR_het
CCTTGAGGTTTCCAAAAAGTAGAG-1-0,TP53_CALR_het
CGAAATGGTCGTTATAAAGTAGAG-1-0,
CGAAATGGTTTGTTTCAAGTAGAG-1-0,
CGAACCAAGAAGGTTCAAGTAGAG-1-0,
CGAACCAAGAGGAGTAAAGTAGAG-1-0,
CGAACCAAGCGAGGGAAAGTAGAG-1-0,
CGAACCAAGCGGCTTTAAGTAGAG-1-0,TP53_CALR_het
CGAACCAAGCGTGCTTAAGTAGAG-1-0,
CGAACCAAGCTGATGGAAGTAGAG-1-0,
CGAACCAAGGTCTTTGAAGTAGAG-1-0,TP53_CALR_het
CGAACCAAGGTTTCGCAAGTAGAG-1-0,
CGAACCAAGTCAATGAAAGTAGAG-1-0,TP53_CALR_het
CGAACCAAGTGATGGTAAGTAGAG-1-0,TP53_EZH2_CALR_mut
CGAACCAAGTGCAACGAAGTAGAG-1-0,TP53_CALR_het
CGAACTTGTAGTAGGCAAGTAGAG-1-0,
CGAACTTGTCCATTAAAAGTAGAG-1-0,
CGAACTTGTCTGTCAGAAGTAGAG-1-0,TP53_CALR_het
CGAACTTGTTAACGAGAAGTAGAG-1-0,TP53_EZH2_CALR_mut
CGAACTTGTTTCCAAAAAGTAGAG-1-0,
CGAAGAAAGAAACCCGAAGTAGAG-1-0,
CGAAGAAAGACTCCTAAAGTAGAG-1-0,
CGAAGAAAGCATCTTGAAGTAGAG-1-0,TP53_CALR_het
CGAAGAAAGCTGATGGAAGTAGAG-1-0,TP53_EZH2_CALR_mut
CGAAGAAAGCTTTACGAAGTAGAG-1-0,
CGAAGAAAGGAGCCGTAAGTAGAG-1-0,
CGAAGAAAGGGCAGTCAAGTAGAG-1-0,TP53_CALR_het
CGAAGAAAGGGTCTAGAAGTAGAG-1-0,
CGAAGGTGTATTACCAAAGTAGAG-1-0,ZRSR2_CALR_mut
CGAAGGTGTCATGAAGAAGTAGAG-1-0,
CGAAGGTGTCATGATCAAGTAGAG-1-0,
CGAAGGTGTGTTAGAGAAGTAGAG-1-0,TP53_EZH2_CALR_mut
CGAAGGTGTTGGATGAAAGTAGAG-1-0,
CGAAGGTGTTTGTCAAAAGTAGAG-1-0,
CGAATAGGTAACTAGGAAGTAGAG-1-0,TP53_EZH2_CALR_mut
CGAATAGGTAATAGGTAAGTAGAG-1-0,
CGAATAGGTAGGTTTCAAGTAGAG-1-0,TP53_EZH2_CALR_mut
CGAATAGGTCATCCCTAAGTAGAG-1-0,
CGAATAGGTTAGGCGGAAGTAGAG-1-0,TP53_EZH2_CALR_mut
CGAATAGGTTCCGGGTAAGTAGAG-1-0,TP53_CALR_het
CGAATAGGTTGGATAGAAGTAGAG-1-0,ZRSR2_CALR_mut
CGAATAGGTTTGCATAAAGTAGAG-1-0,TP53_CALR_het
CGAATATCAAATATGCAAGTAGAG-1-0,TP53_EZH2_CALR_mut
CGAATATCAAGATAAGAAGTAGAG-1-0,
CGAATATCAAGGAATAAAGTAGAG-1-0,TP53_CALR_het
CGAATATCACATACCTAAGTAGAG-1-0,
CGAATATCACATGCTTAAGTAGAG-1-0,
CGAATATCACTAACAGAAGTAGAG-1-0,
CGAATATCATATGGTGAAGTAGAG-1-0,TP53_EZH2_CALR_mut
CGAATATCATCCGCTAAAGTAGAG-1-0,
CGAATATCATTCCTGGAAGTAGAG-1-0,
CGAATATCATTTGGCTAAGTAGAG-1-0,TP53_CALR_het
CGACAAAGTAAACTGGAAGTAGAG-1-0,
CGACAAAGTATCCGCAAAGTAGAG-1-0,TP53_CALR_het
CGACAAAGTCCATCAGAAGTAGAG-1-0,TP53_EZH2_CALR_mut
CGACAAAGTCCCTCATAAGTAGAG-1-0,TP53_CALR_het
CGACAAAGTTAGTGCTAAGTAGAG-1-0,ZRSR2_CALR_mut
CGACAAAGTTTAGTTGAAGTAGAG-1-0,
CGACACAAGATAGCTAAAGTAGAG-1-0,TP53_CALR_het
CGACACAAGCCATCGTAAGTAGAG-1-0,TP53_CALR_het
CGACACAAGCTAACTTAAGTAGAG-1-0,TP53_CALR_het
CGACACAAGCTTGAGGAAGTAGAG-1-0,TP53_EZH2_CALR_mut
CGACACAAGGAAACCTAAGTAGAG-1-0,
CGACACAAGGACAAGAAAGTAGAG-1-0,
CGACACAAGGCGCGATAAGTAGAG-1-0,
CGACACAAGGTAAGTCAAGTAGAG-1-0,ZRSR2_CALR_mut
CGACACAAGGTCAATAAAGTAGAG-1-0,
CGACACAAGGTCACTCAAGTAGAG-1-0,
CGACACAAGTAGCTAAAAGTAGAG-1-0,TP53_CALR_het
CGACACAAGTTGGATAAAGTAGAG-1-0,
CGACACCGTAAAGCGCAAGTAGAG-1-0,
CGACACCGTCCACAATAAGTAGAG-1-0,
CGACACCGTGCGGAATAAGTAGAG-1-0,TP53_EZH2_CALR_mut
CGACACCGTGGCTTTGAAGTAGAG-1-0,
CGACACCGTTTCACCCAAGTAGAG-1-0,
CGACATTGTAGTAACGAAGTAGAG-1-0,TP53_CALR_het
CGACATTGTCAAAGGCAAGTAGAG-1-0,TP53_EZH2_CALR_mut
CGACATTGTGCAATAGAAGTAGAG-1-0,TP53_CALR_het
CGACATTGTGTTTGTAAAGTAGAG-1-0,
CGACATTGTTCTCAAAAAGTAGAG-1-0,TP53_EZH2_CALR_mut
CGACCGTGTAACTTGCAAGTAGAG-1-0,
CGACCGTGTAATGTCCAAGTAGAG-1-0,TP53_CALR_het
CGACCGTGTACCGCACAAGTAGAG-1-0,
CGACCGTGTACGGTTTAAGTAGAG-1-0,TP53_EZH2_CALR_mut
CGACCGTGTGCTGCACAAGTAGAG-1-0,TP53_EZH2_CALR_mut
CGACCGTGTGCTTCGAAAGTAGAG-1-0,
CGACCGTGTTAGTGGAAAGTAGAG-1-0,TP53_CALR_het
CGACCGTGTTGGTTTAAAGTAGAG-1-0,TP53_CALR_het
CGACCGTGTTTGTAGCAAGTAGAG-1-0,
CGACTCCCAAACGGTCAAGTAGAG-1-0,TP53_CALR_het
CGACTCCCAACCGTAAAAGTAGAG-1-0,
CGACTCCCAACCTGTTAAGTAGAG-1-0,ZRSR2_CALR_mut
CGACTCCCAACGACTAAAGTAGAG-1-0,
CGACTCCCACAATACGAAGTAGAG-1-0,TP53_CALR_het
CGACTCCCACCTAAGAAAGTAGAG-1-0,
CGACTCCCATTGAAGTAAGTAGAG-1-0,TP53_CALR_het
CGACTTATCAAGTTAGAAGTAGAG-1-0,TP53_EZH2_CALR_mut
CGACTTATCACCTTTCAAGTAGAG-1-0,
CGACTTATCAGGTTAAAAGTAGAG-1-0,TP53_EZH2_CALR_mut
CGACTTATCATAACCTAAGTAGAG-1-0,
CGACTTATCCAGAAACAAGTAGAG-1-0,TP53_CALR_het
CGACTTATCCATCCTTAAGTAGAG-1-0,
CGACTTATCCCAGTACAAGTAGAG-1-0,TP53_CALR_het
CGACTTATCCCGTTCCAAGTAGAG-1-0,
CGACTTATCGATTAAGAAGTAGAG-1-0,
CGACTTATCGCGTTCGAAGTAGAG-1-0,TP53_CALR_het
CGACTTATCGGTACGAAAGTAGAG-1-0,ZRSR2_CALR_mut
CGACTTATCTAAATCCAAGTAGAG-1-0,
CGACTTATCTCCATCTAAGTAGAG-1-0,
CGACTTATCTGTGACCAAGTAGAG-1-0,TP53_EZH2_CALR_mut
CGACTTATCTTGAAAGAAGTAGAG-1-0,TP53_EZH2_CALR_mut
CGACTTTCAAGAAATGAAGTAGAG-1-0,
CGACTTTCAGAAACTTAAGTAGAG-1-0,
CGACTTTCAGGTGACTAAGTAGAG-1-0,TP53_EZH2_CALR_mut
CGACTTTCATGAGTCAAAGTAGAG-1-0,
CGACTTTCATTGGACAAAGTAGAG-1-0,
CGACTTTCATTTGCTAAAGTAGAG-1-0,
CGAGAGGAGATAGCTAAAGTAGAG-1-0,
CGAGAGGAGCAACTTTAAGTAGAG-1-0,
CGAGAGGAGCACCTTAAAGTAGAG-1-0,
CGAGAGGAGGACTTAAAAGTAGAG-1-0,TP53_CALR_het
CGAGAGGAGGAGCCGTAAGTAGAG-1-0,TP53_CALR_het
CGAGAGGAGGATTATGAAGTAGAG-1-0,TP53_CALR_het
CGAGAGGAGGGTTAACAAGTAGAG-1-0,ZRSR2_CALR_mut
CGAGAGGAGGGTTACGAAGTAGAG-1-0,
CGAGAGGAGTAGCCTCAAGTAGAG-1-0,TP53_EZH2_CALR_mut
CGAGCGAGTCACTATAAAGTAGAG-1-0,
CGAGCGAGTCCTCATCAAGTAGAG-1-0,TP53_CALR_het
CGAGCGAGTGGCTCACAAGTAGAG-1-0,
CGAGCGAGTTATGTGCAAGTAGAG-1-0,
CGAGCGAGTTCTTACTAAGTAGAG-1-0,
CGAGCGAGTTGTCCAGAAGTAGAG-1-0,ZRSR2_CALR_mut
CGAGCTTTCACTAGGGAAGTAGAG-1-0,TP53_EZH2_CALR_mut
CGAGCTTTCACTCGCGAAGTAGAG-1-0,ZRSR2_CALR_mut
CGAGCTTTCAGTTTACAAGTAGAG-1-0,TP53_CALR_het
CGAGCTTTCCCTCGTCAAGTAGAG-1-0,TP53_EZH2_CALR_mut
CGAGCTTTCCGCTATAAAGTAGAG-1-0,
CGAGCTTTCCTTTGGAAAGTAGAG-1-0,TP53_CALR_het
CGAGGAGAGCAATTGAAAGTAGAG-1-0,
CGAGGAGAGCTAAATGAAGTAGAG-1-0,
CGAGGAGAGGACAAGAAAGTAGAG-1-0,TP53_CALR_het
CGAGGAGAGGACTTAAAAGTAGAG-1-0,ZRSR2_CALR_mut
CGAGGAGAGGGAGGCAAAGTAGAG-1-0,TP53_EZH2_CALR_mut
CGAGGAGAGTCAACAAAAGTAGAG-1-0,TP53_CALR_het
CGAGGAGAGTCGAAACAAGTAGAG-1-0,TP53_CALR_het
CGAGGAGAGTGCCCTGAAGTAGAG-1-0,
CGAGTTACAACAGAGGAAGTAGAG-1-0,TP53_CALR_het
CGAGTTACAAGGCGTTAAGTAGAG-1-0,
CGAGTTACACAATACGAAGTAGAG-1-0,TP53_CALR_het
CGAGTTACACTAACGAAAGTAGAG-1-0,TP53_EZH2_CALR_het
CGAGTTACACTAAGCAAAGTAGAG-1-0,TP53_EZH2_CALR_mut
CGAGTTACAGAGAGCAAAGTAGAG-1-0,
CGAGTTACAGATAACTAAGTAGAG-1-0,
CGAGTTACATCCACCAAAGTAGAG-1-0,
CGAGTTACATCCCAATAAGTAGAG-1-0,TP53_EZH2_CALR_mut
CGAGTTACATTGCATCAAGTAGAG-1-0,TP53_CALR_het
CGATAAATCAACTTGTAAGTAGAG-1-0,TP53_CALR_het
CGATAAATCAATACAGAAGTAGAG-1-0,ZRSR2_CALR_mut
CGATAAATCAATTTGCAAGTAGAG-1-0,
CGATAAATCATCAAGAAAGTAGAG-1-0,TP53_EZH2_CALR_mut
CGATAAATCATTTGCGAAGTAGAG-1-0,TP53_CALR_het
CGATAAATCCCGTTCCAAGTAGAG-1-0,ZRSR2_CALR_mut
CGATAAATCCGCACCAAAGTAGAG-1-0,
CGATAAATCCTTGTTCAAGTAGAG-1-0,
CGATAAATCGATATTCAAGTAGAG-1-0,
CGATAAATCTACTACGAAGTAGAG-1-0,TP53_CALR_het
CGATAAATCTCAGCACAAGTAGAG-1-0,ZRSR2_CALR_mut
CGATAAATCTGGTCTAAAGTAGAG-1-0,
CGATAGCCACCAACAAAAGTAGAG-1-0,
CGATAGCCAGCTTAAGAAGTAGAG-1-0,
CGATAGCCATCACGAAAAGTAGAG-1-0,TP53_CALR_het
CGATAGGTCAAACTTCAAGTAGAG-1-0,
CGATAGGTCACTTCGAAAGTAGAG-1-0,TP53_EZH2_CALR_mut
CGATAGGTCAGCACAGAAGTAGAG-1-0,TP53_EZH2_CALR_mut
CGATAGGTCAGCACCTAAGTAGAG-1-0,TP53_EZH2_CALR_mut
CGATAGGTCGCACACTAAGTAGAG-1-0,ZRSR2_CALR_mut
CGATAGGTCGGCTAGAAAGTAGAG-1-0,
CGATAGGTCGTTAACTAAGTAGAG-1-0,
CGATAGGTCTGCCATAAAGTAGAG-1-0,
CGATATGCAAACTTCCAAGTAGAG-1-0,TP53_CALR_het
CGATATGCAAGCTTTCAAGTAGAG-1-0,
CGATATGCACATACCTAAGTAGAG-1-0,TP53_CALR_het
CGATATGCACTCCCTTAAGTAGAG-1-0,
CGATATGCAGATTGCAAAGTAGAG-1-0,TP53_CALR_het
CGATATGCAGCTCATTAAGTAGAG-1-0,TP53_EZH2_CALR_mut
CGATATGCAGGCTGTGAAGTAGAG-1-0,
CGATATGCATGCAATGAAGTAGAG-1-0,
CGATATGCATTTGTTGAAGTAGAG-1-0,TP53_CALR_het
CGATGAAGTACCTTAAAAGTAGAG-1-0,TP53_EZH2_CALR_mut
CGATGAAGTATGGTGAAAGTAGAG-1-0,
CGATGAAGTCAATTCAAAGTAGAG-1-0,ZRSR2_CALR_mut
CGATGAAGTCTGTCAGAAGTAGAG-1-0,ZRSR2_CALR_mut
CGATGAAGTCTTACTTAAGTAGAG-1-0,
CGATGAAGTGCCCGATAAGTAGAG-1-0,TP53_CALR_het
CGATGAAGTGCGATAAAAGTAGAG-1-0,TP53_CALR_het
CGATGAAGTGTCCAGCAAGTAGAG-1-0,TP53_CALR_het
CGATGAAGTGTGATGAAAGTAGAG-1-0,
CGATGACCAAATAGGAAAGTAGAG-1-0,ZRSR2_CALR_mut
CGATGACCAACGACTAAAGTAGAG-1-0,
CGATGACCACTAACTCAAGTAGAG-1-0,
CGATGACCACTTTATGAAGTAGAG-1-0,
CGATGACCATCACAGAAAGTAGAG-1-0,
CGATGACCATTACTTGAAGTAGAG-1-0,TP53_CALR_het
CGATGACCATTGCCTGAAGTAGAG-1-0,TP53_CALR_het
CGATGTTGTACAAAGTAAGTAGAG-1-0,TP53_EZH2_CALR_mut
CGATGTTGTACGATTCAAGTAGAG-1-0,
CGATGTTGTACGTAAGAAGTAGAG-1-0,TP53_EZH2_CALR_mut
CGATGTTGTACTGCCAAAGTAGAG-1-0,TP53_CALR_het
CGATGTTGTAGCTATCAAGTAGAG-1-0,
CGATGTTGTATGTTGCAAGTAGAG-1-0,ZRSR2_CALR_mut
CGATGTTGTCTCAGCAAAGTAGAG-1-0,TP53_EZH2_CALR_mut
CGATGTTGTGCGGCAAAAGTAGAG-1-0,
CGATGTTGTTAGCGCCAAGTAGAG-1-0,ZRSR2_CALR_mut
CGATGTTGTTCCGCAAAAGTAGAG-1-0,TP53_EZH2_CALR_mut
CGATTACGTAAGGCTAAAGTAGAG-1-0,
CGATTACGTCGTTCTCAAGTAGAG-1-0,TP53_EZH2_CALR_mut
CGATTACGTTGGATGAAAGTAGAG-1-0,
CGATTCATCACGGACAAAGTAGAG-1-0,
CGATTCATCAGGTAGTAAGTAGAG-1-0,
CGATTCATCATGTCATAAGTAGAG-1-0,
CGATTCATCCGTGACTAAGTAGAG-1-0,
CGATTCATCGCCTAGTAAGTAGAG-1-0,
CGATTCATCGCGAAATAAGTAGAG-1-0,TP53_EZH2_CALR_mut
CGATTCATCTAATGAGAAGTAGAG-1-0,
CGATTCATCTACTACGAAGTAGAG-1-0,
CGATTCATCTATCACGAAGTAGAG-1-0,TP53_CALR_het
CGATTCATCTCGCCTCAAGTAGAG-1-0,
CGATTCATCTTTGGATAAGTAGAG-1-0,
CGATTGACAAACAAGAAAGTAGAG-1-0,TP53_CALR_het
CGATTGACAAAGACCCAAGTAGAG-1-0,
CGATTGACAAATCACGAAGTAGAG-1-0,
CGATTGACAACTGTTCAAGTAGAG-1-0,
CGATTGACAATAAGGAAAGTAGAG-1-0,
CGATTGACACACCCACAAGTAGAG-1-0,
CGATTGACAGCGATCGAAGTAGAG-1-0,
CGATTGACAGGATCCGAAGTAGAG-1-0,
CGATTGACATGCCTCAAAGTAGAG-1-0,TP53_CALR_het
CGATTGACATTGCCGCAAGTAGAG-1-0,
CGATTGACATTTGGCTAAGTAGAG-1-0,
CGATTGTGTAGTCATCAAGTAGAG-1-0,TP53_CALR_het
CGATTGTGTGATTACCAAGTAGAG-1-0,TP53_CALR_het
CGATTGTGTTAGCTCGAAGTAGAG-1-0,
CGATTGTGTTTGCATAAAGTAGAG-1-0,TP53_CALR_het
CGATTTAGTATTCGTAAAGTAGAG-1-0,TP53_CALR_het
CGATTTAGTCCATTAAAAGTAGAG-1-0,TP53_CALR_het
CGATTTAGTCGTTATAAAGTAGAG-1-0,TP53_EZH2_CALR_mut
CGATTTAGTGCCCGATAAGTAGAG-1-0,
CGATTTAGTGGTTACTAAGTAGAG-1-0,TP53_CALR_het
CGATTTAGTTCGATGTAAGTAGAG-1-0,
CGATTTAGTTGAATCCAAGTAGAG-1-0,
CGATTTAGTTTCCTCAAAGTAGAG-1-0,
CGCAACTTCAAGTTAGAAGTAGAG-1-0,
CGCAACTTCAGGAGCCAAGTAGAG-1-0,
CGCAACTTCCAAAGGTAAGTAGAG-1-0,TP53_EZH2_CALR_mut
CGCAACTTCCAGAACGAAGTAGAG-1-0,
CGCAACTTCCTCAATGAAGTAGAG-1-0,TP53_CALR_het
CGCAACTTCGGTAACGAAGTAGAG-1-0,
CGCAACTTCGTCAACCAAGTAGAG-1-0,
CGCAACTTCGTGATTTAAGTAGAG-1-0,
CGCAACTTCTGGCCCAAAGTAGAG-1-0,
CGCAACTTCTTCGCTTAAGTAGAG-1-0,TP53_CALR_het
CGCAAGGGTAATGCCTAAGTAGAG-1-0,
CGCAAGGGTCAATTCAAAGTAGAG-1-0,
CGCAAGGGTTCCGCAAAAGTAGAG-1-0,TP53_EZH2_CALR_mut
CGCAAGGGTTTAACCAAAGTAGAG-1-0,TP53_CALR_het
CGCAATCTCACGAACGAAGTAGAG-1-0,
CGCAATCTCATGTCATAAGTAGAG-1-0,
CGCAATCTCGATTGAAAAGTAGAG-1-0,TP53_CALR_het
CGCAATCTCTAGCGGAAAGTAGAG-1-0,
CGCAATCTCTGGCCCAAAGTAGAG-1-0,TP53_CALR_het
CGCAATCTCTTGAGGGAAGTAGAG-1-0,
CGCAATTGTAACGGGTAAGTAGAG-1-0,ZRSR2_CALR_mut
CGCAATTGTATGGGACAAGTAGAG-1-0,
CGCAATTGTCACACCAAAGTAGAG-1-0,TP53_EZH2_CALR_mut
CGCAATTGTGACCTTGAAGTAGAG-1-0,
CGCAATTGTGAGAAGGAAGTAGAG-1-0,
CGCAATTGTGCGTACCAAGTAGAG-1-0,TP53_CALR_het
CGCAATTGTTTCAGGTAAGTAGAG-1-0,
CGCACAAAGAATGGGAAAGTAGAG-1-0,TP53_EZH2_CALR_mut
CGCACAAAGCTCCCTCAAGTAGAG-1-0,TP53_CALR_het
CGCACAAAGGATGAAGAAGTAGAG-1-0,TP53_CALR_het
CGCACAAAGGCTAGATAAGTAGAG-1-0,
CGCACAAAGGGTTATAAAGTAGAG-1-0,
CGCACAAAGTAGCTAAAAGTAGAG-1-0,TP53_CALR_het
CGCACAAAGTATGGGTAAGTAGAG-1-0,TP53_CALR_het
CGCACATTCAAGGTACAAGTAGAG-1-0,ZRSR2_CALR_mut
CGCACATTCACGAACGAAGTAGAG-1-0,
CGCACATTCAGCATGGAAGTAGAG-1-0,TP53_CALR_het
CGCACATTCAGGCCTTAAGTAGAG-1-0,
CGCACATTCAGGGATTAAGTAGAG-1-0,
CGCACATTCCGCAACTAAGTAGAG-1-0,TP53_CALR_het
CGCACATTCCTGAGGAAAGTAGAG-1-0,TP53_CALR_het
CGCACATTCGGGACTAAAGTAGAG-1-0,
CGCACATTCGTCCCGAAAGTAGAG-1-0,TP53_EZH2_CALR_mut
CGCACATTCTTGATCGAAGTAGAG-1-0,
CGCACATTCTTTAAGCAAGTAGAG-1-0,TP53_CALR_het
CGCAGCACAATGGATTAAGTAGAG-1-0,
CGCAGCACACAACATGAAGTAGAG-1-0,
CGCAGCACACTATGGAAAGTAGAG-1-0,
CGCAGCACAGGATCCGAAGTAGAG-1-0,TP53_CALR_het
CGCAGCACAGGTGACTAAGTAGAG-1-0,
CGCAGCACAGTAATACAAGTAGAG-1-0,TP53_EZH2_CALR_mut
CGCAGCACATCAGGACAAGTAGAG-1-0,
CGCAGCACATTGCCTGAAGTAGAG-1-0,
CGCAGGTAGAGGATAGAAGTAGAG-1-0,TP53_CALR_het
CGCAGGTAGCAGGCTAAAGTAGAG-1-0,
CGCAGGTAGCCTTAATAAGTAGAG-1-0,
CGCAGGTAGCGAAGCCAAGTAGAG-1-0,
CGCAGGTAGCGGGACTAAGTAGAG-1-0,
CGCAGGTAGCTTAAAGAAGTAGAG-1-0,
CGCAGGTAGGCGAGTCAAGTAGAG-1-0,TP53_CALR_het
CGCAGGTAGGGCGGTTAAGTAGAG-1-0,
CGCAGGTAGGTATGGTAAGTAGAG-1-0,
CGCAGGTAGTCGCGAAAAGTAGAG-1-0,ZRSR2_CALR_mut
CGCAGGTAGTTTGACTAAGTAGAG-1-0,
CGCATAACAAAGACCCAAGTAGAG-1-0,
CGCATAACAAATGACTAAGTAGAG-1-0,TP53_EZH2_CALR_mut
CGCATAACAACTATCCAAGTAGAG-1-0,ZRSR2_CALR_mut
CGCATAACAAGTTTCCAAGTAGAG-1-0,TP53_EZH2_CALR_mut
CGCATAACACCTGGTCAAGTAGAG-1-0,TP53_CALR_het
CGCATAACACCTTCTCAAGTAGAG-1-0,
CGCATAACACTGTCATAAGTAGAG-1-0,
CGCATAACAGATAACTAAGTAGAG-1-0,
CGCATAACAGGCGAAAAAGTAGAG-1-0,
CGCATAACAGTGAGGAAAGTAGAG-1-0,
CGCATAACATAACCAGAAGTAGAG-1-0,
CGCATAACATCAAGCAAAGTAGAG-1-0,
CGCATCCCAAGTTTCCAAGTAGAG-1-0,
CGCATCCCAATATGCGAAGTAGAG-1-0,TP53_CALR_het
CGCATCCCAATTCGGAAAGTAGAG-1-0,TP53_CALR_het
CGCATCCCACAAATACAAGTAGAG-1-0,
CGCATCCCACATGCTTAAGTAGAG-1-0,
CGCATCCCACTCCCAAAAGTAGAG-1-0,TP53_EZH2_CALR_mut
CGCATCCCAGAAACTTAAGTAGAG-1-0,
CGCATCCCAGATTCGAAAGTAGAG-1-0,
CGCATCCCAGCTCATTAAGTAGAG-1-0,
CGCATCCCAGTAAGTTAAGTAGAG-1-0,
CGCATCCCATCAGGACAAGTAGAG-1-0,
CGCATGAAGGAGCCGTAAGTAGAG-1-0,TP53_CALR_het
CGCATGAAGGATCCCTAAGTAGAG-1-0,TP53_CALR_het
CGCATGAAGGCTTAAAAAGTAGAG-1-0,
CGCATGAAGGGATGAAAAGTAGAG-1-0,
CGCATGAAGGTTATCTAAGTAGAG-1-0,TP53_CALR_het
CGCATGAAGGTTCTTGAAGTAGAG-1-0,
CGCATGAAGTAGCTAAAAGTAGAG-1-0,
CGCATGAAGTCTATGTAAGTAGAG-1-0,TP53_CALR_het
CGCATTATCAAGTTAGAAGTAGAG-1-0,
CGCATTATCAGCCCTGAAGTAGAG-1-0,
CGCATTATCAGCGATGAAGTAGAG-1-0,
CGCATTATCCAATTACAAGTAGAG-1-0,TP53_EZH2_CALR_mut
CGCATTATCCTAAATCAAGTAGAG-1-0,
CGCATTATCCTGATCAAAGTAGAG-1-0,
CGCATTATCGATTCTGAAGTAGAG-1-0,TP53_CALR_het
CGCATTATCGCAAATAAAGTAGAG-1-0,TP53_EZH2_CALR_mut
CGCATTATCGCAGGACAAGTAGAG-1-0,
CGCATTATCTTGAAAGAAGTAGAG-1-0,
CGCATTTCAACAGCACAAGTAGAG-1-0,
CGCATTTCAGGTATATAAGTAGAG-1-0,
CGCCATCCAAGGTTATAAGTAGAG-1-0,
CGCCATCCAAGTAAGAAAGTAGAG-1-0,TP53_CALR_het
CGCCATCCAATGAAGAAAGTAGAG-1-0,
CGCCATCCACACTAAGAAGTAGAG-1-0,TP53_EZH2_CALR_mut
CGCCATCCACATTGTCAAGTAGAG-1-0,
CGCCATCCACCAGCCTAAGTAGAG-1-0,TP53_CALR_het
CGCCATCCACCTACTGAAGTAGAG-1-0,TP53_EZH2_CALR_mut
CGCCATCCAGATAACTAAGTAGAG-1-0,
CGCGACACAAGTTTCCAAGTAGAG-1-0,
CGCGACACAATACCCTAAGTAGAG-1-0,
CGCGACACACCTTCTCAAGTAGAG-1-0,TP53_EZH2_CALR_mut
CGCGACACACTAAGGCAAGTAGAG-1-0,TP53_EZH2_CALR_mut
CGCGACACAGAGGCTTAAGTAGAG-1-0,TP53_EZH2_CALR_mut
CGCGACACATCGATAGAAGTAGAG-1-0,
CGCGACACATGTTTCAAAGTAGAG-1-0,
CGCGATAAGCTCGACTAAGTAGAG-1-0,TP53_CALR_het
CGCGATAAGCTCGATCAAGTAGAG-1-0,TP53_CALR_het
CGCGATAAGCTTACTGAAGTAGAG-1-0,TP53_EZH2_CALR_mut
CGCGATAAGGACTTAAAAGTAGAG-1-0,
CGCGATAAGGTATTTCAAGTAGAG-1-0,
CGCGATAAGTAAGCACAAGTAGAG-1-0,
CGCGATAAGTTTCGCAAAGTAGAG-1-0,
CGCGTGACAAGATAAGAAGTAGAG-1-0,
CGCGTGACAATACTGGAAGTAGAG-1-0,
CGCGTGACACAATGGCAAGTAGAG-1-0,TP53_CALR_het
CGCGTGACACATAAGTAAGTAGAG-1-0,
CGCGTGACACTAGTAGAAGTAGAG-1-0,TP53_CALR_het
CGCGTGACAGCACCTCAAGTAGAG-1-0,
CGCGTGACATAGGCGTAAGTAGAG-1-0,
CGCGTTCCAAGGTGCTAAGTAGAG-1-0,TP53_EZH2_CALR_mut
CGCGTTCCACATAGATAAGTAGAG-1-0,
CGCGTTCCACCACAAAAAGTAGAG-1-0,ZRSR2_CALR_mut
CGCGTTCCACCACACCAAGTAGAG-1-0,TP53_EZH2_CALR_mut
CGCGTTCCAGCTCGCTAAGTAGAG-1-0,
CGCGTTCCAGGTCAACAAGTAGAG-1-0,
CGCGTTCCATATTTCGAAGTAGAG-1-0,TP53_CALR_het
CGCGTTCCATCCCAATAAGTAGAG-1-0,
CGCGTTCCATGGCCGAAAGTAGAG-1-0,
CGCGTTCCATTCGGTTAAGTAGAG-1-0,TP53_CALR_het
CGCTAAACAAATCACGAAGTAGAG-1-0,TP53_CALR_het
CGCTAAACAACCATTCAAGTAGAG-1-0,TP53_CALR_het
CGCTAAACAAGCTATGAAGTAGAG-1-0,
CGCTAAACACACTAAGAAGTAGAG-1-0,TP53_EZH2_CALR_mut
CGCTAAACATATTTCGAAGTAGAG-1-0,TP53_CALR_het
CGCTAAACATTCCTGGAAGTAGAG-1-0,TP53_CALR_het
CGCTACGTCAGGGATTAAGTAGAG-1-0,
CGCTACGTCGAGGCACAAGTAGAG-1-0,
CGCTACGTCGATTGAAAAGTAGAG-1-0,TP53_CALR_het
CGCTACGTCGCGAGTAAAGTAGAG-1-0,
CGCTACGTCGCGCATTAAGTAGAG-1-0,TP53_CALR_het
CGCTACGTCGGTTCCGAAGTAGAG-1-0,
CGCTACGTCTATGGCCAAGTAGAG-1-0,
CGCTACGTCTGGTCTAAAGTAGAG-1-0,TP53_EZH2_CALR_mut
CGCTACTAGCTAGCCTAAGTAGAG-1-0,
CGCTACTAGCTTGAAAAAGTAGAG-1-0,TP53_CALR_het
CGCTACTAGGAACCATAAGTAGAG-1-0,TP53_CALR_het
CGCTACTAGGATGGTTAAGTAGAG-1-0,
CGCTACTAGGGTTTCCAAGTAGAG-1-0,TP53_CALR_het
CGCTACTAGGTAATTGAAGTAGAG-1-0,
CGCTACTAGTGCCCTGAAGTAGAG-1-0,TP53_CALR_het
CGCTACTAGTTGGCCTAAGTAGAG-1-0,TP53_EZH2_CALR_mut
CGCTATATCACTTCGAAAGTAGAG-1-0,TP53_EZH2_CALR_mut
CGCTATATCATGATGAAAGTAGAG-1-0,TP53_CALR_het
CGCTATATCATTTGCGAAGTAGAG-1-0,
CGCTATATCCTGAGGAAAGTAGAG-1-0,TP53_CALR_het
CGCTATATCTCACCTTAAGTAGAG-1-0,
CGCTATATCTGGTCTAAAGTAGAG-1-0,
CGCTCAGTCAATTTGCAAGTAGAG-1-0,ZRSR2_CALR_mut
CGCTCAGTCACAGATAAAGTAGAG-1-0,TP53_CALR_het
CGCTCAGTCATTGTACAAGTAGAG-1-0,TP53_CALR_het
CGCTCAGTCCAAAGACAAGTAGAG-1-0,
CGCTCAGTCCAAATAGAAGTAGAG-1-0,
CGCTCAGTCCAGCTACAAGTAGAG-1-0,
CGCTCAGTCCATAAAGAAGTAGAG-1-0,TP53_EZH2_CALR_mut
CGCTCAGTCCTAAGTTAAGTAGAG-1-0,
CGCTCAGTCCTCAAGCAAGTAGAG-1-0,
CGCTCAGTCGTAACCCAAGTAGAG-1-0,
CGCTCAGTCTAACCATAAGTAGAG-1-0,
CGCTCAGTCTAACCTGAAGTAGAG-1-0,TP53_EZH2_CALR_mut
CGCTGGACAACAGCTAAAGTAGAG-1-0,
CGCTGGACAAGCTAATAAGTAGAG-1-0,
CGCTGGACAAGGCTTAAAGTAGAG-1-0,
CGCTGGACACATGAATAAGTAGAG-1-0,
CGCTGGACACCTTCTCAAGTAGAG-1-0,
CGCTGGACACTAGTAGAAGTAGAG-1-0,
CGCTGGACAGTGAGGAAAGTAGAG-1-0,
CGCTGGACATAGACCAAAGTAGAG-1-0,TP53_CALR_het
CGCTGGACATAGGGTCAAGTAGAG-1-0,
CGCTGGACATCAAGTGAAGTAGAG-1-0,
CGCTTTAAGACAACTAAAGTAGAG-1-0,TP53_EZH2_CALR_mut
CGCTTTAAGATAACGCAAGTAGAG-1-0,TP53_CALR_het
CGCTTTAAGATGCCTCAAGTAGAG-1-0,TP53_EZH2_CALR_mut
CGCTTTAAGGACTTAAAAGTAGAG-1-0,TP53_EZH2_CALR_mut
CGCTTTAAGGCCTTCGAAGTAGAG-1-0,
CGCTTTAAGGGTTATAAAGTAGAG-1-0,TP53_CALR_het
CGCTTTAAGGTAATTGAAGTAGAG-1-0,TP53_EZH2_CALR_mut
CGCTTTAAGGTCAATAAAGTAGAG-1-0,
CGCTTTAAGTATGGTAAAGTAGAG-1-0,ZRSR2_CALR_mut
CGCTTTAAGTGCCCTGAAGTAGAG-1-0,
CGCTTTAAGTTGGATAAAGTAGAG-1-0,
CGGAACCAGAAACCCGAAGTAGAG-1-0,
CGGAACCAGATAACTGAAGTAGAG-1-0,
CGGAACCAGCCATCACAAGTAGAG-1-0,ZRSR2_CALR_mut
CGGAACCAGCGCTTACAAGTAGAG-1-0,
CGGAACCAGCTTACATAAGTAGAG-1-0,ZRSR2_CALR_mut
CGGAACCAGCTTATCGAAGTAGAG-1-0,TP53_EZH2_CALR_mut
CGGAACGGTATTTACGAAGTAGAG-1-0,TP53_CALR_het
CGGAACGGTCAACTACAAGTAGAG-1-0,TP53_EZH2_CALR_mut
CGGAACGGTCAATGTCAAGTAGAG-1-0,
CGGAACGGTCATCCTCAAGTAGAG-1-0,
CGGAACGGTGACATGAAAGTAGAG-1-0,
CGGAACGGTTACCGTGAAGTAGAG-1-0,
CGGAACGGTTGCGCTAAAGTAGAG-1-0,
CGGAACGGTTTCCTGCAAGTAGAG-1-0,TP53_EZH2_CALR_mut
CGGCAATCAACATGATAAGTAGAG-1-0,
CGGCAATCACTCAGTTAAGTAGAG-1-0,
CGGCAATCAGTAATACAAGTAGAG-1-0,TP53_CALR_het
CGGCTAAAGCGAGGGAAAGTAGAG-1-0,
CGGCTAAAGCGGGACTAAGTAGAG-1-0,TP53_CALR_het
CGGCTAAAGCTATCGCAAGTAGAG-1-0,TP53_CALR_het
CGGCTAAAGGCGAGTCAAGTAGAG-1-0,TP53_CALR_het
CGGCTAAAGGCTCCATAAGTAGAG-1-0,
CGGCTAAAGGTAATGCAAGTAGAG-1-0,TP53_EZH2_CALR_mut
CGGCTAAAGGTGAGGGAAGTAGAG-1-0,TP53_CALR_het
CGGCTAAAGTGTAATGAAGTAGAG-1-0,
CGGGATGGTCCAGCACAAGTAGAG-1-0,
CGGGATGGTCCAGCTAAAGTAGAG-1-0,
CGGGATGGTGCGGCTTAAGTAGAG-1-0,
CGGGATGGTGCTCCAAAAGTAGAG-1-0,
CGGGATGGTGTTAGCTAAGTAGAG-1-0,TP53_EZH2_CALR_mut
CGGGATGGTTAGGTGAAAGTAGAG-1-0,ZRSR2_CALR_mut
CGGGATGGTTCGATGTAAGTAGAG-1-0,
CGGGATGGTTTGCTCCAAGTAGAG-1-0,TP53_CALR_het
CGGGCTACAGCACGTGAAGTAGAG-1-0,
CGGGCTACAGGCCTCTAAGTAGAG-1-0,
CGGGCTACATAACCAGAAGTAGAG-1-0,
CGGGCTACATCCACCAAAGTAGAG-1-0,
CGGGTTAAGAAGCAAGAAGTAGAG-1-0,
CGGGTTAAGACAACACAAGTAGAG-1-0,
CGGGTTAAGACTAACAAAGTAGAG-1-0,
CGGGTTAAGCTATCCAAAGTAGAG-1-0,
CGGGTTAAGGGTTTGGAAGTAGAG-1-0,TP53_CALR_het
CGGGTTAAGTCAACAAAAGTAGAG-1-0,TP53_CALR_het
CGGGTTAAGTGTGCAGAAGTAGAG-1-0,
CGGGTTGCAACAGCTAAAGTAGAG-1-0,TP53_CALR_het
CGGGTTGCAACGTTAGAAGTAGAG-1-0,
CGGGTTGCACTAGCGGAAGTAGAG-1-0,TP53_EZH2_CALR_mut
CGGGTTGCAGGCCTCTAAGTAGAG-1-0,ZRSR2_CALR_mut
CGGGTTGCAGTAAGGGAAGTAGAG-1-0,TP53_EZH2_CALR_mut
CGGTATTGTCACAGAAAAGTAGAG-1-0,TP53_EZH2_CALR_mut
CGGTATTGTCATTTAGAAGTAGAG-1-0,
CGGTATTGTGATTAGGAAGTAGAG-1-0,
CGGTATTGTTCTGGCAAAGTAGAG-1-0,
CGGTCAAAGAAGCATCAAGTAGAG-1-0,TP53_CALR_het
CGGTCAAAGACTAATGAAGTAGAG-1-0,TP53_CALR_het
CGGTCAAAGAGCAAGAAAGTAGAG-1-0,
CGGTCAAAGCCTCTAAAAGTAGAG-1-0,TP53_CALR_het
CGGTCAAAGCCTGGTTAAGTAGAG-1-0,
CGGTCAAAGCTCAAGGAAGTAGAG-1-0,
CGGTCAAAGGGTTACGAAGTAGAG-1-0,
CGGTCAAAGTCCTGACAAGTAGAG-1-0,ZRSR2_CALR_mut
CGGTGAGGTACTTATGAAGTAGAG-1-0,TP53_EZH2_CALR_mut
CGGTGAGGTAGCCCGTAAGTAGAG-1-0,
CGGTGAGGTATTTCGAAAGTAGAG-1-0,TP53_CALR_het
CGGTGAGGTCTACCAGAAGTAGAG-1-0,
CGGTGAGGTGCCCTTTAAGTAGAG-1-0,
CGGTGAGGTGTGAGGTAAGTAGAG-1-0,TP53_CALR_het
CGGTGAGGTGTTAGCTAAGTAGAG-1-0,TP53_EZH2_CALR_mut
CGGTGAGGTTGTCAGTAAGTAGAG-1-0,
CGGTGAGGTTGTTTGAAAGTAGAG-1-0,TP53_CALR_het
CGGTGAGGTTTCCAAAAAGTAGAG-1-0,TP53_EZH2_CALR_mut
CGGTGCACAAACACGCAAGTAGAG-1-0,
CGGTGCACAATACCCTAAGTAGAG-1-0,
CGGTGCACAATACTGGAAGTAGAG-1-0,
CGGTGCACACCGTTTGAAGTAGAG-1-0,ZRSR2_CALR_mut
CGGTGCACACTAGTCTAAGTAGAG-1-0,TP53_CALR_het
CGGTGCACAGCTACCCAAGTAGAG-1-0,
CGGTGCACATTTAGCCAAGTAGAG-1-0,TP53_CALR_het
CGGTGCACATTTCATGAAGTAGAG-1-0,TP53_CALR_het
CGGTGTGCAAGTTGGCAAGTAGAG-1-0,
CGGTGTGCACCAGCCTAAGTAGAG-1-0,
CGGTGTGCAGCACGTGAAGTAGAG-1-0,TP53_CALR_het
CGGTGTGCATAACCAGAAGTAGAG-1-0,
CGGTGTGCATTTGTTGAAGTAGAG-1-0,ZRSR2_CALR_mut
CGGTTAGAGAATGGGAAAGTAGAG-1-0,TP53_EZH2_CALR_mut
CGGTTAGAGCACGTTCAAGTAGAG-1-0,TP53_CALR_het
CGGTTAGAGCGAAGTTAAGTAGAG-1-0,
CGGTTAGAGGAACCATAAGTAGAG-1-0,TP53_EZH2_CALR_mut
CGGTTAGAGGATGAAGAAGTAGAG-1-0,
CGGTTAGAGGCAATCGAAGTAGAG-1-0,
CGGTTAGAGGTAAGTCAAGTAGAG-1-0,
CGGTTATGTCAACATCAAGTAGAG-1-0,ZRSR2_CALR_mut
CGGTTATGTTTGTTGAAAGTAGAG-1-0,ZRSR2_CALR_mut
CGTAAACAGATTGAGCAAGTAGAG-1-0,
CGTAAACAGCACGTTCAAGTAGAG-1-0,TP53_EZH2_CALR_het
CGTAAACAGCATCTATAAGTAGAG-1-0,
CGTAAACAGCTCAACCAAGTAGAG-1-0,
CGTAAACAGGACACGCAAGTAGAG-1-0,TP53_CALR_het
CGTAAACAGGCAGGCTAAGTAGAG-1-0,
CGTAAACAGGCCTCTGAAGTAGAG-1-0,
CGTAAACAGGGCCTTTAAGTAGAG-1-0,TP53_EZH2_CALR_mut
CGTAAACAGGGTGGGAAAGTAGAG-1-0,TP53_CALR_het
CGTAAACAGTAAACCAAAGTAGAG-1-0,
CGTAAACAGTATCGCCAAGTAGAG-1-0,
CGTAAACAGTCACCTAAAGTAGAG-1-0,
CGTAAACAGTCCTCAAAAGTAGAG-1-0,
CGTAAAGGTAACCCATAAGTAGAG-1-0,TP53_EZH2_CALR_mut
CGTAAAGGTCCTGACAAAGTAGAG-1-0,
CGTAAAGGTCTCACTCAAGTAGAG-1-0,TP53_CALR_het
CGTAAAGGTCTTTATCAAGTAGAG-1-0,
CGTAAAGGTTAAGGATAAGTAGAG-1-0,TP53_EZH2_CALR_mut
CGTAAAGGTTTCGCCTAAGTAGAG-1-0,ZRSR2_CALR_mut
CGTAAAGGTTTGCTCCAAGTAGAG-1-0,TP53_CALR_het
CGTAACGAGACCAGGCAAGTAGAG-1-0,
CGTAACGAGCGAAGAAAAGTAGAG-1-0,
CGTAACGAGCGCTAGAAAGTAGAG-1-0,TP53_EZH2_CALR_mut
CGTAACGAGGCGCGATAAGTAGAG-1-0,ZRSR2_CALR_mut
CGTAAGTAGACTTAAGAAGTAGAG-1-0,TP53_EZH2_CALR_mut
CGTAAGTAGATAGCCGAAGTAGAG-1-0,TP53_EZH2_CALR_mut
CGTAAGTAGGCCATGAAAGTAGAG-1-0,TP53_EZH2_CALR_mut
CGTAAGTAGGCCTCTGAAGTAGAG-1-0,TP53_CALR_het
CGTAAGTAGTTATGGAAAGTAGAG-1-0,TP53_CALR_het
CGTAATCGTAACTACCAAGTAGAG-1-0,ZRSR2_CALR_mut
CGTAATCGTCAGGGCAAAGTAGAG-1-0,TP53_EZH2_CALR_mut
CGTAATCGTGACCTTGAAGTAGAG-1-0,TP53_CALR_het
CGTAATCGTGCGGCAAAAGTAGAG-1-0,
CGTAATCGTGCTGAAAAAGTAGAG-1-0,
CGTAATCGTTGCTCCTAAGTAGAG-1-0,
CGTAATCGTTGGAGCGAAGTAGAG-1-0,
CGTAATCGTTTATCGAAAGTAGAG-1-0,
CGTAATTTCACAAAGCAAGTAGAG-1-0,TP53_EZH2_CALR_mut
CGTAATTTCACAACAAAAGTAGAG-1-0,TP53_CALR_het
CGTAATTTCATGGTCCAAGTAGAG-1-0,
CGTAATTTCCAACAGGAAGTAGAG-1-0,TP53_CALR_het
CGTAATTTCCCTGGTGAAGTAGAG-1-0,TP53_CALR_het
CGTAATTTCCTAAATCAAGTAGAG-1-0,TP53_CALR_het
CGTAATTTCGCAAATAAAGTAGAG-1-0,TP53_CALR_het
CGTAATTTCGGTAAACAAGTAGAG-1-0,
CGTAATTTCTGGTCTAAAGTAGAG-1-0,
CGTACGTTCATGACCCAAGTAGAG-1-0,TP53_EZH2_CALR_mut
CGTACGTTCCCAGTACAAGTAGAG-1-0,
CGTACGTTCCCGCTGAAAGTAGAG-1-0,ZRSR2_CALR_mut
CGTACGTTCCCTGGTGAAGTAGAG-1-0,ZRSR2_CALR_mut
CGTACGTTCGCTTGCGAAGTAGAG-1-0,TP53_CALR_het
CGTACGTTCTTAAGCTAAGTAGAG-1-0,TP53_EZH2_CALR_mut
CGTACTTCAAACTTCCAAGTAGAG-1-0,TP53_CALR_het
CGTACTTCAAAGGGATAAGTAGAG-1-0,TP53_CALR_het
CGTACTTCAATCGTGAAAGTAGAG-1-0,
CGTACTTCAATTCGGAAAGTAGAG-1-0,
CGTACTTCACGAACGTAAGTAGAG-1-0,TP53_CALR_het
CGTACTTCAGCTAGCGAAGTAGAG-1-0,TP53_EZH2_CALR_mut
CGTACTTCATCAAGTGAAGTAGAG-1-0,
CGTACTTCATTTCGCGAAGTAGAG-1-0,TP53_CALR_het
CGTAGCGCAAGCCAGTAAGTAGAG-1-0,
CGTAGCGCAATAACCGAAGTAGAG-1-0,ZRSR2_CALR_mut
CGTAGCGCAATGAAGAAAGTAGAG-1-0,
CGTAGCGCACATACCTAAGTAGAG-1-0,
CGTAGCGCATGCGGATAAGTAGAG-1-0,TP53_EZH2_CALR_het
CGTATATTCAAACCAAAAGTAGAG-1-0,
CGTATATTCCAGGAATAAGTAGAG-1-0,TP53_EZH2_CALR_mut
CGTATATTCCCGTTCCAAGTAGAG-1-0,
CGTATATTCCTGAGGAAAGTAGAG-1-0,TP53_EZH2_CALR_mut
CGTATATTCTTAATGCAAGTAGAG-1-0,TP53_CALR_het
CGTCATTCAAGCCAGTAAGTAGAG-1-0,TP53_CALR_het
CGTCATTCAATAAGCTAAGTAGAG-1-0,
CGTCATTCACAACATGAAGTAGAG-1-0,TP53_CALR_het
CGTCATTCACTAACGAAAGTAGAG-1-0,TP53_CALR_het
CGTCATTCATTTCGCGAAGTAGAG-1-0,TP53_CALR_het
CGTCCATAGCTAAGTAAAGTAGAG-1-0,
CGTGAACCAAAGGTAAAAGTAGAG-1-0,TP53_EZH2_CALR_mut
CGTGAACCAAATAGGAAAGTAGAG-1-0,TP53_CALR_het
CGTGAACCACAACATGAAGTAGAG-1-0,TP53_EZH2_CALR_mut
CGTGAACCACCAACAAAAGTAGAG-1-0,TP53_CALR_het
CGTGAACCACTAACAGAAGTAGAG-1-0,
CGTGAACCATAGACCAAAGTAGAG-1-0,
CGTGAACCATCGAACAAAGTAGAG-1-0,
CGTGAACCATGCTCCAAAGTAGAG-1-0,
CGTGAGGGTAACGGGTAAGTAGAG-1-0,
CGTGAGGGTCGAGGCAAAGTAGAG-1-0,TP53_CALR_het
CGTGAGGGTCGTTATAAAGTAGAG-1-0,
CGTGAGGGTGAGTAATAAGTAGAG-1-0,
CGTGAGGGTGCTGCACAAGTAGAG-1-0,
CGTGAGGGTGGTGAGTAAGTAGAG-1-0,TP53_EZH2_CALR_mut
CGTGAGGGTGGTGCAGAAGTAGAG-1-0,TP53_EZH2_CALR_mut
CGTGAGGGTTGCACGCAAGTAGAG-1-0,TP53_EZH2_CALR_mut
CGTGAGGGTTGCGCTAAAGTAGAG-1-0,
CGTGAGGGTTGGGTTTAAGTAGAG-1-0,
CGTGAGGGTTTCCTGCAAGTAGAG-1-0,
CGTGCGTGTATATTCGAAGTAGAG-1-0,TP53_EZH2_CALR_mut
CGTGCGTGTGATTAGGAAGTAGAG-1-0,
CGTGCGTGTTAGCGGGAAGTAGAG-1-0,
CGTGCGTGTTAGTAGGAAGTAGAG-1-0,TP53_CALR_het
CGTGCGTGTTAGTGCTAAGTAGAG-1-0,TP53_EZH2_CALR_mut
CGTGCGTGTTCACTCCAAGTAGAG-1-0,TP53_CALR_het
CGTGCTTAGAAGGTTCAAGTAGAG-1-0,TP53_CALR_het
CGTGCTTAGACAAAGGAAGTAGAG-1-0,
CGTGCTTAGAGGATAGAAGTAGAG-1-0,TP53_CALR_het
CGTGCTTAGCACGTTCAAGTAGAG-1-0,TP53_EZH2_CALR_mut
CGTGCTTAGCGCCTTGAAGTAGAG-1-0,
CGTGCTTAGCGCTAGAAAGTAGAG-1-0,
CGTGCTTAGGATGGTTAAGTAGAG-1-0,
CGTGCTTAGGATTAGCAAGTAGAG-1-0,
CGTGCTTAGGCGCGATAAGTAGAG-1-0,
CGTGCTTAGGGTCTAGAAGTAGAG-1-0,TP53_CALR_het
CGTGCTTAGGTAAGTCAAGTAGAG-1-0,
CGTGTCCCAAACAATCAAGTAGAG-1-0,
CGTGTCCCAAACCCAAAAGTAGAG-1-0,
CGTGTCCCAATAACCGAAGTAGAG-1-0,
CGTGTCCCACACAAATAAGTAGAG-1-0,
CGTGTCCCACACCCACAAGTAGAG-1-0,TP53_CALR_het
CGTGTCCCATTCATGCAAGTAGAG-1-0,TP53_CALR_het
CGTGTCCCATTGCCCAAAGTAGAG-1-0,TP53_CALR_het
CGTGTTTCAAGACATTAAGTAGAG-1-0,
CGTGTTTCAATATGCGAAGTAGAG-1-0,TP53_CALR_het
CGTGTTTCACGAACGTAAGTAGAG-1-0,
CGTGTTTCAGGTAGCTAAGTAGAG-1-0,TP53_CALR_het
CGTGTTTCATCTATGCAAGTAGAG-1-0,TP53_CALR_het
CGTGTTTCATTGTACCAAGTAGAG-1-0,TP53_CALR_het
CGTGTTTCATTGTGAGAAGTAGAG-1-0,TP53_CALR_het
CGTTACATCAAGGGTTAAGTAGAG-1-0,ZRSR2_CALR_mut
CGTTACATCACAACAAAAGTAGAG-1-0,TP53_CALR_het
CGTTACATCACAGATAAAGTAGAG-1-0,ZRSR2_CALR_mut
CGTTACATCACTGTCAAAGTAGAG-1-0,TP53_CALR_het
CGTTACATCATGACCCAAGTAGAG-1-0,
CGTTACATCATTTAGCAAGTAGAG-1-0,
CGTTACATCCAGAAACAAGTAGAG-1-0,
CGTTACATCCATCCGGAAGTAGAG-1-0,
CGTTACATCCGTGACTAAGTAGAG-1-0,
CGTTACATCCGTTAGCAAGTAGAG-1-0,ZRSR2_CALR_mut
CGTTACATCCTAATCGAAGTAGAG-1-0,TP53_CALR_het
CGTTACATCGATGAACAAGTAGAG-1-0,
CGTTACATCGTTAACTAAGTAGAG-1-0,
CGTTACATCTAGCGGAAAGTAGAG-1-0,
CGTTACATCTCTATGGAAGTAGAG-1-0,
CGTTACTCAACTTCGTAAGTAGAG-1-0,
CGTTACTCAAGAACAAAAGTAGAG-1-0,
CGTTACTCAAGTAAGAAAGTAGAG-1-0,
CGTTACTCAATGAATCAAGTAGAG-1-0,
CGTTACTCACCGTTTGAAGTAGAG-1-0,TP53_EZH2_CALR_mut
CGTTACTCACGTAAATAAGTAGAG-1-0,
CGTTACTCAGAATCGCAAGTAGAG-1-0,ZRSR2_CALR_mut
CGTTACTCAGGCCTCTAAGTAGAG-1-0,
CGTTACTCAGTAATACAAGTAGAG-1-0,
CGTTACTCATCAAGCAAAGTAGAG-1-0,TP53_EZH2_CALR_mut
CGTTATAGTATTCAGCAAGTAGAG-1-0,
CGTTATAGTCCCTCATAAGTAGAG-1-0,
CGTTATAGTTCTCAAAAAGTAGAG-1-0,
CGTTATAGTTGTTGGTAAGTAGAG-1-0,
CGTTATGTCAAGGGCCAAGTAGAG-1-0,
CGTTATGTCCGCACCAAAGTAGAG-1-0,ZRSR2_CALR_mut
CGTTATGTCGAGGCACAAGTAGAG-1-0,
CGTTATGTCGAGGCGTAAGTAGAG-1-0,TP53_EZH2_CALR_mut
CGTTATGTCGCACACTAAGTAGAG-1-0,ZRSR2_CALR_mut
CGTTATGTCGGTACGAAAGTAGAG-1-0,
CGTTATGTCGGTTATTAAGTAGAG-1-0,
CGTTATTAGATGCTAAAAGTAGAG-1-0,ZRSR2_CALR_mut
CGTTATTAGATTGAGCAAGTAGAG-1-0,
CGTTATTAGCACGTTCAAGTAGAG-1-0,TP53_CALR_het
CGTTATTAGCTTGAGGAAGTAGAG-1-0,TP53_CALR_het
CGTTATTAGGAACCATAAGTAGAG-1-0,
CGTTATTAGGATGCATAAGTAGAG-1-0,ZRSR2_CALR_mut
CGTTATTAGGCAAGCCAAGTAGAG-1-0,
CGTTATTAGGGTTGGCAAGTAGAG-1-0,
CGTTATTAGTCAAACAAAGTAGAG-1-0,TP53_CALR_het
CGTTATTAGTCACCTAAAGTAGAG-1-0,
CGTTCAATCAAACCAAAAGTAGAG-1-0,TP53_CALR_het
CGTTCAATCAAGCGATAAGTAGAG-1-0,
CGTTCAATCAATTGGAAAGTAGAG-1-0,
CGTTCAATCAATTTGCAAGTAGAG-1-0,TP53_CALR_het
CGTTCAATCAGGTTGGAAGTAGAG-1-0,TP53_CALR_het
CGTTCAATCCTTTGAGAAGTAGAG-1-0,TP53_CALR_het
CGTTCAATCGATTGGGAAGTAGAG-1-0,
CGTTCAATCGCTCAGTAAGTAGAG-1-0,
CGTTCAATCGCTTGCGAAGTAGAG-1-0,TP53_CALR_het
CGTTCAATCGTAAAGCAAGTAGAG-1-0,
CGTTCAATCTATGCATAAGTAGAG-1-0,TP53_EZH2_CALR_mut
CGTTCAATCTTAAGGAAAGTAGAG-1-0,
CGTTCGTAGAACCTAAAAGTAGAG-1-0,
CGTTCGTAGAGGAGTAAAGTAGAG-1-0,
CGTTCGTAGCCGCTATAAGTAGAG-1-0,
CGTTCGTAGCGAGCTAAAGTAGAG-1-0,
CGTTCGTAGCTAAACAAAGTAGAG-1-0,
CGTTCGTAGTCTAATCAAGTAGAG-1-0,TP53_EZH2_CALR_mut
CGTTCGTAGTTAGGCGAAGTAGAG-1-0,
CGTTGCGTCAGGCCAAAAGTAGAG-1-0,TP53_CALR_het
CGTTGCGTCAGGGCACAAGTAGAG-1-0,
CGTTGCGTCCAGCTTAAAGTAGAG-1-0,ZRSR2_CALR_mut
CGTTGTCAGCAAGACTAAGTAGAG-1-0,
CGTTGTCAGCGGGACTAAGTAGAG-1-0,
CGTTGTCAGGCGCGATAAGTAGAG-1-0,TP53_EZH2_CALR_mut
CGTTGTCAGGTCACAGAAGTAGAG-1-0,TP53_EZH2_CALR_mut
CGTTGTCAGGTCACTCAAGTAGAG-1-0,
CGTTGTCAGGTGCACAAAGTAGAG-1-0,TP53_EZH2_CALR_mut
CGTTGTCAGTAACGGTAAGTAGAG-1-0,
CGTTGTCAGTGGCTTCAAGTAGAG-1-0,
CGTTTGGGTAACCTTAAAGTAGAG-1-0,TP53_CALR_het
CGTTTGGGTCCTGCAAAAGTAGAG-1-0,
CGTTTGGGTCGAATCTAAGTAGAG-1-0,TP53_EZH2_CALR_mut
CGTTTGGGTGACATGAAAGTAGAG-1-0,
CGTTTGGGTTAGAGGCAAGTAGAG-1-0,
CGTTTGTCAAAGCTCAAAGTAGAG-1-0,
CGTTTGTCAAGCCTCCAAGTAGAG-1-0,TP53_EZH2_CALR_mut
CGTTTGTCAAGTTGCAAAGTAGAG-1-0,
CGTTTGTCAATGAATCAAGTAGAG-1-0,
CGTTTGTCATAGCCTTAAGTAGAG-1-0,TP53_CALR_het
CGTTTGTCATCCGGAGAAGTAGAG-1-0,
CGTTTGTCATTCATGCAAGTAGAG-1-0,TP53_EZH2_CALR_mut
CTAAATGAGATAACTGAAGTAGAG-1-0,
CTAAATGAGCAAACCGAAGTAGAG-1-0,
CTAAATGAGCCATTTGAAGTAGAG-1-0,
CTAAATGAGCCTGGTTAAGTAGAG-1-0,
CTAAATGAGCTAAACAAAGTAGAG-1-0,TP53_EZH2_CALR_mut
CTAAATGAGCTAGATAAAGTAGAG-1-0,TP53_CALR_het
CTAAATGAGGGTTTGGAAGTAGAG-1-0,
CTAAATGAGTCGAAGTAAGTAGAG-1-0,
CTAACAGCAACTGTTCAAGTAGAG-1-0,TP53_CALR_het
CTAACAGCAAGCTATGAAGTAGAG-1-0,TP53_CALR_het
CTAACAGCAATGAAGAAAGTAGAG-1-0,
CTAACAGCACTTTACAAAGTAGAG-1-0,
CTAACAGCAGAATCGCAAGTAGAG-1-0,TP53_EZH2_CALR_mut
CTAACAGCAGCATTTCAAGTAGAG-1-0,TP53_CALR_het
CTAACAGCAGCCCTTAAAGTAGAG-1-0,
CTAACAGCAGGTTTCTAAGTAGAG-1-0,
CTAACAGCATAAGCTGAAGTAGAG-1-0,TP53_CALR_het
CTAACAGCATGGATTGAAGTAGAG-1-0,
CTAACAGCATGGCGCAAAGTAGAG-1-0,
CTAACCATCACTTCGAAAGTAGAG-1-0,
CTAACCATCATCCCAAAAGTAGAG-1-0,TP53_CALR_het
CTAACCATCATCGATTAAGTAGAG-1-0,
CTAACCATCCTTTCGTAAGTAGAG-1-0,
CTAACCATCGAACCTCAAGTAGAG-1-0,
CTAACCATCGTTATGTAAGTAGAG-1-0,
CTAACCATCTGGTCTAAAGTAGAG-1-0,TP53_EZH2_CALR_mut
CTAACCGGTAAATAGCAAGTAGAG-1-0,
CTAACCGGTATGGTAGAAGTAGAG-1-0,
CTAACCGGTATTGGGAAAGTAGAG-1-0,
CTAACCGGTCCATCAGAAGTAGAG-1-0,
CTAACCGGTCCTCCATAAGTAGAG-1-0,TP53_CALR_het
CTAACCGGTCCTGAGCAAGTAGAG-1-0,
CTAACCGGTGCGATAAAAGTAGAG-1-0,TP53_CALR_het
CTAACCGGTTGGTTACAAGTAGAG-1-0,TP53_CALR_het
CTAACCTCAAGTGCACAAGTAGAG-1-0,TP53_EZH2_CALR_mut
CTAACCTCAATGGGAGAAGTAGAG-1-0,
CTAACCTCAGTTGCCCAAGTAGAG-1-0,TP53_CALR_het
CTAACCTCATCATAGGAAGTAGAG-1-0,
CTAACTAGTCCTTCTAAAGTAGAG-1-0,
CTAACTAGTGGGTGTGAAGTAGAG-1-0,TP53_EZH2_CALR_mut
CTAAGATCAAACCGGTAAGTAGAG-1-0,
CTAAGATCAAAGCTCAAAGTAGAG-1-0,
CTAAGATCAAATAGGAAAGTAGAG-1-0,
CTAAGATCAACCTTGTAAGTAGAG-1-0,TP53_EZH2_CALR_mut
CTAAGATCAATGAATCAAGTAGAG-1-0,
CTAAGATCAGAAAGGTAAGTAGAG-1-0,TP53_EZH2_CALR_mut
CTAAGATCAGCCATAAAAGTAGAG-1-0,TP53_EZH2_CALR_mut
CTAAGATCATAGACGCAAGTAGAG-1-0,TP53_EZH2_CALR_mut
CTAAGATCATAGCCTTAAGTAGAG-1-0,
CTAAGGCCAAATAGGAAAGTAGAG-1-0,
CTAAGGCCAAGCTAATAAGTAGAG-1-0,TP53_EZH2_CALR_mut
CTAAGGCCAAGTCGCGAAGTAGAG-1-0,TP53_CALR_het
CTAAGGCCACAATAGTAAGTAGAG-1-0,
CTAAGGCCACGGTCGAAAGTAGAG-1-0,
CTAAGGCCACGTGCTCAAGTAGAG-1-0,
CTAAGGCCACTAGTAGAAGTAGAG-1-0,
CTAAGGCCAGAATGAAAAGTAGAG-1-0,TP53_CALR_het
CTAAGGCCAGCCATTTAAGTAGAG-1-0,
CTAAGGCCAGCCCTTAAAGTAGAG-1-0,
CTAAGGCCATACCTTAAAGTAGAG-1-0,
CTAAGGGTCAACCAAAAAGTAGAG-1-0,TP53_CALR_het
CTAAGGGTCCATGATTAAGTAGAG-1-0,
CTAAGGGTCCTGGAAGAAGTAGAG-1-0,TP53_CALR_het
CTAAGGGTCGATTAAGAAGTAGAG-1-0,TP53_EZH2_CALR_mut
CTAAGTAAGCACGTTCAAGTAGAG-1-0,
CTAAGTAAGGTAACTAAAGTAGAG-1-0,ZRSR2_CALR_mut
CTAAGTAAGGTCAAACAAGTAGAG-1-0,TP53_CALR_het
CTAAGTAAGTCCTGCGAAGTAGAG-1-0,TP53_EZH2_CALR_mut
CTAAGTAAGTGGCTTCAAGTAGAG-1-0,ZRSR2_CALR_mut
CTAAGTCGTAATCCGTAAGTAGAG-1-0,
CTAAGTCGTCAGTGCCAAGTAGAG-1-0,
CTAAGTCGTGCATCGCAAGTAGAG-1-0,
CTAAGTCGTTCCAGCAAAGTAGAG-1-0,
CTAAGTCGTTTGTCAAAAGTAGAG-1-0,ZRSR2_CALR_mut
CTAAGTGCAAGATAAGAAGTAGAG-1-0,
CTAAGTGCAATCTCTAAAGTAGAG-1-0,TP53_CALR_het
CTAAGTGCAATTGAGTAAGTAGAG-1-0,TP53_CALR_het
CTAAGTGCACCAACAAAAGTAGAG-1-0,
CTAAGTGCAGGTGACTAAGTAGAG-1-0,
CTAAGTGCATAGTCAGAAGTAGAG-1-0,
CTAAGTGCATCACGCCAAGTAGAG-1-0,
CTAAGTGCATTACACCAAGTAGAG-1-0,
CTAAGTGCATTGGACAAAGTAGAG-1-0,TP53_CALR_het
CTAATCTAGAAGTAGGAAGTAGAG-1-0,
CTAATCTAGAGGTTCGAAGTAGAG-1-0,TP53_CALR_het
CTAATCTAGATAACCAAAGTAGAG-1-0,TP53_EZH2_CALR_mut
CTAATCTAGCACTAGGAAGTAGAG-1-0,TP53_CALR_het
CTAATCTAGCAGGTTGAAGTAGAG-1-0,
CTAATCTAGGGCACTAAAGTAGAG-1-0,TP53_EZH2_CALR_mut
CTAATCTAGGTTGTAAAAGTAGAG-1-0,
CTAATCTAGTAGCCTCAAGTAGAG-1-0,
CTAATCTAGTCGAAGTAAGTAGAG-1-0,TP53_EZH2_CALR_mut
CTAATCTAGTTAGGCGAAGTAGAG-1-0,
CTAATGCGTAAGTCGAAAGTAGAG-1-0,
CTAATGCGTCAAGCTTAAGTAGAG-1-0,
CTAATGCGTCCTCACTAAGTAGAG-1-0,TP53_EZH2_CALR_mut
CTAATGCGTCGTAATCAAGTAGAG-1-0,TP53_EZH2_CALR_mut
CTAATGCGTGCGATAAAAGTAGAG-1-0,
CTAATGCGTGGCTTTGAAGTAGAG-1-0,TP53_EZH2_CALR_mut
CTAATGCGTGGGAACTAAGTAGAG-1-0,
CTAATGCGTTAGGTGAAAGTAGAG-1-0,TP53_CALR_het
CTACATCCAATGAATCAAGTAGAG-1-0,TP53_CALR_het
CTACATCCACTTCGATAAGTAGAG-1-0,TP53_CALR_het
CTACATCCAGAAACTTAAGTAGAG-1-0,
CTACATCCATATGGTGAAGTAGAG-1-0,TP53_CALR_het
CTACATCCATTTCGCGAAGTAGAG-1-0,
CTACCAGGTCAATGTCAAGTAGAG-1-0,TP53_CALR_het
CTACCAGGTCATTACAAAGTAGAG-1-0,
CTACCAGGTCTACCAGAAGTAGAG-1-0,ZRSR2_CALR_mut
CTACCATCAAACGGGAAAGTAGAG-1-0,TP53_CALR_het
CTACCATCAATCAAGTAAGTAGAG-1-0,TP53_CALR_het
CTACCATCACCTAAAGAAGTAGAG-1-0,TP53_CALR_het
CTACCATCACTTTATGAAGTAGAG-1-0,
CTACCATCAGCACTAAAAGTAGAG-1-0,
CTACCATCATAGCCTTAAGTAGAG-1-0,
CTACCATCATTGCCCAAAGTAGAG-1-0,TP53_CALR_het
CTACCCACAAGTTCCTAAGTAGAG-1-0,
CTACCCACACTATGTCAAGTAGAG-1-0,ZRSR2_CALR_mut
CTACCCACAGCTCGAGAAGTAGAG-1-0,
CTACCCACAGTAAGTTAAGTAGAG-1-0,
CTACCCACATATCGCTAAGTAGAG-1-0,TP53_EZH2_CALR_mut
CTACCCACATGGCTAAAAGTAGAG-1-0,TP53_CALR_het
CTACCCACATTAGTGGAAGTAGAG-1-0,
CTACCGGTCACTATGTAAGTAGAG-1-0,
CTACCGGTCGTCCATAAAGTAGAG-1-0,TP53_EZH2_CALR_mut
CTACCGGTCTTACTCCAAGTAGAG-1-0,TP53_CALR_het
CTACCTAAGAAGGTTCAAGTAGAG-1-0,TP53_CALR_het
CTACCTAAGAATGGCTAAGTAGAG-1-0,TP53_CALR_het
CTACCTAAGACTGAGTAAGTAGAG-1-0,TP53_EZH2_CALR_mut
CTACCTAAGCGAGCTAAAGTAGAG-1-0,
CTACCTAAGCTGATTTAAGTAGAG-1-0,
CTACCTAAGGCAGGCTAAGTAGAG-1-0,
CTACCTAAGGCGCAACAAGTAGAG-1-0,ZRSR2_CALR_mut
CTACCTAAGGGCACTAAAGTAGAG-1-0,TP53_CALR_het
CTACCTAAGTAAAGGGAAGTAGAG-1-0,
CTACCTAAGTCAATAGAAGTAGAG-1-0,
CTACCTAAGTCAGGCAAAGTAGAG-1-0,
CTACCTAAGTCGCGAAAAGTAGAG-1-0,TP53_CALR_het
CTACCTAAGTGTGATAAAGTAGAG-1-0,
CTACGAACAAATAACCAAGTAGAG-1-0,TP53_EZH2_CALR_mut
CTACGAACAATCATCCAAGTAGAG-1-0,TP53_EZH2_CALR_mut
CTACGAACACGGTTCCAAGTAGAG-1-0,TP53_EZH2_CALR_mut
CTACGAACAGTAAGTTAAGTAGAG-1-0,TP53_EZH2_CALR_mut
CTACTGATCAGCACCTAAGTAGAG-1-0,
CTACTGATCCAGGAATAAGTAGAG-1-0,
CTACTGATCCGCCTCTAAGTAGAG-1-0,TP53_EZH2_CALR_mut
CTACTGATCGCGGATAAAGTAGAG-1-0,
CTACTGATCGGTTATTAAGTAGAG-1-0,
CTACTGATCGTAACTTAAGTAGAG-1-0,TP53_CALR_het
CTACTGATCGTTGCACAAGTAGAG-1-0,TP53_CALR_het
CTACTGATCTGTCAATAAGTAGAG-1-0,TP53_EZH2_CALR_mut
CTACTGGGTAGACTGAAAGTAGAG-1-0,
CTACTGGGTATTGTCAAAGTAGAG-1-0,
CTACTGGGTGAGTAATAAGTAGAG-1-0,
CTACTGGGTGCTCATGAAGTAGAG-1-0,
CTACTGGGTGGCTTTGAAGTAGAG-1-0,
CTACTGGGTGTTTCGGAAGTAGAG-1-0,TP53_CALR_het
CTACTGGGTTCTTACTAAGTAGAG-1-0,
CTACTGGGTTTCACCCAAGTAGAG-1-0,TP53_CALR_het
CTAGATAAGCAAGACTAAGTAGAG-1-0,
CTAGATAAGCATGTGGAAGTAGAG-1-0,
CTAGATAAGCTCGATCAAGTAGAG-1-0,
CTAGATAAGGTGAATCAAGTAGAG-1-0,
CTAGATAAGGTTTCCAAAGTAGAG-1-0,TP53_CALR_het
CTAGATAAGTGAGTTAAAGTAGAG-1-0,
CTAGATAAGTGATCAAAAGTAGAG-1-0,
CTAGATGCAACAAGTTAAGTAGAG-1-0,
CTAGATGCAAGTAAGAAAGTAGAG-1-0,ZRSR2_CALR_mut
CTAGATGCAATATGCGAAGTAGAG-1-0,ZRSR2_CALR_mut
CTAGATGCACTCAAAGAAGTAGAG-1-0,TP53_EZH2_CALR_mut
CTAGATGCATACTTGCAAGTAGAG-1-0,TP53_CALR_het
CTAGATGCATCCCAATAAGTAGAG-1-0,
CTAGATGCATGACCAAAAGTAGAG-1-0,TP53_EZH2_CALR_mut
CTAGATGCATGTTTCAAAGTAGAG-1-0,TP53_EZH2_CALR_mut
CTAGCTGGTACAGCAAAAGTAGAG-1-0,
CTAGCTGGTATGGGACAAGTAGAG-1-0,
CTAGCTGGTGCGGCTTAAGTAGAG-1-0,
CTAGCTGGTGGCCCATAAGTAGAG-1-0,
CTAGCTGGTGTGACCCAAGTAGAG-1-0,TP53_EZH2_CALR_mut
CTAGGCGCAAACCGTAAAGTAGAG-1-0,
CTAGGCGCAAACCTGAAAGTAGAG-1-0,
CTAGGCGCAAGCCAGTAAGTAGAG-1-0,
CTAGGCGCAAGTTGGCAAGTAGAG-1-0,TP53_CALR_het
CTAGGCGCACAACATGAAGTAGAG-1-0,TP53_EZH2_CALR_mut
CTAGGCGCACGTTACTAAGTAGAG-1-0,
CTAGGCGCACTTCGATAAGTAGAG-1-0,
CTAGGCGCAGCTAGCGAAGTAGAG-1-0,
CTAGGCGCATGCGCCTAAGTAGAG-1-0,TP53_CALR_het
CTAGGCTTCACAACAAAAGTAGAG-1-0,
CTAGGCTTCACCAGCTAAGTAGAG-1-0,
CTAGGCTTCAGGGATTAAGTAGAG-1-0,TP53_CALR_het
CTAGGCTTCCATCCGGAAGTAGAG-1-0,
CTAGGCTTCCTAAGTTAAGTAGAG-1-0,TP53_CALR_het
CTAGGCTTCGAAACTAAAGTAGAG-1-0,TP53_CALR_het
CTAGGCTTCGACCGTTAAGTAGAG-1-0,TP53_CALR_het
CTAGGCTTCGAGGCGTAAGTAGAG-1-0,
CTAGGCTTCGCCTATAAAGTAGAG-1-0,
CTAGGCTTCGGCTAGAAAGTAGAG-1-0,
CTAGGCTTCTAAATCCAAGTAGAG-1-0,
CTAGGCTTCTATTCGGAAGTAGAG-1-0,TP53_EZH2_CALR_het
CTAGGTACAACAAAGAAAGTAGAG-1-0,
CTAGGTACAAGCCAGTAAGTAGAG-1-0,TP53_CALR_het
CTAGGTACACATAGTGAAGTAGAG-1-0,TP53_EZH2_CALR_mut
CTAGGTACAGAATGAAAAGTAGAG-1-0,
CTAGGTACATGAGTCAAAGTAGAG-1-0,TP53_EZH2_CALR_mut
CTAGGTACATTGGACAAAGTAGAG-1-0,
CTAGGTACATTTGGGAAAGTAGAG-1-0,TP53_EZH2_CALR_mut
CTAGGTTGTAATCCTAAAGTAGAG-1-0,TP53_CALR_het
CTAGGTTGTATTCGGTAAGTAGAG-1-0,
CTAGGTTGTCAATTGCAAGTAGAG-1-0,ZRSR2_CALR_mut
CTAGGTTGTCTATCTTAAGTAGAG-1-0,
CTAGGTTGTGTTTCGGAAGTAGAG-1-0,
CTAGGTTGTTACTCCCAAGTAGAG-1-0,TP53_EZH2_CALR_mut
CTAGGTTGTTAGAGGCAAGTAGAG-1-0,
CTAGGTTGTTGAGCTTAAGTAGAG-1-0,
CTAGTCTCAACATAGTAAGTAGAG-1-0,
CTAGTCTCAACCGTAAAAGTAGAG-1-0,
CTAGTCTCAGAGAGCAAAGTAGAG-1-0,
CTAGTCTCAGTTATGGAAGTAGAG-1-0,
CTATAGGCAAACAAGAAAGTAGAG-1-0,
CTATAGGCAAGTCGCGAAGTAGAG-1-0,
CTATAGGCAATAGCTGAAGTAGAG-1-0,TP53_EZH2_CALR_mut
CTATAGGCAATGGCCGAAGTAGAG-1-0,TP53_EZH2_CALR_mut
CTATAGGCACATTCGTAAGTAGAG-1-0,
CTATAGGCACCAACAAAAGTAGAG-1-0,
CTATAGGCACCTAACTAAGTAGAG-1-0,
CTATAGGCACGCAATAAAGTAGAG-1-0,TP53_EZH2_CALR_mut
CTATAGGCACTAACAGAAGTAGAG-1-0,TP53_CALR_het
CTATAGGCAGCCTGAGAAGTAGAG-1-0,
CTATAGGCAGCGGATTAAGTAGAG-1-0,
CTATAGGCAGCTTTCGAAGTAGAG-1-0,
CTATATCAGATGATTGAAGTAGAG-1-0,TP53_CALR_het
CTATATCAGCAGGTTGAAGTAGAG-1-0,TP53_CALR_het
CTATATCAGCTTACATAAGTAGAG-1-0,TP53_CALR_het
CTATATCAGGCAATCGAAGTAGAG-1-0,
CTATATCAGGTTATGAAAGTAGAG-1-0,
CTATATCAGTACGGGCAAGTAGAG-1-0,TP53_CALR_het
CTATATCAGTGATGGTAAGTAGAG-1-0,TP53_CALR_het
CTATCCGCAAACTGGCAAGTAGAG-1-0,
CTATCCGCAAAGCTCAAAGTAGAG-1-0,
CTATCCGCAAGCCACGAAGTAGAG-1-0,
CTATCCGCAATATGCGAAGTAGAG-1-0,TP53_CALR_het
CTATCCGCAATTGAACAAGTAGAG-1-0,
CTATCCGCACGTAATGAAGTAGAG-1-0,
CTATCCGCACTATGTCAAGTAGAG-1-0,ZRSR2_CALR_mut
CTATCCGCACTCAGTTAAGTAGAG-1-0,TP53_EZH2_CALR_mut
CTATCCGCATGAGGGAAAGTAGAG-1-0,TP53_CALR_het
CTATGAGCAATAAGGAAAGTAGAG-1-0,TP53_EZH2_CALR_mut
CTATGAGCAATGAAGAAAGTAGAG-1-0,
CTATGAGCAGAAACTTAAGTAGAG-1-0,
CTATGAGCATAGTCAGAAGTAGAG-1-0,TP53_CALR_het
CTATGAGCATCAAGCAAAGTAGAG-1-0,
CTATGAGCATTCAACCAAGTAGAG-1-0,
CTATGCTCAAACCTGAAAGTAGAG-1-0,TP53_EZH2_CALR_mut
CTATGCTCAAGATAAGAAGTAGAG-1-0,
CTATGCTCAATTAGGTAAGTAGAG-1-0,
CTATGCTCACTGACAAAAGTAGAG-1-0,
CTATGCTCAGATTGCAAAGTAGAG-1-0,TP53_CALR_het
CTATGCTCATACCTTAAAGTAGAG-1-0,
CTATGCTCATTTCATGAAGTAGAG-1-0,TP53_CALR_het
CTATGGCTCAATGTGAAAGTAGAG-1-0,
CTATGGCTCACATTACAAGTAGAG-1-0,TP53_CALR_het
CTATGGCTCATGTCATAAGTAGAG-1-0,
CTATGGCTCCGCAATCAAGTAGAG-1-0,
CTATGGCTCCTCCCACAAGTAGAG-1-0,
CTATGGCTCGGTAAGTAAGTAGAG-1-0,
CTATGGCTCGGTACGAAAGTAGAG-1-0,
CTATGGCTCTGTGCACAAGTAGAG-1-0,
CTATGGCTCTTTAGCGAAGTAGAG-1-0,TP53_CALR_het
CTATGGGAGCTTACCAAAGTAGAG-1-0,
CTATGGGAGGAAACCTAAGTAGAG-1-0,
CTATGGGAGGATGTTAAAGTAGAG-1-0,
CTATGGGAGGCACAATAAGTAGAG-1-0,ZRSR2_CALR_mut
CTATGGGAGGTTATGAAAGTAGAG-1-0,TP53_CALR_het
CTATGGGAGTGTGCAGAAGTAGAG-1-0,TP53_EZH2_CALR_mut
CTATGGGAGTTTGACTAAGTAGAG-1-0,
CTATGTCCAAATACCGAAGTAGAG-1-0,TP53_CALR_het
CTATGTCCAAGATGCCAAGTAGAG-1-0,
CTATGTCCACCATACTAAGTAGAG-1-0,TP53_EZH2_CALR_mut
CTATGTCCACTAACGAAAGTAGAG-1-0,
CTATGTCCACTCCCTTAAGTAGAG-1-0,
CTATGTCCATCACGCCAAGTAGAG-1-0,
CTATGTCCATGCGCAGAAGTAGAG-1-0,TP53_EZH2_CALR_mut
CTATGTTAGCCTGCCAAAGTAGAG-1-0,
CTATGTTAGGACTTGGAAGTAGAG-1-0,TP53_EZH2_CALR_mut
CTATGTTAGTAATGGCAAGTAGAG-1-0,
CTATGTTAGTATCGCCAAGTAGAG-1-0,
CTATGTTAGTGTAATGAAGTAGAG-1-0,TP53_EZH2_CALR_mut
CTATGTTAGTTATGGAAAGTAGAG-1-0,TP53_EZH2_CALR_mut
CTATGTTAGTTGACGGAAGTAGAG-1-0,TP53_EZH2_CALR_mut
CTATTACAGCAGGTCAAAGTAGAG-1-0,TP53_CALR_het
CTATTACAGGAACCGCAAGTAGAG-1-0,
CTATTACAGGCGATATAAGTAGAG-1-0,TP53_CALR_het
CTATTACAGGCGGATCAAGTAGAG-1-0,
CTATTACAGTAATTGGAAGTAGAG-1-0,TP53_CALR_het
CTATTACAGTTAGTTCAAGTAGAG-1-0,
CTATTACAGTTTCCAGAAGTAGAG-1-0,TP53_CALR_het
CTATTAGGTAAGTCGAAAGTAGAG-1-0,
CTATTAGGTACGTCCAAAGTAGAG-1-0,TP53_EZH2_CALR_mut
CTATTAGGTCAATCGTAAGTAGAG-1-0,ZRSR2_CALR_mut
CTATTAGGTCACGATTAAGTAGAG-1-0,
CTATTAGGTCCGCTAAAAGTAGAG-1-0,TP53_EZH2_CALR_mut
CTATTAGGTCGCAACCAAGTAGAG-1-0,TP53_EZH2_CALR_mut
CTATTAGGTCGTTGCAAAGTAGAG-1-0,
CTATTAGGTGCAATAGAAGTAGAG-1-0,
CTATTAGGTGTTAGCTAAGTAGAG-1-0,
CTATTAGGTTGTCCAGAAGTAGAG-1-0,ZRSR2_CALR_mut
CTATTGAGTATAGCGAAAGTAGAG-1-0,ZRSR2_CALR_mut
CTATTGAGTATTGGGAAAGTAGAG-1-0,ZRSR2_CALR_mut
CTATTGAGTCGTTCGAAAGTAGAG-1-0,
CTATTGAGTGCATTACAAGTAGAG-1-0,TP53_EZH2_CALR_mut
CTATTGAGTTTACTGAAAGTAGAG-1-0,
CTATTGGTCATTAGCTAAGTAGAG-1-0,TP53_EZH2_CALR_mut
CTATTGGTCATTGCATAAGTAGAG-1-0,
CTATTGGTCCATAAAGAAGTAGAG-1-0,ZRSR2_CALR_mut
CTATTGGTCCATTAGTAAGTAGAG-1-0,TP53_CALR_het
CTATTGGTCGCTTCGGAAGTAGAG-1-0,
CTATTGGTCGGTACGAAAGTAGAG-1-0,
CTCAAATTCAACTGGGAAGTAGAG-1-0,TP53_CALR_het
CTCAAATTCCAGAACGAAGTAGAG-1-0,TP53_EZH2_CALR_mut
CTCAAATTCCCTCATTAAGTAGAG-1-0,
CTCAAATTCCTGGATCAAGTAGAG-1-0,
CTCAAATTCGAAGCATAAGTAGAG-1-0,TP53_CALR_het
CTCAAATTCGTTAACTAAGTAGAG-1-0,TP53_CALR_het
CTCAACATCAGGTTAAAAGTAGAG-1-0,TP53_CALR_het
CTCAACATCCAGGAATAAGTAGAG-1-0,
CTCAACATCCTTTGTCAAGTAGAG-1-0,TP53_EZH2_CALR_mut
CTCAACATCTGCCATAAAGTAGAG-1-0,
CTCAAGACAAACCGTAAAGTAGAG-1-0,TP53_CALR_het
CTCAAGACAACTTCGTAAGTAGAG-1-0,
CTCAAGACAATTAGACAAGTAGAG-1-0,
CTCAAGACACAACATGAAGTAGAG-1-0,TP53_EZH2_CALR_mut
CTCAAGACAGAATGAAAAGTAGAG-1-0,ZRSR2_CALR_mut
CTCAAGACATAACCGAAAGTAGAG-1-0,TP53_EZH2_CALR_mut
CTCAAGACATTGAGATAAGTAGAG-1-0,
CTCAAGACATTGGGTAAAGTAGAG-1-0,TP53_EZH2_CALR_mut
CTCAAGACATTTGTTGAAGTAGAG-1-0,
CTCAAGCTCAAAGGCTAAGTAGAG-1-0,TP53_EZH2_CALR_mut
CTCAAGCTCATCAAGAAAGTAGAG-1-0,TP53_CALR_het
CTCAAGCTCCCTGGTGAAGTAGAG-1-0,
CTCAAGCTCGGGCAACAAGTAGAG-1-0,
CTCAAGCTCTAATCGTAAGTAGAG-1-0,TP53_CALR_het
CTCAATAGTACTTCCCAAGTAGAG-1-0,
CTCAATAGTCAGGAACAAGTAGAG-1-0,
CTCAATAGTCTCACTCAAGTAGAG-1-0,TP53_CALR_het
CTCACACAGCTATCCAAAGTAGAG-1-0,
CTCACACAGGATGCATAAGTAGAG-1-0,
CTCACACAGGTCAATAAAGTAGAG-1-0,TP53_EZH2_CALR_mut
CTCACACAGGTGCACAAAGTAGAG-1-0,
CTCACACAGTCCTCAAAAGTAGAG-1-0,TP53_EZH2_CALR_mut
CTCACACAGTCGAAACAAGTAGAG-1-0,
CTCACCCTCACAAACAAAGTAGAG-1-0,
CTCACCCTCACCTAATAAGTAGAG-1-0,
CTCACCCTCGAAATGCAAGTAGAG-1-0,
CTCACCCTCGGTACAGAAGTAGAG-1-0,
CTCAGCTAGAATGGGAAAGTAGAG-1-0,ZRSR2_CALR_mut
CTCAGCTAGACTCCTAAAGTAGAG-1-0,TP53_EZH2_CALR_mut
CTCAGCTAGAGGAAATAAGTAGAG-1-0,TP53_CALR_het
CTCAGCTAGCCATCACAAGTAGAG-1-0,TP53_EZH2_CALR_mut
CTCAGCTAGCCTCTAAAAGTAGAG-1-0,TP53_CALR_het
CTCAGCTAGGATCCAGAAGTAGAG-1-0,
CTCAGCTAGGCGGATCAAGTAGAG-1-0,
CTCAGCTAGGGCACTAAAGTAGAG-1-0,TP53_CALR_het
CTCAGCTAGGTTCTTGAAGTAGAG-1-0,TP53_CALR_het
CTCAGCTAGGTTTCCAAAGTAGAG-1-0,TP53_CALR_het
CTCAGCTAGTCTACCAAAGTAGAG-1-0,TP53_CALR_het
CTCAGCTAGTTTCACGAAGTAGAG-1-0,TP53_CALR_het
CTCAGGGCAAAGTGCCAAGTAGAG-1-0,TP53_CALR_het
CTCAGGGCAATACTGGAAGTAGAG-1-0,
CTCAGGGCACCAGCCTAAGTAGAG-1-0,TP53_CALR_het
CTCAGGGCATAACCGAAAGTAGAG-1-0,ZRSR2_CALR_mut
CTCAGGGCATCAAGCAAAGTAGAG-1-0,
CTCAGGGCATGTTTCAAAGTAGAG-1-0,TP53_EZH2_CALR_mut
CTCAGGGCATTGCCGCAAGTAGAG-1-0,TP53_CALR_het
CTCAGGGCATTGCCTGAAGTAGAG-1-0,TP53_CALR_het
CTCATAAGTACTTCAAAAGTAGAG-1-0,TP53_CALR_het
CTCATAAGTATTGCGTAAGTAGAG-1-0,TP53_CALR_het
CTCATAAGTCACAGAAAAGTAGAG-1-0,ZRSR2_CALR_mut
CTCATAAGTCGGTTTGAAGTAGAG-1-0,TP53_CALR_het
CTCATAAGTCGTTATAAAGTAGAG-1-0,
CTCATAAGTGCTGCACAAGTAGAG-1-0,
CTCATAAGTGTGTTACAAGTAGAG-1-0,
CTCATAAGTTGAATCCAAGTAGAG-1-0,TP53_EZH2_CALR_mut
CTCATAAGTTTGGCCAAAGTAGAG-1-0,
CTCATGATCAGCCCTGAAGTAGAG-1-0,
CTCATGATCAGCTACCAAGTAGAG-1-0,TP53_EZH2_CALR_het
CTCATGATCATGAATGAAGTAGAG-1-0,TP53_EZH2_CALR_mut
CTCATGATCGATTCTGAAGTAGAG-1-0,TP53_CALR_het
CTCATGATCGCAAATAAAGTAGAG-1-0,
CTCATGATCGCCACATAAGTAGAG-1-0,TP53_EZH2_CALR_mut
CTCATGATCGCCTCTCAAGTAGAG-1-0,
CTCATGATCGGTAATAAAGTAGAG-1-0,
CTCATGATCGTGATTTAAGTAGAG-1-0,TP53_CALR_het
CTCATTACAACTTAGGAAGTAGAG-1-0,
CTCATTACACATTGTCAAGTAGAG-1-0,
CTCATTACACGTGCTCAAGTAGAG-1-0,TP53_CALR_het
CTCATTACAGCGATCGAAGTAGAG-1-0,
CTCATTACAGGTATATAAGTAGAG-1-0,
CTCATTACATGCTCCAAAGTAGAG-1-0,
CTCATTACATTTCTTCAAGTAGAG-1-0,TP53_CALR_het
CTCCATCGTAGTCATCAAGTAGAG-1-0,TP53_EZH2_CALR_mut
CTCCATCGTATGTTGCAAGTAGAG-1-0,
CTCCATCGTCATGATCAAGTAGAG-1-0,
CTCCATCGTTTGTGACAAGTAGAG-1-0,
CTCCTAAAGACTAATGAAGTAGAG-1-0,TP53_CALR_het
CTCCTAAAGCACTAGGAAGTAGAG-1-0,
CTCCTAAAGCTGATGGAAGTAGAG-1-0,TP53_CALR_het
CTCCTAAAGCTTACCAAAGTAGAG-1-0,ZRSR2_CALR_mut
CTCCTAAAGGAAACTCAAGTAGAG-1-0,ZRSR2_CALR_mut
CTCCTAAAGGCTGTGAAAGTAGAG-1-0,TP53_CALR_het
CTCCTAAAGGGTCTAGAAGTAGAG-1-0,TP53_EZH2_CALR_mut
CTCCTAAAGTAAACCAAAGTAGAG-1-0,
CTCCTAAAGTCCTGACAAGTAGAG-1-0,ZRSR2_CALR_mut
CTCCTCTCAAAGTGCCAAGTAGAG-1-0,
CTCCTCTCAATGAAGAAAGTAGAG-1-0,TP53_EZH2_CALR_mut
CTCCTCTCACCAACAAAAGTAGAG-1-0,
CTCCTCTCAGGCTTAAAAGTAGAG-1-0,ZRSR2_CALR_mut
CTCCTCTCAGTAAGTTAAGTAGAG-1-0,TP53_CALR_het
CTCCTCTCATAGGGTCAAGTAGAG-1-0,TP53_EZH2_CALR_mut
CTCGACCCAACAGATTAAGTAGAG-1-0,
CTCGACCCAAGCGATCAAGTAGAG-1-0,
CTCGACCCAATGTTCCAAGTAGAG-1-0,
CTCGACCCACCTAACTAAGTAGAG-1-0,
CTCGACCCACTAGTAGAAGTAGAG-1-0,
CTCGACCCAGCCAGCAAAGTAGAG-1-0,TP53_CALR_het
CTCGACCCATCCCAATAAGTAGAG-1-0,
CTCGACTAGCAAACTAAAGTAGAG-1-0,
CTCGACTAGCCTCTAAAAGTAGAG-1-0,TP53_CALR_het
CTCGACTAGCGATAACAAGTAGAG-1-0,
CTCGACTAGCTTCCTTAAGTAGAG-1-0,TP53_EZH2_CALR_mut
CTCGACTAGGATTATGAAGTAGAG-1-0,TP53_CALR_het
CTCGACTAGTCGCATCAAGTAGAG-1-0,TP53_EZH2_CALR_mut
CTCGATCAGACTCCTAAAGTAGAG-1-0,
CTCGATCAGAGGAGTAAAGTAGAG-1-0,TP53_CALR_het
CTCGATCAGCCTTAATAAGTAGAG-1-0,TP53_CALR_het
CTCGATCAGCGTGCTTAAGTAGAG-1-0,TP53_CALR_het
CTCGATCAGCTTCCTTAAGTAGAG-1-0,
CTCGATCAGCTTCTAGAAGTAGAG-1-0,
CTCGATCAGCTTTACGAAGTAGAG-1-0,
CTCGATCAGGAACTTAAAGTAGAG-1-0,TP53_CALR_het
CTCGATCAGGGTCTAGAAGTAGAG-1-0,ZRSR2_CALR_mut
CTCGATCAGTGAATCAAAGTAGAG-1-0,
CTCGATCAGTGAGTCGAAGTAGAG-1-0,
CTCGATCAGTGTGAGTAAGTAGAG-1-0,TP53_EZH2_CALR_mut
CTCGATCAGTTTACCGAAGTAGAG-1-0,
CTCGATTCAACTTCGTAAGTAGAG-1-0,
CTCGATTCACGTAATGAAGTAGAG-1-0,TP53_CALR_het
CTCGATTCAGCTAGACAAGTAGAG-1-0,
CTCGATTCATACTGAGAAGTAGAG-1-0,
CTCGATTCATAGCCTTAAGTAGAG-1-0,
CTCGATTCATCCGGAGAAGTAGAG-1-0,ZRSR2_CALR_mut
CTCGATTCATTGCCGCAAGTAGAG-1-0,
CTCGATTCATTTGCTAAAGTAGAG-1-0,TP53_CALR_het
CTCGCTTGTAATGGTGAAGTAGAG-1-0,
CTCGCTTGTATATTCGAAGTAGAG-1-0,TP53_EZH2_CALR_mut
CTCGCTTGTATTGGGAAAGTAGAG-1-0,
CTCGCTTGTATTGTCAAAGTAGAG-1-0,
CTCGCTTGTCATCCCTAAGTAGAG-1-0,
CTCGCTTGTCCAGCTAAAGTAGAG-1-0,TP53_CALR_het
CTCGCTTGTGCTGAAAAAGTAGAG-1-0,
CTCGCTTGTGTGACCCAAGTAGAG-1-0,TP53_EZH2_CALR_mut
CTCGCTTGTGTTTGTAAAGTAGAG-1-0,
CTCGCTTGTTGTTCCCAAGTAGAG-1-0,TP53_EZH2_CALR_mut
CTCGTTAAGACTCCTAAAGTAGAG-1-0,TP53_CALR_het
CTCGTTAAGCGAATCGAAGTAGAG-1-0,
CTCGTTAAGCGAGGGAAAGTAGAG-1-0,TP53_CALR_het
CTCGTTAAGCGATGGCAAGTAGAG-1-0,TP53_CALR_het
CTCGTTAAGGGCACTAAAGTAGAG-1-0,TP53_CALR_het
CTCGTTAAGGGTTTGGAAGTAGAG-1-0,
CTCGTTAAGTCTAACTAAGTAGAG-1-0,
CTCGTTAAGTGCCCTGAAGTAGAG-1-0,
CTCTAACCAAGTGCACAAGTAGAG-1-0,TP53_EZH2_CALR_mut
CTCTAACCAAGTGGCTAAGTAGAG-1-0,
CTCTAACCACCTCGACAAGTAGAG-1-0,TP53_CALR_het
CTCTAACCATCGATAGAAGTAGAG-1-0,
CTCTAACCATGACATGAAGTAGAG-1-0,
CTCTAACCATTAGTGGAAGTAGAG-1-0,
CTCTAAGTCACAGGATAAGTAGAG-1-0,
CTCTAAGTCACCCTCCAAGTAGAG-1-0,TP53_EZH2_CALR_mut
CTCTAAGTCACCTTTCAAGTAGAG-1-0,TP53_EZH2_CALR_mut
CTCTAAGTCACGAACGAAGTAGAG-1-0,TP53_EZH2_CALR_mut
CTCTAAGTCAGCACAGAAGTAGAG-1-0,
CTCTAAGTCATGAGGTAAGTAGAG-1-0,TP53_EZH2_CALR_mut
CTCTAAGTCATGCGGAAAGTAGAG-1-0,TP53_CALR_het
CTCTAAGTCATTGAGAAAGTAGAG-1-0,
CTCTAAGTCCTCACGGAAGTAGAG-1-0,
CTCTAAGTCGATTATCAAGTAGAG-1-0,
CTCTAAGTCTTGAATCAAGTAGAG-1-0,
CTCTCAGCAAGGCGTTAAGTAGAG-1-0,TP53_EZH2_CALR_mut
CTCTCAGCAATTAGGTAAGTAGAG-1-0,TP53_CALR_het
CTCTCAGCACCAACAAAAGTAGAG-1-0,
CTCTCAGCACGCCACTAAGTAGAG-1-0,
CTCTCAGCAGCCTTCAAAGTAGAG-1-0,ZRSR2_CALR_mut
CTCTCGACAAGGAATAAAGTAGAG-1-0,TP53_CALR_het
CTCTCGACACACAAATAAGTAGAG-1-0,
CTCTCGACACTCAAAGAAGTAGAG-1-0,TP53_EZH2_CALR_mut
CTCTCGACACTGACAAAAGTAGAG-1-0,
CTCTCGACAGCAATTGAAGTAGAG-1-0,
CTCTCGACAGCCATAAAAGTAGAG-1-0,ZRSR2_CALR_mut
CTCTCGACAGGAATAAAAGTAGAG-1-0,TP53_CALR_het
CTCTCGACAGGATCCGAAGTAGAG-1-0,
CTCTCGACAGTGAGGAAAGTAGAG-1-0,TP53_CALR_het
CTCTCGACATCAAGTGAAGTAGAG-1-0,TP53_CALR_het
CTCTCGACATCAGGACAAGTAGAG-1-0,
CTCTTGAAGACCATGGAAGTAGAG-1-0,TP53_CALR_het
CTCTTGAAGAGGAAATAAGTAGAG-1-0,
CTCTTGAAGCACGGTAAAGTAGAG-1-0,TP53_CALR_het
CTCTTGAAGCCCTTGGAAGTAGAG-1-0,
CTCTTGAAGCTGGACAAAGTAGAG-1-0,
CTCTTGAAGGTTGCTCAAGTAGAG-1-0,
CTCTTGAAGTATGGTAAAGTAGAG-1-0,TP53_CALR_het
CTCTTGAAGTTGACCCAAGTAGAG-1-0,
CTCTTGAAGTTTGAGAAAGTAGAG-1-0,TP53_CALR_het
CTGAATGCAAATAGGAAAGTAGAG-1-0,
CTGAATGCAACAAGCCAAGTAGAG-1-0,TP53_CALR_het
CTGAATGCAACCGGATAAGTAGAG-1-0,TP53_CALR_het
CTGAATGCAAGCCAGTAAGTAGAG-1-0,
CTGAATGCACTCAATCAAGTAGAG-1-0,
CTGAATGCAGAATCGCAAGTAGAG-1-0,
CTGAATGCAGGGATGAAAGTAGAG-1-0,TP53_CALR_het
CTGAATGCATATGGTGAAGTAGAG-1-0,TP53_EZH2_CALR_mut
CTGAATGCATTCTGTAAAGTAGAG-1-0,
CTGACCAGTAACTACCAAGTAGAG-1-0,
CTGACCAGTGATAAACAAGTAGAG-1-0,
CTGACCAGTTAGTGGAAAGTAGAG-1-0,TP53_CALR_het
CTGACCAGTTGAATCCAAGTAGAG-1-0,TP53_EZH2_CALR_mut
CTGACCAGTTTGGCCAAAGTAGAG-1-0,
CTGAGTCTCAATGTTCAAGTAGAG-1-0,
CTGAGTCTCTATTCGGAAGTAGAG-1-0,TP53_CALR_het
CTGAGTCTCTTCAAGTAAGTAGAG-1-0,
CTGATCCAGCAGGTTGAAGTAGAG-1-0,TP53_EZH2_CALR_mut
CTGATCCAGCTTAAAGAAGTAGAG-1-0,ZRSR2_CALR_mut
CTGATCCAGGAACCTGAAGTAGAG-1-0,
CTGATCCAGGCGCATAAAGTAGAG-1-0,
CTGATCCAGGGAGGCAAAGTAGAG-1-0,
CTGATCCAGTCAGGCAAAGTAGAG-1-0,TP53_EZH2_CALR_mut
CTGATCCAGTGATTAGAAGTAGAG-1-0,
CTGATGACAACAAAGAAAGTAGAG-1-0,TP53_CALR_het
CTGATGACAAGTGCACAAGTAGAG-1-0,
CTGATGACAATATGCGAAGTAGAG-1-0,
CTGATGACACGGATACAAGTAGAG-1-0,
CTGATGACACTTTGTAAAGTAGAG-1-0,TP53_EZH2_CALR_mut
CTGATGACAGAAACTTAAGTAGAG-1-0,
CTGATGACAGGAATAAAAGTAGAG-1-0,TP53_CALR_het
CTGATGACAGGCTGTGAAGTAGAG-1-0,
CTGATGACAGGGATGAAAGTAGAG-1-0,ZRSR2_CALR_mut
CTGATGACATAGGGTCAAGTAGAG-1-0,
CTGATTTAGAAACCCGAAGTAGAG-1-0,TP53_EZH2_CALR_mut
CTGATTTAGCGCTCCAAAGTAGAG-1-0,
CTGATTTAGGAACCGCAAGTAGAG-1-0,
CTGATTTAGGTCAAACAAGTAGAG-1-0,
CTGATTTAGGTCGAGCAAGTAGAG-1-0,
CTGATTTAGTTGGATAAAGTAGAG-1-0,
CTGCAAACAAACTGGCAAGTAGAG-1-0,TP53_CALR_het
CTGCAAACAAAGCCTAAAGTAGAG-1-0,TP53_CALR_het
CTGCAAACAACAGCACAAGTAGAG-1-0,
CTGCAAACAATCGTGAAAGTAGAG-1-0,ZRSR2_CALR_mut
CTGCAAACAATTAGCGAAGTAGAG-1-0,TP53_CALR_het
CTGCAAACACACCCACAAGTAGAG-1-0,
CTGCAAACACTGTCATAAGTAGAG-1-0,
CTGCAAACATATTTCGAAGTAGAG-1-0,TP53_CALR_het
CTGCAACTCAAGGTACAAGTAGAG-1-0,
CTGCAACTCAATTGGAAAGTAGAG-1-0,TP53_EZH2_CALR_mut
CTGCAACTCACTGTCAAAGTAGAG-1-0,TP53_CALR_het
CTGCAACTCAGGTTGGAAGTAGAG-1-0,TP53_CALR_het
CTGGCTGTCAACTGTTAAGTAGAG-1-0,
CTGGCTGTCAAGGTCGAAGTAGAG-1-0,
CTGGCTGTCACATTCGAAGTAGAG-1-0,
CTGGCTGTCATCGATTAAGTAGAG-1-0,
CTGGCTGTCATGTCATAAGTAGAG-1-0,
CTGGCTGTCCAAATAGAAGTAGAG-1-0,
CTGGCTGTCCATGATTAAGTAGAG-1-0,
CTGGCTGTCCTGACTAAAGTAGAG-1-0,
CTGGCTGTCCTGATCAAAGTAGAG-1-0,
CTGGCTGTCGGTTATTAAGTAGAG-1-0,
CTGGTCAGTAATTTCGAAGTAGAG-1-0,TP53_CALR_het
CTGGTCAGTACAGCAAAAGTAGAG-1-0,TP53_CALR_het
CTGGTCAGTCGAAGGTAAGTAGAG-1-0,
CTGGTCAGTCGTTCTCAAGTAGAG-1-0,
CTGGTCAGTGTTAGAGAAGTAGAG-1-0,
CTGGTCAGTTGTCATAAAGTAGAG-1-0,ZRSR2_CALR_mut
CTGGTCAGTTTACTGAAAGTAGAG-1-0,
CTGGTGAAGCACGCAAAAGTAGAG-1-0,TP53_EZH2_CALR_mut
CTGGTGAAGCTTAAAGAAGTAGAG-1-0,
CTGGTGAAGGACTTAAAAGTAGAG-1-0,
CTGGTGAAGGACTTGGAAGTAGAG-1-0,TP53_EZH2_CALR_mut
CTGGTGAAGGATGAAGAAGTAGAG-1-0,
CTGGTGAAGGCCCATTAAGTAGAG-1-0,
CTGGTGAAGGCGGATCAAGTAGAG-1-0,
CTGGTGAAGGGTGGGAAAGTAGAG-1-0,TP53_CALR_het
CTGGTGAAGGTCAATAAAGTAGAG-1-0,TP53_EZH2_CALR_mut
CTGGTGAAGTGCAACGAAGTAGAG-1-0,
CTGGTTATCAAACCAAAAGTAGAG-1-0,
CTGGTTATCAAAGGCTAAGTAGAG-1-0,TP53_CALR_het
CTGGTTATCAGGCCTTAAGTAGAG-1-0,TP53_CALR_het
CTGGTTATCATCAAGAAAGTAGAG-1-0,
CTGTCAATCCACAATTAAGTAGAG-1-0,TP53_CALR_het
CTGTCAATCGAGGTTGAAGTAGAG-1-0,
CTGTCAATCGCCTAACAAGTAGAG-1-0,
CTGTCAATCGCTTCAAAAGTAGAG-1-0,TP53_CALR_het
CTGTCAATCGGCTAGAAAGTAGAG-1-0,TP53_CALR_het
CTGTCAATCGGTACCTAAGTAGAG-1-0,TP53_EZH2_CALR_mut
CTGTCAATCTAAATCCAAGTAGAG-1-0,TP53_CALR_het
CTGTCATCAAAGGGATAAGTAGAG-1-0,
CTGTCATCAATGAGCCAAGTAGAG-1-0,
CTGTCATCACCAGCTCAAGTAGAG-1-0,ZRSR2_CALR_mut
CTGTCATCACGTAATGAAGTAGAG-1-0,TP53_CALR_het
CTGTCATCACTTTGTAAAGTAGAG-1-0,
CTGTCATCAGATAACTAAGTAGAG-1-0,
CTGTCATCATACTTGCAAGTAGAG-1-0,TP53_EZH2_CALR_mut
CTGTCATCATCATAGGAAGTAGAG-1-0,ZRSR2_CALR_mut
CTGTCATCATCCGTCAAAGTAGAG-1-0,
CTGTCATCATGAGGGAAAGTAGAG-1-0,TP53_EZH2_CALR_mut
CTGTCATCATTTCATGAAGTAGAG-1-0,ZRSR2_CALR_mut
CTGTGCAGTACTTATGAAGTAGAG-1-0,
CTGTGCAGTCCAGCACAAGTAGAG-1-0,TP53_CALR_het
CTGTGCAGTGTGACCCAAGTAGAG-1-0,TP53_CALR_het
CTGTGCAGTTAGTTTGAAGTAGAG-1-0,TP53_CALR_het
CTGTGCAGTTGGATAGAAGTAGAG-1-0,TP53_CALR_het
CTGTGCAGTTTGGGCCAAGTAGAG-1-0,TP53_CALR_het
CTGTGGCGTACGAACAAAGTAGAG-1-0,ZRSR2_CALR_mut
CTGTGGCGTCCCTCTGAAGTAGAG-1-0,TP53_CALR_het
CTGTGGCGTCGAAGGTAAGTAGAG-1-0,ZRSR2_CALR_mut
CTGTGGCGTCGTTGCAAAGTAGAG-1-0,TP53_CALR_het
CTGTGGCGTCTCACTCAAGTAGAG-1-0,TP53_CALR_het
CTGTGGCGTGCTGAAAAAGTAGAG-1-0,
CTGTGGCGTTGCTGTGAAGTAGAG-1-0,
CTGTGGCGTTGGCGAGAAGTAGAG-1-0,TP53_CALR_het
CTGTGTGGTGACCTTGAAGTAGAG-1-0,TP53_CALR_het
CTGTGTGGTGTCCAGCAAGTAGAG-1-0,
CTGTGTGGTTAATCCAAAGTAGAG-1-0,
CTGTGTGGTTCCGCAAAAGTAGAG-1-0,
CTGTGTGGTTCGAATCAAGTAGAG-1-0,
CTGTGTGGTTTGGCCAAAGTAGAG-1-0,ZRSR2_CALR_mut
CTGTGTGGTTTGGGCCAAGTAGAG-1-0,TP53_CALR_het
CTGTTAAGTAGCGGATAAGTAGAG-1-0,TP53_EZH2_CALR_mut
CTGTTAAGTAGTCATCAAGTAGAG-1-0,
CTGTTAAGTCACACCAAAGTAGAG-1-0,TP53_EZH2_CALR_mut
CTGTTAAGTCACGATTAAGTAGAG-1-0,TP53_CALR_het
CTGTTAAGTGATTAGGAAGTAGAG-1-0,
CTGTTAAGTGCGGCTTAAGTAGAG-1-0,
CTGTTAAGTGTGTCGCAAGTAGAG-1-0,TP53_EZH2_CALR_mut
CTGTTAAGTTGTCATAAAGTAGAG-1-0,
CTGTTGCAGACTCAAAAAGTAGAG-1-0,
CTGTTGCAGCAATCGGAAGTAGAG-1-0,
CTGTTGCAGCCAGAGCAAGTAGAG-1-0,TP53_EZH2_CALR_mut
CTGTTGCAGCGAAGCCAAGTAGAG-1-0,TP53_CALR_het
CTGTTGCAGCTTAAAGAAGTAGAG-1-0,TP53_CALR_het
CTGTTGCAGGTCACAGAAGTAGAG-1-0,ZRSR2_CALR_mut
CTGTTTACAACTTCGTAAGTAGAG-1-0,TP53_CALR_het
CTGTTTACAAGGCGTTAAGTAGAG-1-0,
CTGTTTACAATGAATCAAGTAGAG-1-0,
CTTAACAGTAATGCCTAAGTAGAG-1-0,TP53_EZH2_CALR_mut
CTTAACAGTAGTTGTCAAGTAGAG-1-0,
CTTAACAGTCAGTGCCAAGTAGAG-1-0,TP53_EZH2_CALR_mut
CTTAACAGTGTCCAGCAAGTAGAG-1-0,TP53_EZH2_CALR_mut
CTTAACAGTGTGATGAAAGTAGAG-1-0,
CTTAACAGTTCATTAGAAGTAGAG-1-0,TP53_CALR_het
CTTAACGTCCGCACCAAAGTAGAG-1-0,
CTTAACGTCCTTTGGAAAGTAGAG-1-0,
CTTAACGTCGAGGTTGAAGTAGAG-1-0,TP53_CALR_het
CTTAACGTCGCTTGCGAAGTAGAG-1-0,TP53_EZH2_CALR_mut
CTTAACGTCGGTACAGAAGTAGAG-1-0,TP53_EZH2_CALR_mut
CTTAAGCGTGGCCCATAAGTAGAG-1-0,
CTTAAGCGTGTGAGACAAGTAGAG-1-0,TP53_CALR_het
CTTAAGCGTTGCACTGAAGTAGAG-1-0,
CTTAAGGCAACCCTATAAGTAGAG-1-0,TP53_CALR_het
CTTAAGGCACCTCGACAAGTAGAG-1-0,
CTTAAGGCATCGAACAAAGTAGAG-1-0,
CTTAAGGCATCTATCAAAGTAGAG-1-0,
CTTAAGGCATGAAGCCAAGTAGAG-1-0,
CTTAAGTTCAACTGGGAAGTAGAG-1-0,
CTTAAGTTCAATTGGAAAGTAGAG-1-0,TP53_EZH2_CALR_mut
CTTAAGTTCATGCCTAAAGTAGAG-1-0,
CTTAAGTTCCCAGTACAAGTAGAG-1-0,
CTTAAGTTCCCTCGCTAAGTAGAG-1-0,
CTTAAGTTCCGTCCAGAAGTAGAG-1-0,
CTTAAGTTCGCAGGACAAGTAGAG-1-0,
CTTAAGTTCGCCTAGTAAGTAGAG-1-0,
CTTAAGTTCGGTAAACAAGTAGAG-1-0,ZRSR2_CALR_mut
CTTAAGTTCTCACTAGAAGTAGAG-1-0,
CTTAATGGTAATGCGAAAGTAGAG-1-0,
CTTAATGGTACTTAGCAAGTAGAG-1-0,TP53_CALR_het
CTTAATGGTCCACAATAAGTAGAG-1-0,
CTTAATGGTCCTCCTGAAGTAGAG-1-0,
CTTAATGGTGCGCATCAAGTAGAG-1-0,
CTTAATGGTGGCTCACAAGTAGAG-1-0,
CTTAATGGTGTGTCGCAAGTAGAG-1-0,ZRSR2_CALR_mut
CTTAATGGTTAGTCTAAAGTAGAG-1-0,TP53_CALR_het
CTTAATGGTTCACCAGAAGTAGAG-1-0,ZRSR2_CALR_mut
CTTAATGGTTGGATGAAAGTAGAG-1-0,
CTTAATGGTTTATGGCAAGTAGAG-1-0,
CTTACCGCAAACCGTAAAGTAGAG-1-0,TP53_EZH2_CALR_mut
CTTACCGCAACAGGGAAAGTAGAG-1-0,
CTTACCGCAACATGATAAGTAGAG-1-0,
CTTACCGCACGTAATGAAGTAGAG-1-0,
CTTACCGCAGATAGCCAAGTAGAG-1-0,
CTTACCGCAGCCATTTAAGTAGAG-1-0,
CTTACCGCAGTTATGGAAGTAGAG-1-0,
CTTACCTTCAACCTCAAAGTAGAG-1-0,ZRSR2_CALR_mut
CTTACCTTCACCAGGAAAGTAGAG-1-0,ZRSR2_CALR_mut
CTTACCTTCAGTAGGTAAGTAGAG-1-0,
CTTACCTTCAGTTTACAAGTAGAG-1-0,
CTTACCTTCATGCGGAAAGTAGAG-1-0,
CTTACCTTCCGTTAGCAAGTAGAG-1-0,
CTTACCTTCGGGCAACAAGTAGAG-1-0,TP53_EZH2_CALR_mut
CTTACCTTCGTTGCACAAGTAGAG-1-0,TP53_CALR_het
CTTACCTTCTTCGCCCAAGTAGAG-1-0,TP53_CALR_het
CTTACTGAGAAACTCAAAGTAGAG-1-0,TP53_EZH2_CALR_mut
CTTACTGAGATTATCCAAGTAGAG-1-0,
CTTACTGAGCAAATCAAAGTAGAG-1-0,
CTTACTGAGCAGGTTGAAGTAGAG-1-0,TP53_EZH2_CALR_mut
CTTACTGAGTGGCTTCAAGTAGAG-1-0,
CTTACTGAGTGTTTCGAAGTAGAG-1-0,ZRSR2_CALR_mut
CTTACTGAGTTTGGTTAAGTAGAG-1-0,TP53_EZH2_CALR_mut
CTTAGAAAGAATGGCTAAGTAGAG-1-0,
CTTAGAAAGATAGCTAAAGTAGAG-1-0,
CTTAGAAAGCTATCGCAAGTAGAG-1-0,
CTTAGAAAGGATTAGCAAGTAGAG-1-0,TP53_CALR_het
CTTAGAAAGGCGAGAGAAGTAGAG-1-0,TP53_EZH2_CALR_mut
CTTAGAAAGTCGCGAAAAGTAGAG-1-0,
CTTAGAGCAGCCAGCAAAGTAGAG-1-0,TP53_CALR_het
CTTAGAGCATATGGTGAAGTAGAG-1-0,
CTTAGAGCATCATGCTAAGTAGAG-1-0,
CTTAGAGCATCGAACAAAGTAGAG-1-0,TP53_EZH2_CALR_mut
CTTAGAGCATCGATAGAAGTAGAG-1-0,TP53_CALR_het
CTTAGCCAGAGCAATCAAGTAGAG-1-0,
CTTAGCCAGATAACTGAAGTAGAG-1-0,
CTTAGCCAGCCATCGTAAGTAGAG-1-0,
CTTAGCCAGCGCAAGCAAGTAGAG-1-0,TP53_EZH2_CALR_mut
CTTAGCCAGCTAGATAAAGTAGAG-1-0,TP53_CALR_het
CTTAGCCAGGGCCTTTAAGTAGAG-1-0,
CTTAGCCAGTAAGTGCAAGTAGAG-1-0,TP53_CALR_het
CTTAGCCAGTCGCATCAAGTAGAG-1-0,
CTTAGCCAGTCGCGAAAAGTAGAG-1-0,TP53_CALR_het
CTTAGCGGTACAAACGAAGTAGAG-1-0,TP53_CALR_het
CTTAGCGGTACGGTTTAAGTAGAG-1-0,TP53_CALR_het
CTTAGCGGTCGAAGGTAAGTAGAG-1-0,
CTTAGCGGTGGTTATCAAGTAGAG-1-0,TP53_EZH2_CALR_mut
CTTAGCTCAAAGGGATAAGTAGAG-1-0,
CTTAGCTCACAAATACAAGTAGAG-1-0,
CTTAGCTCATCCAAGAAAGTAGAG-1-0,TP53_CALR_het
CTTAGCTCATTACACCAAGTAGAG-1-0,TP53_CALR_het
CTTAGTAGTAAGGTTGAAGTAGAG-1-0,ZRSR2_CALR_mut
CTTAGTAGTAATTGCCAAGTAGAG-1-0,
CTTAGTAGTAGCGGATAAGTAGAG-1-0,TP53_CALR_het
CTTAGTAGTAGTAACGAAGTAGAG-1-0,
CTTAGTAGTCAACAAGAAGTAGAG-1-0,
CTTAGTAGTCAGTGCCAAGTAGAG-1-0,
CTTAGTAGTCCAGCACAAGTAGAG-1-0,
CTTAGTAGTCCTTCTAAAGTAGAG-1-0,
CTTAGTAGTGGTGAGTAAGTAGAG-1-0,
CTTAGTAGTGGTTATCAAGTAGAG-1-0,TP53_CALR_het
CTTAGTAGTGTGAGGTAAGTAGAG-1-0,
CTTAGTAGTTGGCCACAAGTAGAG-1-0,
CTTAGTAGTTTCCTGCAAGTAGAG-1-0,
CTTAGTCCAAGCCTCCAAGTAGAG-1-0,TP53_EZH2_CALR_mut
CTTAGTCCAAGCGATCAAGTAGAG-1-0,
CTTAGTCCAATATGCGAAGTAGAG-1-0,TP53_CALR_het
CTTAGTCCACAAGCGTAAGTAGAG-1-0,TP53_EZH2_CALR_mut
CTTAGTCCAGCCATTTAAGTAGAG-1-0,
CTTAGTGTCAAAGGGAAAGTAGAG-1-0,
CTTAGTGTCAACCAAAAAGTAGAG-1-0,
CTTAGTGTCACAATGAAAGTAGAG-1-0,ZRSR2_CALR_mut
CTTAGTGTCATCGATTAAGTAGAG-1-0,TP53_CALR_het
CTTAGTGTCCCATAATAAGTAGAG-1-0,TP53_CALR_het
CTTAGTGTCGGTAACGAAGTAGAG-1-0,TP53_CALR_het
CTTATGTAGATGAACCAAGTAGAG-1-0,
CTTATGTAGCAAACTAAAGTAGAG-1-0,
CTTATGTAGCCATCGTAAGTAGAG-1-0,ZRSR2_CALR_mut
CTTATGTAGTACCCACAAGTAGAG-1-0,
CTTATGTAGTAGCTAAAAGTAGAG-1-0,
CTTCAACCAACCTGTTAAGTAGAG-1-0,
CTTCAACCACAATAGTAAGTAGAG-1-0,
CTTCAACCAGCTAAGCAAGTAGAG-1-0,
CTTCAACCATAACCAGAAGTAGAG-1-0,ZRSR2_CALR_mut
CTTCAACCATCATAGGAAGTAGAG-1-0,ZRSR2_CALR_mut
CTTCAACCATTCAGGAAAGTAGAG-1-0,
CTTCAATAGATGATTGAAGTAGAG-1-0,TP53_CALR_het
CTTCAATAGCGAGTTGAAGTAGAG-1-0,TP53_CALR_het
CTTCAATAGCTTATCGAAGTAGAG-1-0,
CTTCAATAGGACAAAGAAGTAGAG-1-0,
CTTCAATAGGATCCCTAAGTAGAG-1-0,
CTTCAATAGGGAGGCAAAGTAGAG-1-0,TP53_CALR_het
CTTCAATAGGTGAGTTAAGTAGAG-1-0,
CTTCAATAGTCGAAGTAAGTAGAG-1-0,TP53_EZH2_CALR_mut
CTTCAATAGTCGCGAAAAGTAGAG-1-0,TP53_CALR_het
CTTCAATAGTGGCTTCAAGTAGAG-1-0,
CTTCCTCCAAACTTCCAAGTAGAG-1-0,
CTTCCTCCAACGTTAGAAGTAGAG-1-0,
CTTCCTCCAATTAGACAAGTAGAG-1-0,
CTTCCTCCACACAAATAAGTAGAG-1-0,
CTTCCTCCACTATGGAAAGTAGAG-1-0,TP53_CALR_het
CTTCCTCCAGAGAGCAAAGTAGAG-1-0,TP53_CALR_het
CTTCCTCCATTTCGCGAAGTAGAG-1-0,
CTTCGAATCAAGGGTTAAGTAGAG-1-0,
CTTCGAATCAAGTTAGAAGTAGAG-1-0,ZRSR2_CALR_mut
CTTCGAATCACAAATGAAGTAGAG-1-0,TP53_CALR_het
CTTCGAATCACCCTGGAAGTAGAG-1-0,
CTTCGAATCATGACAAAAGTAGAG-1-0,TP53_EZH2_CALR_mut
CTTCGAATCGAAGGCCAAGTAGAG-1-0,TP53_CALR_het
CTTCGAATCGCGAAATAAGTAGAG-1-0,
CTTCGCCTCAAGGGTTAAGTAGAG-1-0,ZRSR2_CALR_mut
CTTCGCCTCAGGCATGAAGTAGAG-1-0,
CTTCGCCTCAGGTCGAAAGTAGAG-1-0,
CTTCGCCTCATTGCATAAGTAGAG-1-0,
CTTCGCCTCCCAAATTAAGTAGAG-1-0,TP53_EZH2_CALR_mut
CTTCGCCTCCTGACTAAAGTAGAG-1-0,
CTTCGCCTCGAAATGCAAGTAGAG-1-0,
CTTCGCCTCTAATGAGAAGTAGAG-1-0,TP53_CALR_het
CTTGAACGTAACGGGTAAGTAGAG-1-0,
CTTGAACGTACCGCACAAGTAGAG-1-0,TP53_EZH2_CALR_mut
CTTGAACGTAGCCATTAAGTAGAG-1-0,TP53_EZH2_CALR_mut
CTTGAACGTATTGGGAAAGTAGAG-1-0,
CTTGAACGTCGAAGTAAAGTAGAG-1-0,
CTTGAACGTTAATTCGAAGTAGAG-1-0,
CTTGAACGTTCACTCCAAGTAGAG-1-0,
CTTGAACGTTCATTAGAAGTAGAG-1-0,
CTTGAACGTTGAATCCAAGTAGAG-1-0,
CTTGAACGTTTACGACAAGTAGAG-1-0,
CTTGAACGTTTCCTCAAAGTAGAG-1-0,
CTTGACTCAAAGGGATAAGTAGAG-1-0,TP53_EZH2_CALR_mut
CTTGACTCAAATATGCAAGTAGAG-1-0,TP53_CALR_het
CTTGACTCACCAGCTCAAGTAGAG-1-0,
CTTGACTCACGCCACTAAGTAGAG-1-0,TP53_EZH2_CALR_mut
CTTGACTCACTAACTCAAGTAGAG-1-0,
CTTGACTCAGAGGCTTAAGTAGAG-1-0,ZRSR2_CALR_mut
CTTGACTCAGCACGTGAAGTAGAG-1-0,
CTTGACTCAGCACTAAAAGTAGAG-1-0,
CTTGACTCAGGTCAACAAGTAGAG-1-0,TP53_CALR_het
CTTGAGGAGACAAGCTAAGTAGAG-1-0,
CTTGAGGAGATGGATCAAGTAGAG-1-0,
CTTGAGGAGCATCCCGAAGTAGAG-1-0,TP53_CALR_het
CTTGAGGAGCGCTCCAAAGTAGAG-1-0,ZRSR2_CALR_mut
CTTGAGGAGCTATCCAAAGTAGAG-1-0,
CTTGAGGAGCTGGGTAAAGTAGAG-1-0,TP53_CALR_het
CTTGAGGAGCTTACATAAGTAGAG-1-0,TP53_CALR_het
CTTGAGGAGGAGCCGTAAGTAGAG-1-0,
CTTGAGGAGGGCCTTTAAGTAGAG-1-0,TP53_CALR_het
CTTGAGGAGGTAACTAAAGTAGAG-1-0,
CTTGAGGAGTAACGTAAAGTAGAG-1-0,
CTTGAGGAGTAAGTGCAAGTAGAG-1-0,
CTTGAGGAGTTATCCGAAGTAGAG-1-0,
CTTGAGGAGTTGCAGGAAGTAGAG-1-0,TP53_CALR_het
CTTGATGTCAATACAGAAGTAGAG-1-0,
CTTGATGTCACAGCCTAAGTAGAG-1-0,TP53_CALR_het
CTTGATGTCACCTTTCAAGTAGAG-1-0,ZRSR2_CALR_mut
CTTGATGTCAGGTAGTAAGTAGAG-1-0,ZRSR2_CALR_mut
CTTGATGTCATGAATGAAGTAGAG-1-0,
CTTGATGTCCAGAACGAAGTAGAG-1-0,
CTTGATGTCCTGACTAAAGTAGAG-1-0,ZRSR2_CALR_mut
CTTGATGTCGGTCAAGAAGTAGAG-1-0,TP53_EZH2_CALR_mut
CTTGATGTCTCACTAGAAGTAGAG-1-0,ZRSR2_CALR_mut
CTTGATGTCTTGATCGAAGTAGAG-1-0,
CTTGATTAGACGCATGAAGTAGAG-1-0,
CTTGATTAGCACTAGGAAGTAGAG-1-0,
CTTGATTAGCATTTCGAAGTAGAG-1-0,
CTTGATTAGCCAAACGAAGTAGAG-1-0,
CTTGATTAGCGAATGTAAGTAGAG-1-0,
CTTGATTAGGCAAGTTAAGTAGAG-1-0,
CTTGATTAGGCAATCGAAGTAGAG-1-0,TP53_EZH2_CALR_mut
CTTGATTAGGTTAGGTAAGTAGAG-1-0,
CTTGATTAGTCCTGCGAAGTAGAG-1-0,
CTTGATTAGTGCCCTGAAGTAGAG-1-0,ZRSR2_CALR_mut
CTTGATTAGTTGCGGAAAGTAGAG-1-0,
CTTGCACAGACAACTAAAGTAGAG-1-0,TP53_CALR_het
CTTGCACAGACAAGCTAAGTAGAG-1-0,TP53_EZH2_CALR_mut
CTTGCACAGCAACATAAAGTAGAG-1-0,
CTTGCACAGCGCTAGAAAGTAGAG-1-0,
CTTGCACAGCTTGATTAAGTAGAG-1-0,TP53_EZH2_CALR_het
CTTGCACAGGCGCAACAAGTAGAG-1-0,TP53_EZH2_CALR_mut
CTTGCACAGGCGCATAAAGTAGAG-1-0,TP53_CALR_het
CTTGCACAGGTTATGAAAGTAGAG-1-0,
CTTGCACAGGTTCGAGAAGTAGAG-1-0,
CTTGCACAGGTTTCCAAAGTAGAG-1-0,TP53_CALR_het
CTTGCACAGTTGCAAAAAGTAGAG-1-0,TP53_CALR_het
CTTGCACAGTTTGAGAAAGTAGAG-1-0,
CTTGCGCCAATCAAACAAGTAGAG-1-0,TP53_CALR_het
CTTGCGCCACCAACAAAAGTAGAG-1-0,TP53_CALR_het
CTTGCGCCACGGTCGAAAGTAGAG-1-0,
CTTGCGCCAGCGGATTAAGTAGAG-1-0,TP53_CALR_het
CTTGCGCCATGGCGCAAAGTAGAG-1-0,TP53_EZH2_CALR_mut
CTTGCGCCATGGGTTAAAGTAGAG-1-0,ZRSR2_CALR_mut
CTTGCGCCATTACTTGAAGTAGAG-1-0,
CTTGCTGCAAATGACTAAGTAGAG-1-0,
CTTGCTGCAACAGATTAAGTAGAG-1-0,TP53_CALR_het
CTTGCTGCAACCTGTTAAGTAGAG-1-0,TP53_CALR_het
CTTGCTGCAACTAGTGAAGTAGAG-1-0,
CTTGCTGCAACTATCCAAGTAGAG-1-0,TP53_EZH2_CALR_mut
CTTGCTGCAAGTTCCTAAGTAGAG-1-0,
CTTGCTGCACGGTAACAAGTAGAG-1-0,
CTTGCTGCAGCTAAGCAAGTAGAG-1-0,
CTTGCTGCAGGATTGCAAGTAGAG-1-0,ZRSR2_CALR_mut
CTTGCTGCATCGATAGAAGTAGAG-1-0,TP53_CALR_het
CTTGCTGCATTGGGTAAAGTAGAG-1-0,
CTTGGTTCAACCGTAAAAGTAGAG-1-0,TP53_CALR_het
CTTGGTTCAATGGGAGAAGTAGAG-1-0,ZRSR2_CALR_mut
CTTGGTTCACATAGATAAGTAGAG-1-0,TP53_CALR_het
CTTGGTTCACCGGCAAAAGTAGAG-1-0,
CTTGGTTCACGTGCTCAAGTAGAG-1-0,ZRSR2_CALR_mut
CTTGGTTCACTAACGAAAGTAGAG-1-0,
CTTGGTTCACTTTACAAAGTAGAG-1-0,
CTTGGTTCAGATTGCAAAGTAGAG-1-0,TP53_CALR_het
CTTGGTTCAGCACTAAAAGTAGAG-1-0,TP53_EZH2_CALR_mut
CTTGGTTCAGTGAGGAAAGTAGAG-1-0,
CTTGGTTCATCTATGCAAGTAGAG-1-0,TP53_CALR_het
CTTGGTTCATGTGGGTAAGTAGAG-1-0,
CTTGGTTCATTGCGCCAAGTAGAG-1-0,ZRSR2_CALR_mut
CTTGTGATCACTTCGAAAGTAGAG-1-0,
CTTGTGATCAGGCTGAAAGTAGAG-1-0,
CTTGTGATCAGGTTAAAAGTAGAG-1-0,ZRSR2_CALR_mut
CTTGTGATCCAGATAAAAGTAGAG-1-0,TP53_CALR_het
CTTGTGATCCCATAATAAGTAGAG-1-0,
CTTGTGATCTAATTGCAAGTAGAG-1-0,
CTTGTGATCTGGAAACAAGTAGAG-1-0,
CTTGTGATCTGTGATTAAGTAGAG-1-0,TP53_EZH2_CALR_mut
CTTGTGTCAACAGGGAAAGTAGAG-1-0,
CTTGTGTCAACTAAGTAAGTAGAG-1-0,
CTTGTGTCAAGTCGCGAAGTAGAG-1-0,TP53_EZH2_CALR_mut
CTTGTGTCACTAACGAAAGTAGAG-1-0,
CTTGTGTCAGGATGCTAAGTAGAG-1-0,TP53_CALR_het
CTTGTGTCATAACCAGAAGTAGAG-1-0,ZRSR2_CALR_mut
CTTTAACAGAAGGTTCAAGTAGAG-1-0,
CTTTAACAGAGGCGTCAAGTAGAG-1-0,
CTTTAACAGATAACGCAAGTAGAG-1-0,
CTTTAACAGCAGGTTGAAGTAGAG-1-0,
CTTTAACAGCCTGGTTAAGTAGAG-1-0,
CTTTAACAGCTAAATGAAGTAGAG-1-0,
CTTTAACAGCTAAGTAAAGTAGAG-1-0,TP53_CALR_het
CTTTAACAGGTTATGAAAGTAGAG-1-0,
CTTTAACAGTGATTAGAAGTAGAG-1-0,
CTTTAACAGTTTGCTGAAGTAGAG-1-0,
CTTTAAGGTAACCGCCAAGTAGAG-1-0,TP53_EZH2_CALR_mut
CTTTAAGGTAACGGGTAAGTAGAG-1-0,
CTTTAAGGTACAAACGAAGTAGAG-1-0,
CTTTAAGGTAGGTGACAAGTAGAG-1-0,
CTTTAAGGTGCGCATCAAGTAGAG-1-0,
CTTTAAGGTGCTTCTCAAGTAGAG-1-0,TP53_EZH2_CALR_mut
CTTTAAGGTGTCCAGCAAGTAGAG-1-0,
CTTTAAGGTTAGGCGGAAGTAGAG-1-0,TP53_CALR_het
CTTTAAGGTTCAAGCTAAGTAGAG-1-0,TP53_CALR_het
CTTTAAGGTTGGATGAAAGTAGAG-1-0,TP53_EZH2_CALR_mut
CTTTAGGTCAGCCCTGAAGTAGAG-1-0,
CTTTAGGTCATCAAGAAAGTAGAG-1-0,
CTTTAGGTCCAACATTAAGTAGAG-1-0,TP53_CALR_het
CTTTAGGTCGACCGTTAAGTAGAG-1-0,
CTTTAGGTCGCAGCAAAAGTAGAG-1-0,ZRSR2_CALR_mut
CTTTAGGTCTCAGCTAAAGTAGAG-1-0,TP53_CALR_het
CTTTAGGTCTGTGACCAAGTAGAG-1-0,TP53_CALR_het
CTTTAGTAGCCCGTTGAAGTAGAG-1-0,
CTTTAGTAGCCTGCCAAAGTAGAG-1-0,
CTTTAGTAGCGAAGAAAAGTAGAG-1-0,
CTTTAGTAGCGAATCGAAGTAGAG-1-0,
CTTTAGTAGCGCTAGAAAGTAGAG-1-0,
CTTTAGTAGCTTACTGAAGTAGAG-1-0,TP53_EZH2_CALR_mut
CTTTAGTAGGCGCATAAAGTAGAG-1-0,TP53_EZH2_CALR_mut
CTTTAGTAGTAAAGGGAAGTAGAG-1-0,TP53_EZH2_CALR_mut
CTTTAGTAGTATGGTAAAGTAGAG-1-0,TP53_CALR_het
CTTTAGTAGTCAAACAAAGTAGAG-1-0,TP53_CALR_het
CTTTCATGTAGCCCGTAAGTAGAG-1-0,TP53_EZH2_CALR_mut
CTTTCATGTGGATGCGAAGTAGAG-1-0,TP53_CALR_het
CTTTCATGTTAAGGATAAGTAGAG-1-0,TP53_CALR_het
CTTTCATGTTCAAGGAAAGTAGAG-1-0,
CTTTCATGTTGTTTAGAAGTAGAG-1-0,
CTTTCGTTCACTTGATAAGTAGAG-1-0,
CTTTCGTTCAGTAGCGAAGTAGAG-1-0,
CTTTCGTTCAGTTAGAAAGTAGAG-1-0,
CTTTCGTTCATTATGCAAGTAGAG-1-0,
CTTTCGTTCCTTTCGTAAGTAGAG-1-0,
CTTTCGTTCGAAGGCCAAGTAGAG-1-0,
CTTTCGTTCGAGGCACAAGTAGAG-1-0,
CTTTCGTTCGATTGAAAAGTAGAG-1-0,TP53_CALR_het
CTTTCGTTCTCAAACTAAGTAGAG-1-0,TP53_CALR_het
CTTTCTATCACATTACAAGTAGAG-1-0,TP53_CALR_het
CTTTCTATCATGAATGAAGTAGAG-1-0,
CTTTGGATCAACCGCTAAGTAGAG-1-0,
CTTTGGATCAGCACAGAAGTAGAG-1-0,TP53_EZH2_CALR_mut
CTTTGGATCAGGTAACAAGTAGAG-1-0,
CTTTGGATCAGGTTAAAAGTAGAG-1-0,TP53_CALR_het
CTTTGGATCCAACATTAAGTAGAG-1-0,
CTTTGGATCCGCAATCAAGTAGAG-1-0,ZRSR2_CALR_mut
CTTTGGATCTGTGATTAAGTAGAG-1-0,TP53_EZH2_CALR_mut
CTTTGGATCTTGAATCAAGTAGAG-1-0,
CTTTGGTCAAGATAAGAAGTAGAG-1-0,TP53_EZH2_CALR_mut
CTTTGGTCAAGGTGTCAAGTAGAG-1-0,
CTTTGGTCAATCTCTAAAGTAGAG-1-0,
CTTTGGTCACCTCGACAAGTAGAG-1-0,TP53_EZH2_CALR_mut
CTTTGGTCACGCAATAAAGTAGAG-1-0,
CTTTGGTCACGTTACTAAGTAGAG-1-0,
GAAATACGTACGCACCAAGTAGAG-1-0,TP53_CALR_het
GAAATACGTACTTCAAAAGTAGAG-1-0,TP53_EZH2_CALR_mut
GAAATACGTATAGCGAAAGTAGAG-1-0,
GAAATACGTCAAACTCAAGTAGAG-1-0,ZRSR2_CALR_mut
GAAATACGTCTACCTCAAGTAGAG-1-0,
GAAATACGTCTCACTCAAGTAGAG-1-0,
GAAATACGTGTTCCAGAAGTAGAG-1-0,
GAAATACGTTCCGTGAAAGTAGAG-1-0,TP53_CALR_het
GAAATACGTTTGAGCTAAGTAGAG-1-0,TP53_CALR_het
GAACAATGTGCGTACCAAGTAGAG-1-0,TP53_EZH2_CALR_mut
GAACAATGTGGTGCAGAAGTAGAG-1-0,TP53_CALR_het
GAACAATGTGTCCAGCAAGTAGAG-1-0,
GAACAATGTTAGGCGGAAGTAGAG-1-0,TP53_EZH2_CALR_mut
GAACAATGTTATGTGCAAGTAGAG-1-0,
GAACAATGTTGTTGGTAAGTAGAG-1-0,ZRSR2_CALR_mut
GAACAATGTTTCAGGTAAGTAGAG-1-0,
GAACAGGCAAACAAGAAAGTAGAG-1-0,
GAACAGGCAAAGTGCCAAGTAGAG-1-0,
GAACAGGCAACCGTAAAAGTAGAG-1-0,TP53_CALR_het
GAACAGGCAACTATCCAAGTAGAG-1-0,TP53_CALR_het
GAACAGGCAAGGCCATAAGTAGAG-1-0,
GAACAGGCAATCGTTCAAGTAGAG-1-0,ZRSR2_CALR_mut
GAACAGGCAATCTCTAAAGTAGAG-1-0,
GAACAGGCACAATCGAAAGTAGAG-1-0,
GAACAGGCACCACACCAAGTAGAG-1-0,TP53_EZH2_CALR_het
GAACAGGCACCTTCAGAAGTAGAG-1-0,
GAACAGGCACTAGTAGAAGTAGAG-1-0,TP53_EZH2_CALR_mut
GAACAGGCATTGTGAGAAGTAGAG-1-0,
GAACGAAAGAACCTCCAAGTAGAG-1-0,TP53_CALR_het
GAACGAAAGAAGCATCAAGTAGAG-1-0,TP53_EZH2_CALR_mut
GAACGAAAGATAACGCAAGTAGAG-1-0,
GAACGAAAGCAAATTGAAGTAGAG-1-0,
GAACGAAAGCTATCGCAAGTAGAG-1-0,
GAACGAAAGCTCGATCAAGTAGAG-1-0,TP53_EZH2_CALR_mut
GAACGAAAGCTTGAGGAAGTAGAG-1-0,TP53_EZH2_CALR_mut
GAACGAAAGGAAGCAAAAGTAGAG-1-0,
GAACGAAAGGAAGCCCAAGTAGAG-1-0,TP53_CALR_het
GAACGAAAGTGATGGTAAGTAGAG-1-0,TP53_CALR_het
GAACGAAAGTTACACTAAGTAGAG-1-0,
GAACGAAAGTTTGACTAAGTAGAG-1-0,
GAACGGCTCATTGAGAAAGTAGAG-1-0,
GAACGGCTCCCGCTGAAAGTAGAG-1-0,
GAACGGCTCGCGGATAAAGTAGAG-1-0,TP53_EZH2_CALR_mut
GAACGGCTCGGTCAAGAAGTAGAG-1-0,
GAACGGCTCTAATCACAAGTAGAG-1-0,
GAACGGCTCTATGCATAAGTAGAG-1-0,
GAACTTAAGCCTTAATAAGTAGAG-1-0,TP53_EZH2_CALR_mut
GAACTTAAGGGATGAAAAGTAGAG-1-0,
GAACTTAAGGTATGGTAAGTAGAG-1-0,
GAACTTAAGTGATCAAAAGTAGAG-1-0,
GAACTTGCAACTGTTCAAGTAGAG-1-0,
GAACTTGCAAGCCTAAAAGTAGAG-1-0,
GAACTTGCAAGGGTCTAAGTAGAG-1-0,
GAACTTGCAATCCACTAAGTAGAG-1-0,
GAACTTGCACACTGGGAAGTAGAG-1-0,ZRSR2_CALR_mut
GAACTTGCACATACCTAAGTAGAG-1-0,
GAACTTGCACCTTTGGAAGTAGAG-1-0,TP53_EZH2_CALR_mut
GAACTTGCACTAACAGAAGTAGAG-1-0,
GAACTTGCATGTTTCAAAGTAGAG-1-0,TP53_EZH2_CALR_mut
GAACTTGCATTGAAGTAAGTAGAG-1-0,TP53_EZH2_CALR_mut
GAACTTGCATTGTGTCAAGTAGAG-1-0,
GAAGAATAGAATGGGAAAGTAGAG-1-0,TP53_EZH2_CALR_mut
GAAGAATAGCATCCCGAAGTAGAG-1-0,
GAAGAATAGCTTACATAAGTAGAG-1-0,
GAAGAATAGTCTACCAAAGTAGAG-1-0,
GAAGAATAGTTTCACGAAGTAGAG-1-0,TP53_EZH2_CALR_mut
GAAGAATAGTTTCCAGAAGTAGAG-1-0,TP53_CALR_het
GAAGAATAGTTTGAGAAAGTAGAG-1-0,
GAAGCACGTAACCTTAAAGTAGAG-1-0,TP53_CALR_het
GAAGCACGTAGACTGAAAGTAGAG-1-0,TP53_EZH2_CALR_mut
GAAGCACGTAGCTTGTAAGTAGAG-1-0,ZRSR2_CALR_mut
GAAGCACGTCACAGAAAAGTAGAG-1-0,
GAAGCACGTCATTACAAAGTAGAG-1-0,
GAAGCACGTGTTGCTGAAGTAGAG-1-0,
GAAGCACGTTGAATCCAAGTAGAG-1-0,TP53_CALR_het
GAAGCACGTTTGGGCCAAGTAGAG-1-0,TP53_CALR_het
GAAGCCATCACAGCCTAAGTAGAG-1-0,
GAAGCCATCATAGGCGAAGTAGAG-1-0,
GAAGCCATCCAGGAATAAGTAGAG-1-0,TP53_EZH2_CALR_mut
GAAGCCATCCCATAATAAGTAGAG-1-0,
GAAGCCATCCCTGGTGAAGTAGAG-1-0,ZRSR2_CALR_mut
GAAGCCATCCTAAGTTAAGTAGAG-1-0,
GAAGCCATCGCTCAACAAGTAGAG-1-0,
GAAGCCATCGGCTAAGAAGTAGAG-1-0,ZRSR2_CALR_mut
GAAGCCATCGGTACAGAAGTAGAG-1-0,
GAAGCCATCTTAAGCTAAGTAGAG-1-0,TP53_CALR_het
GAAGGATCAATATGCGAAGTAGAG-1-0,
GAAGGATCACGTGCTCAAGTAGAG-1-0,TP53_CALR_het
GAAGGATCAGATTGCAAAGTAGAG-1-0,
GAAGGATCAGGATTATAAGTAGAG-1-0,TP53_EZH2_CALR_mut
GAAGGATCAGTAATACAAGTAGAG-1-0,
GAAGGATCATAACCAGAAGTAGAG-1-0,
GAAGGCTGTAAACCCTAAGTAGAG-1-0,
GAAGGCTGTACTTCAAAAGTAGAG-1-0,TP53_EZH2_CALR_mut
GAAGGCTGTAGCTTTAAAGTAGAG-1-0,TP53_CALR_het
GAAGGCTGTCAAAGATAAGTAGAG-1-0,TP53_EZH2_CALR_mut
GAAGGCTGTCCGGGTTAAGTAGAG-1-0,
GAAGGCTGTCCTCCTGAAGTAGAG-1-0,TP53_EZH2_CALR_mut
GAAGGCTGTCGAAGTAAAGTAGAG-1-0,ZRSR2_CALR_mut
GAAGGCTGTGATAAACAAGTAGAG-1-0,TP53_EZH2_CALR_mut
GAAGGCTGTGTGGCTCAAGTAGAG-1-0,
GAAGGCTGTTGCACTGAAGTAGAG-1-0,
GAAGGCTGTTGGGCGAAAGTAGAG-1-0,
GAAGGGTAGACCAGGCAAGTAGAG-1-0,TP53_CALR_het
GAAGGGTAGCTTACCAAAGTAGAG-1-0,
GAAGGGTAGGACACGCAAGTAGAG-1-0,TP53_CALR_het
GAAGGGTAGGCACTAGAAGTAGAG-1-0,
GAAGGGTAGGCGAGAGAAGTAGAG-1-0,TP53_CALR_het
GAAGGGTAGTACCCACAAGTAGAG-1-0,TP53_EZH2_CALR_mut
GAAGGGTAGTCCTCAAAAGTAGAG-1-0,
GAAGGGTAGTGAGGAAAAGTAGAG-1-0,
GAAGTATGTAATGGTGAAGTAGAG-1-0,TP53_CALR_het
GAAGTATGTCCCTCTGAAGTAGAG-1-0,TP53_CALR_het
GAAGTATGTCCTGAGCAAGTAGAG-1-0,ZRSR2_CALR_mut
GAAGTATGTCGAGGCAAAGTAGAG-1-0,TP53_EZH2_CALR_mut
GAAGTATGTGCGATAAAAGTAGAG-1-0,TP53_CALR_het
GAAGTATGTTCGGTCAAAGTAGAG-1-0,
GAATAACGTAATTTCGAAGTAGAG-1-0,
GAATAACGTATTCGACAAGTAGAG-1-0,
GAATAACGTCAATTGCAAGTAGAG-1-0,
GAATAACGTCCTCATCAAGTAGAG-1-0,
GAATAACGTGGTTAAGAAGTAGAG-1-0,
GAATAACGTTAAGTCCAAGTAGAG-1-0,TP53_EZH2_CALR_mut
GAATAACGTTAGAGGCAAGTAGAG-1-0,TP53_CALR_het
GAATCACAGAAGGTCTAAGTAGAG-1-0,TP53_EZH2_CALR_het
GAATCACAGAGCAACTAAGTAGAG-1-0,TP53_CALR_het
GAATCACAGAGGATGAAAGTAGAG-1-0,
GAATCACAGCTAAGTAAAGTAGAG-1-0,
GAATCACAGCTCAAGGAAGTAGAG-1-0,
GAATCACAGGAACCTGAAGTAGAG-1-0,
GAATCACAGTAAGCTAAAGTAGAG-1-0,
GAATCACAGTCAAACAAAGTAGAG-1-0,
GAATCACAGTGAGTTAAAGTAGAG-1-0,
GAATCAGGTAATGGTGAAGTAGAG-1-0,
GAATCAGGTACAAAGTAAGTAGAG-1-0,
GAATCAGGTATTGGGAAAGTAGAG-1-0,
GAATCAGGTCAGGAACAAGTAGAG-1-0,TP53_CALR_het
GAATCAGGTCCATCCTAAGTAGAG-1-0,ZRSR2_CALR_mut
GAATCAGGTTAATGCCAAGTAGAG-1-0,TP53_EZH2_CALR_mut
GAATCAGGTTGGCCACAAGTAGAG-1-0,
GAATCGAGTATTCGTAAAGTAGAG-1-0,TP53_CALR_het
GAATCGAGTCCGTGACAAGTAGAG-1-0,
GAATCGAGTCCTCATCAAGTAGAG-1-0,TP53_CALR_het
GAATCGAGTCCTGAGCAAGTAGAG-1-0,
GAATCGAGTGCATCGCAAGTAGAG-1-0,
GAATCGAGTTATGAGGAAGTAGAG-1-0,
GAATCGGTCCCGTTCCAAGTAGAG-1-0,
GAATCGGTCCTCTAAGAAGTAGAG-1-0,
GAATCGGTCCTGAGGAAAGTAGAG-1-0,
GAATCGGTCGATTGGGAAGTAGAG-1-0,TP53_EZH2_CALR_mut
GAATCGGTCGTGATGGAAGTAGAG-1-0,ZRSR2_CALR_mut
GAATCGGTCTAATTGCAAGTAGAG-1-0,
GAATCGGTCTTGAGGGAAGTAGAG-1-0,
GAATCGGTCTTGATCGAAGTAGAG-1-0,
GAATCTAAGAAAGGCAAAGTAGAG-1-0,TP53_CALR_het
GAATCTAAGCAAGTTAAAGTAGAG-1-0,
GAATCTAAGCGAAGAAAAGTAGAG-1-0,
GAATCTAAGGACTTGGAAGTAGAG-1-0,
GAATCTAAGGATCCAGAAGTAGAG-1-0,
GAATCTAAGGGTCTAGAAGTAGAG-1-0,TP53_CALR_het
GAATCTAAGGTATGGTAAGTAGAG-1-0,TP53_CALR_het
GAATCTAAGGTCGAGCAAGTAGAG-1-0,
GAATGACTCCAAAGACAAGTAGAG-1-0,
GAATGACTCCTTTGAGAAGTAGAG-1-0,TP53_CALR_het
GAATGACTCGCTTCAAAAGTAGAG-1-0,
GAATGACTCGCTTGGTAAGTAGAG-1-0,ZRSR2_CALR_mut
GAATGACTCTAAATCCAAGTAGAG-1-0,
GAATGACTCTTTAAGCAAGTAGAG-1-0,ZRSR2_CALR_mut
GAATGCGTCAATCGCCAAGTAGAG-1-0,TP53_EZH2_CALR_mut
GAATGCGTCACAAAGCAAGTAGAG-1-0,TP53_EZH2_CALR_mut
GAATGCGTCACAAATGAAGTAGAG-1-0,ZRSR2_CALR_mut
GAATGCGTCACCAGGAAAGTAGAG-1-0,TP53_CALR_het
GAATGCGTCACCCTCCAAGTAGAG-1-0,TP53_EZH2_CALR_mut
GAATGCGTCACTTCGAAAGTAGAG-1-0,
GAATGCGTCCATAGGGAAGTAGAG-1-0,TP53_EZH2_CALR_mut
GAATGCGTCGAAGTTAAAGTAGAG-1-0,TP53_EZH2_CALR_mut
GAATGCGTCGCCACATAAGTAGAG-1-0,TP53_CALR_het
GAATGCGTCGTTGCACAAGTAGAG-1-0,
GAATGCGTCTAACTACAAGTAGAG-1-0,TP53_EZH2_CALR_mut
GAATGCGTCTGTGATTAAGTAGAG-1-0,
GAATGCGTCTTACTCCAAGTAGAG-1-0,TP53_CALR_het
GAATGGTTCACACAAAAAGTAGAG-1-0,TP53_EZH2_CALR_mut
GAATGGTTCCAATGAAAAGTAGAG-1-0,
GAATGGTTCCTCACGGAAGTAGAG-1-0,
GAATGGTTCGATTAAGAAGTAGAG-1-0,TP53_EZH2_CALR_mut
GAATGGTTCTATCTGGAAGTAGAG-1-0,TP53_EZH2_CALR_mut
GAATGTCAGACTCCTAAAGTAGAG-1-0,TP53_CALR_het
GAATGTCAGTAGCGCAAAGTAGAG-1-0,
GAATGTCAGTATGGTAAAGTAGAG-1-0,TP53_EZH2_CALR_mut
GAATTGATCAACCTATAAGTAGAG-1-0,TP53_CALR_het
GAATTGATCAATTTGCAAGTAGAG-1-0,TP53_CALR_het
GAATTGATCATGTCATAAGTAGAG-1-0,TP53_CALR_het
GAATTGATCCAGAAACAAGTAGAG-1-0,
GAATTGATCCGCAACTAAGTAGAG-1-0,
GAATTGATCCTAAATCAAGTAGAG-1-0,TP53_CALR_het
GAATTGATCCTTAGATAAGTAGAG-1-0,
GAATTGATCTTAAGCTAAGTAGAG-1-0,TP53_CALR_het
GAATTGATCTTGAAGAAAGTAGAG-1-0,TP53_EZH2_CALR_mut
GAATTGATCTTTGGTGAAGTAGAG-1-0,
GACAAACTCCCAAATTAAGTAGAG-1-0,
GACAAACTCGCGTTCGAAGTAGAG-1-0,TP53_EZH2_CALR_mut
GACAAACTCGCTTCGGAAGTAGAG-1-0,ZRSR2_CALR_mut
GACAAACTCTGTGATTAAGTAGAG-1-0,
GACAACTAGCAACATAAAGTAGAG-1-0,
GACAACTAGCCATCACAAGTAGAG-1-0,TP53_EZH2_CALR_mut
GACAACTAGCGAATCGAAGTAGAG-1-0,
GACAACTAGTCCTCAAAAGTAGAG-1-0,TP53_EZH2_CALR_mut
GACAACTAGTTTGCTGAAGTAGAG-1-0,TP53_CALR_het
GACAATATCAACTGTTAAGTAGAG-1-0,
GACAATATCAGTTAGAAAGTAGAG-1-0,
GACAATATCGAGGCACAAGTAGAG-1-0,
GACAATATCGCATTTGAAGTAGAG-1-0,
GACAATATCTAACCATAAGTAGAG-1-0,TP53_CALR_het
GACAATATCTTAAGCTAAGTAGAG-1-0,
GACAATATCTTGAATCAAGTAGAG-1-0,
GACAGGCTCACAATGAAAGTAGAG-1-0,
GACAGGCTCACGTTCAAAGTAGAG-1-0,
GACAGGCTCATCCCAAAAGTAGAG-1-0,
GACAGGCTCATGACCCAAGTAGAG-1-0,
GACAGGCTCCGCACCAAAGTAGAG-1-0,
GACAGGCTCCTAAGTTAAGTAGAG-1-0,TP53_CALR_het
GACAGGCTCGAAACTAAAGTAGAG-1-0,
GACAGGCTCGTTATGTAAGTAGAG-1-0,TP53_EZH2_CALR_mut
GACAGGCTCTCACAATAAGTAGAG-1-0,
GACAGGGAGAGCAATCAAGTAGAG-1-0,
GACAGGGAGATAGCCGAAGTAGAG-1-0,
GACAGGGAGCTGGGTAAAGTAGAG-1-0,
GACAGGGAGCTTATCGAAGTAGAG-1-0,
GACAGGGAGTCAATAGAAGTAGAG-1-0,TP53_CALR_het
GACAGGGAGTCGCGAAAAGTAGAG-1-0,
GACAGTTAGACAGACTAAGTAGAG-1-0,ZRSR2_CALR_mut
GACAGTTAGCTAGCCTAAGTAGAG-1-0,
GACAGTTAGGGCGGTTAAGTAGAG-1-0,TP53_CALR_het
GACAGTTAGGGTTGGCAAGTAGAG-1-0,TP53_EZH2_CALR_mut
GACAGTTAGGGTTTCCAAGTAGAG-1-0,
GACAGTTAGGTCGAGCAAGTAGAG-1-0,TP53_CALR_het
GACAGTTAGGTTATCTAAGTAGAG-1-0,
GACAGTTAGGTTCCGTAAGTAGAG-1-0,TP53_EZH2_CALR_mut
GACAGTTAGTACCAGGAAGTAGAG-1-0,TP53_CALR_het
GACAGTTAGTCGAAACAAGTAGAG-1-0,TP53_EZH2_CALR_het
GACAGTTAGTGAGTTAAAGTAGAG-1-0,TP53_CALR_het
GACATAATCAACTTGTAAGTAGAG-1-0,
GACATAATCATTGTACAAGTAGAG-1-0,
GACATAATCCAGAACGAAGTAGAG-1-0,TP53_CALR_het
GACATAATCCGAATTTAAGTAGAG-1-0,TP53_CALR_het
GACATAATCGCGCATTAAGTAGAG-1-0,TP53_CALR_het
GACATAATCTCAGCTAAAGTAGAG-1-0,ZRSR2_CALR_mut
GACATCCTCAATTTGCAAGTAGAG-1-0,TP53_CALR_het
GACATCCTCATAACCTAAGTAGAG-1-0,
GACATCCTCATGGTCCAAGTAGAG-1-0,TP53_CALR_het
GACATCCTCATTAGCTAAGTAGAG-1-0,
GACATCCTCCAACAGGAAGTAGAG-1-0,ZRSR2_CALR_mut
GACATCCTCCTCAAGCAAGTAGAG-1-0,
GACATCCTCGAACCGAAAGTAGAG-1-0,TP53_CALR_het
GACATGCCAACAGGGAAAGTAGAG-1-0,ZRSR2_CALR_mut
GACATGCCAACGTTAGAAGTAGAG-1-0,
GACATGCCAACTAAACAAGTAGAG-1-0,
GACATGCCACTCAGTTAAGTAGAG-1-0,
GACATGCCAGGAGCAAAAGTAGAG-1-0,
GACATGCCATCACAGAAAGTAGAG-1-0,
GACATTAAGCTGATGGAAGTAGAG-1-0,TP53_EZH2_CALR_mut
GACATTAAGCTTGAGGAAGTAGAG-1-0,TP53_EZH2_CALR_mut
GACATTAAGGCGCAGTAAGTAGAG-1-0,
GACATTAAGGTGTCCTAAGTAGAG-1-0,
GACATTAAGTGTGAGTAAGTAGAG-1-0,TP53_CALR_het
GACATTAAGTTTCCAGAAGTAGAG-1-0,TP53_EZH2_CALR_mut
GACATTCGTACAGCAAAAGTAGAG-1-0,
GACATTCGTATGTTTGAAGTAGAG-1-0,TP53_CALR_het
GACATTCGTCAACATCAAGTAGAG-1-0,
GACATTCGTCCGGGTTAAGTAGAG-1-0,TP53_CALR_het
GACATTCGTGAACCAAAAGTAGAG-1-0,
GACATTCGTGGACACGAAGTAGAG-1-0,ZRSR2_CALR_mut
GACATTGCAACAGCACAAGTAGAG-1-0,
GACATTGCAACTGTTCAAGTAGAG-1-0,TP53_CALR_het
GACATTGCAATTGAGTAAGTAGAG-1-0,
GACATTGCACCTGGTCAAGTAGAG-1-0,
GACATTGCACGTAATGAAGTAGAG-1-0,TP53_EZH2_CALR_mut
GACATTGCAGCCATTTAAGTAGAG-1-0,
GACATTGCAGGCCTCTAAGTAGAG-1-0,TP53_CALR_het
GACATTGCAGGTAGCTAAGTAGAG-1-0,TP53_CALR_het
GACATTGCATGTGGGTAAGTAGAG-1-0,TP53_EZH2_CALR_mut
GACATTGCATTGAAGTAAGTAGAG-1-0,
GACATTGCATTGTGTCAAGTAGAG-1-0,ZRSR2_CALR_mut
GACCAAGTCAAGGGTTAAGTAGAG-1-0,
GACCAAGTCGCTATATAAGTAGAG-1-0,TP53_CALR_het
GACCAAGTCGGTAAACAAGTAGAG-1-0,
GACCAAGTCTAGTTACAAGTAGAG-1-0,ZRSR2_CALR_mut
GACCAATAGCAGGCTAAAGTAGAG-1-0,TP53_EZH2_CALR_mut
GACCAATAGCCCGTTGAAGTAGAG-1-0,
GACCAATAGCTTGAGGAAGTAGAG-1-0,
GACCAATAGGAACCATAAGTAGAG-1-0,TP53_CALR_het
GACCAATAGTATGGTAAAGTAGAG-1-0,TP53_EZH2_CALR_mut
GACCAATAGTCACCTAAAGTAGAG-1-0,TP53_CALR_het
GACCAATAGTGGACCAAAGTAGAG-1-0,
GACCAATAGTGTTTGTAAGTAGAG-1-0,TP53_CALR_het
GACCAGGGTGAGTAATAAGTAGAG-1-0,
GACCAGGGTTAAGCCTAAGTAGAG-1-0,
GACCAGGGTTCCAGCAAAGTAGAG-1-0,TP53_CALR_het
GACCAGGGTTTGGGCCAAGTAGAG-1-0,
GACCCAAAGCAAACCGAAGTAGAG-1-0,ZRSR2_CALR_mut
GACCCAAAGCGAAGTTAAGTAGAG-1-0,
GACCCAAAGCTTGAAAAAGTAGAG-1-0,
GACCCAAAGGTCTTGCAAGTAGAG-1-0,
GACCCAAAGTCAGGCAAAGTAGAG-1-0,TP53_EZH2_CALR_mut
GACCGTGCAACCGTAAAAGTAGAG-1-0,TP53_CALR_het
GACCGTGCACTCAGTTAAGTAGAG-1-0,
GACCGTGCATTGCGCCAAGTAGAG-1-0,TP53_EZH2_CALR_mut
GACCGTGCATTTCGCGAAGTAGAG-1-0,
GACCTCAGTAAATAGCAAGTAGAG-1-0,
GACCTCAGTAATGGTGAAGTAGAG-1-0,
GACCTCAGTCAGGATAAAGTAGAG-1-0,
GACCTCAGTCATTTAGAAGTAGAG-1-0,TP53_EZH2_CALR_mut
GACCTCAGTCCATCAGAAGTAGAG-1-0,
GACCTCAGTTATGTGCAAGTAGAG-1-0,TP53_EZH2_CALR_mut
GACCTCAGTTGTCCAGAAGTAGAG-1-0,TP53_EZH2_CALR_mut
GACCTGAAGCATCTATAAGTAGAG-1-0,
GACCTGAAGGTATTTCAAGTAGAG-1-0,
GACCTGAAGTCTTGCAAAGTAGAG-1-0,
GACCTGAAGTTACTCGAAGTAGAG-1-0,TP53_CALR_het
GACCTTCAGCAAATCAAAGTAGAG-1-0,TP53_EZH2_CALR_mut
GACCTTCAGCGCAAGCAAGTAGAG-1-0,
GACCTTCAGCTTTACGAAGTAGAG-1-0,TP53_CALR_het
GACCTTCAGGGCCTTTAAGTAGAG-1-0,TP53_EZH2_CALR_mut
GACCTTCAGGTCACTCAAGTAGAG-1-0,TP53_EZH2_CALR_mut
GACCTTCAGGTTAGCGAAGTAGAG-1-0,
GACCTTCAGTGATGGTAAGTAGAG-1-0,TP53_CALR_het
GACCTTCAGTGCCCTGAAGTAGAG-1-0,
GACCTTCAGTTAGGCGAAGTAGAG-1-0,
GACGAGGAGCACGGTAAAGTAGAG-1-0,
GACGAGGAGCTAGATAAAGTAGAG-1-0,TP53_CALR_het
GACGAGGAGGTCACAGAAGTAGAG-1-0,TP53_EZH2_CALR_mut
GACGAGGAGTCATTCGAAGTAGAG-1-0,
GACGAGGAGTTATTGCAAGTAGAG-1-0,TP53_CALR_het
GACGCAATCAAGGTGTAAGTAGAG-1-0,
GACGCAATCCCATAATAAGTAGAG-1-0,
GACGCAATCCCGCTGAAAGTAGAG-1-0,ZRSR2_CALR_mut
GACGCAATCCGCCACAAAGTAGAG-1-0,TP53_CALR_het
GACGCAATCCTTTGAGAAGTAGAG-1-0,TP53_EZH2_CALR_mut
GACGCAATCGATATAGAAGTAGAG-1-0,
GACGCAATCGATTAAGAAGTAGAG-1-0,TP53_CALR_het
GACGCAATCTAATCGTAAGTAGAG-1-0,TP53_CALR_het
GACGCAATCTTTAGCGAAGTAGAG-1-0,
GACGTAAGTATTCAGCAAGTAGAG-1-0,
GACGTAAGTTTGTGACAAGTAGAG-1-0,TP53_EZH2_CALR_mut
GACTAAATCACAATGAAAGTAGAG-1-0,TP53_EZH2_CALR_mut
GACTAAATCAGCACGAAAGTAGAG-1-0,TP53_CALR_het
GACTAAATCAGTAGCGAAGTAGAG-1-0,TP53_EZH2_CALR_mut
GACTAAATCAGTTAGAAAGTAGAG-1-0,
GACTAAATCATCAAGAAAGTAGAG-1-0,
GACTAAATCCCGTTCCAAGTAGAG-1-0,
GACTAAATCCGCACCAAAGTAGAG-1-0,
GACTAAATCGACTTTGAAGTAGAG-1-0,
GACTAAATCGCGGATAAAGTAGAG-1-0,TP53_CALR_het
GACTAAATCGGCTAGAAAGTAGAG-1-0,
GACTAACAGACAACACAAGTAGAG-1-0,
GACTAACAGACTCCTAAAGTAGAG-1-0,TP53_EZH2_CALR_mut
GACTAACAGAGCAACTAAGTAGAG-1-0,
GACTAACAGCAAGACTAAGTAGAG-1-0,TP53_EZH2_CALR_mut
GACTAACAGCAAGTTAAAGTAGAG-1-0,
GACTAACAGGTGAGAAAAGTAGAG-1-0,
GACTAACAGGTTAGGTAAGTAGAG-1-0,TP53_EZH2_CALR_mut
GACTAACAGGTTTCGCAAGTAGAG-1-0,
GACTAAGGTACTTAGCAAGTAGAG-1-0,ZRSR2_CALR_mut
GACTAAGGTACTTATGAAGTAGAG-1-0,TP53_EZH2_CALR_mut
GACTAAGGTAGCTATCAAGTAGAG-1-0,TP53_CALR_het
GACTAAGGTATTGTCAAAGTAGAG-1-0,TP53_EZH2_CALR_mut
GACTAAGGTCCTTCGTAAGTAGAG-1-0,
GACTAAGGTGAAGCACAAGTAGAG-1-0,TP53_EZH2_CALR_mut
GACTAAGGTGGTTCTGAAGTAGAG-1-0,TP53_EZH2_CALR_mut
GACTAAGGTGTGAGTAAAGTAGAG-1-0,TP53_CALR_het
GACTAGTAGACCATTTAAGTAGAG-1-0,
GACTAGTAGATAATCGAAGTAGAG-1-0,ZRSR2_CALR_mut
GACTAGTAGCTTATCGAAGTAGAG-1-0,TP53_EZH2_CALR_mut
GACTAGTAGGGATTTAAAGTAGAG-1-0,
GACTAGTAGGTTCTTGAAGTAGAG-1-0,TP53_EZH2_CALR_mut
GACTAGTAGTCGTTCAAAGTAGAG-1-0,
GACTAGTAGTGTTTCGAAGTAGAG-1-0,
GACTAGTAGTTTCAGTAAGTAGAG-1-0,TP53_CALR_het
GACTCAACAAGGAATAAAGTAGAG-1-0,
GACTCAACAAGTTGCAAAGTAGAG-1-0,TP53_CALR_het
GACTCAACAATAAGCTAAGTAGAG-1-0,TP53_CALR_het
GACTCAACACCTCGACAAGTAGAG-1-0,ZRSR2_CALR_mut
GACTCAACAGCCATTTAAGTAGAG-1-0,
GACTCAACAGGGCTATAAGTAGAG-1-0,TP53_EZH2_CALR_mut
GACTCAACATAACCGAAAGTAGAG-1-0,ZRSR2_CALR_mut
GACTCAACATAAGCTGAAGTAGAG-1-0,
GACTCAACATGACCAAAAGTAGAG-1-0,
GACTCAACATGAGTCAAAGTAGAG-1-0,
GACTCAACATGCGGATAAGTAGAG-1-0,
GACTCAACATTGAAGTAAGTAGAG-1-0,TP53_CALR_het
GACTCAACATTGCCGCAAGTAGAG-1-0,
GACTGAGTCAACCTCAAAGTAGAG-1-0,TP53_EZH2_CALR_mut
GACTGAGTCCAGCTTAAAGTAGAG-1-0,TP53_EZH2_CALR_mut
GACTGAGTCCCAAATTAAGTAGAG-1-0,
GACTTAAAGAGGCGAGAAGTAGAG-1-0,TP53_CALR_het
GACTTAAAGATGGATCAAGTAGAG-1-0,TP53_CALR_het
GACTTAAAGCATCTTGAAGTAGAG-1-0,
GACTTAAAGGAACTTAAAGTAGAG-1-0,
GACTTAAAGGAAGGTAAAGTAGAG-1-0,TP53_CALR_het
GACTTAAAGGCGCAACAAGTAGAG-1-0,TP53_EZH2_CALR_mut
GACTTAAAGGTCGAGCAAGTAGAG-1-0,
GACTTAAAGGTTAGACAAGTAGAG-1-0,TP53_CALR_het
GACTTAAAGTAACTTCAAGTAGAG-1-0,TP53_EZH2_CALR_mut
GACTTAAAGTCATGAAAAGTAGAG-1-0,
GACTTAAAGTGTTTGTAAGTAGAG-1-0,
GACTTACGTATAGCGAAAGTAGAG-1-0,
GACTTACGTCAGGAACAAGTAGAG-1-0,
GACTTACGTCATCAGTAAGTAGAG-1-0,TP53_EZH2_CALR_mut
GACTTCGGTCAGTGCCAAGTAGAG-1-0,
GACTTCGGTCGCAACCAAGTAGAG-1-0,
GACTTCGGTCGGTTATAAGTAGAG-1-0,
GACTTCGGTGTTGCTGAAGTAGAG-1-0,TP53_EZH2_CALR_mut
GACTTCGGTTAACGTCAAGTAGAG-1-0,TP53_CALR_het
GACTTCGGTTCAAGCTAAGTAGAG-1-0,TP53_CALR_het
GACTTGCTCAAGCCAGAAGTAGAG-1-0,
GACTTGCTCAGCACAGAAGTAGAG-1-0,
GACTTGCTCATCAAGAAAGTAGAG-1-0,TP53_CALR_het
GACTTGCTCATCACATAAGTAGAG-1-0,TP53_CALR_het
GACTTGCTCGCTTCGGAAGTAGAG-1-0,
GACTTGCTCTAATGGAAAGTAGAG-1-0,TP53_CALR_het
GACTTGCTCTTGAAAGAAGTAGAG-1-0,
GACTTGCTCTTGATCGAAGTAGAG-1-0,
GACTTTGTCATCAAGAAAGTAGAG-1-0,TP53_EZH2_CALR_mut
GACTTTGTCATCCAGCAAGTAGAG-1-0,TP53_CALR_het
GACTTTGTCCGCACCAAAGTAGAG-1-0,TP53_CALR_het
GACTTTGTCCTAAAGAAAGTAGAG-1-0,
GACTTTGTCCTTTGTCAAGTAGAG-1-0,
GACTTTGTCGAGAGAAAAGTAGAG-1-0,TP53_CALR_het
GACTTTGTCGGGCAGTAAGTAGAG-1-0,TP53_CALR_het
GAGACCCAGACAAAGGAAGTAGAG-1-0,
GAGACCCAGGAACCGCAAGTAGAG-1-0,
GAGACCCAGGAAGCCCAAGTAGAG-1-0,TP53_CALR_het
GAGACCCAGGCTTATTAAGTAGAG-1-0,TP53_EZH2_CALR_mut
GAGACCCAGGCTTTATAAGTAGAG-1-0,
GAGACCCAGGTAAGTCAAGTAGAG-1-0,TP53_EZH2_CALR_mut
GAGACCCAGTCACACCAAGTAGAG-1-0,
GAGACCCAGTGAGTTAAAGTAGAG-1-0,
GAGACCCAGTGTTTCGAAGTAGAG-1-0,
GAGATACTCAATGGGTAAGTAGAG-1-0,TP53_EZH2_CALR_mut
GAGATACTCATAATGGAAGTAGAG-1-0,
GAGATACTCATGAGGTAAGTAGAG-1-0,
GAGATACTCCAAATTCAAGTAGAG-1-0,
GAGCAAGCAACAGCTAAAGTAGAG-1-0,
GAGCAAGCAACGACTAAAGTAGAG-1-0,
GAGCAAGCAAGTCGCGAAGTAGAG-1-0,
GAGCAAGCAGGTCAACAAGTAGAG-1-0,TP53_CALR_het
GAGCAAGCATCAAGTGAAGTAGAG-1-0,
GAGCAAGCATTACTCAAAGTAGAG-1-0,
GAGCAAGCATTTGGAGAAGTAGAG-1-0,
GAGCAAGCATTTGGGAAAGTAGAG-1-0,TP53_EZH2_CALR_mut
GAGCATGTCAACCGGAAAGTAGAG-1-0,
GAGCATGTCACAGATAAAGTAGAG-1-0,TP53_CALR_het
GAGCATGTCGCCTATAAAGTAGAG-1-0,
GAGCATGTCGTTGCACAAGTAGAG-1-0,
GAGCATGTCTAGCCTAAAGTAGAG-1-0,
GAGCATGTCTTTGGATAAGTAGAG-1-0,TP53_EZH2_CALR_mut
GAGCCATCAAGGCTTAAAGTAGAG-1-0,TP53_CALR_het
GAGCCATCAATTCGGAAAGTAGAG-1-0,
GAGCCATCACCAACAAAAGTAGAG-1-0,TP53_CALR_het
GAGCCATCACCTTCTCAAGTAGAG-1-0,TP53_CALR_het
GAGCCATCAGCTAAGCAAGTAGAG-1-0,
GAGCCATCATTGGGTAAAGTAGAG-1-0,TP53_CALR_het
GAGCCTGCAAACTTCCAAGTAGAG-1-0,TP53_CALR_het
GAGCCTGCAAGCCTAAAAGTAGAG-1-0,TP53_CALR_het
GAGCCTGCAAGGCTTAAAGTAGAG-1-0,
GAGCCTGCAAGTTAACAAGTAGAG-1-0,TP53_CALR_het
GAGCCTGCACATAAACAAGTAGAG-1-0,
GAGCCTGCACCACATTAAGTAGAG-1-0,
GAGCCTGCACGGATACAAGTAGAG-1-0,TP53_CALR_het
GAGCCTGCACGTAATGAAGTAGAG-1-0,
GAGCCTGCATAATGACAAGTAGAG-1-0,
GAGCCTGCATAGTCAGAAGTAGAG-1-0,TP53_CALR_het
GAGCCTGCATGACCAAAAGTAGAG-1-0,TP53_CALR_het
GAGCCTGCATGGCTAAAAGTAGAG-1-0,TP53_EZH2_CALR_mut
GAGCCTGCATTGTGAGAAGTAGAG-1-0,TP53_EZH2_CALR_mut
GAGCCTTTCAACTTGTAAGTAGAG-1-0,
GAGCCTTTCCTCAATGAAGTAGAG-1-0,TP53_EZH2_CALR_mut
GAGCCTTTCGCCTGCAAAGTAGAG-1-0,TP53_CALR_het
GAGCCTTTCTCAAGAAAAGTAGAG-1-0,TP53_CALR_het
GAGCTAGTCAGGAGCCAAGTAGAG-1-0,TP53_CALR_het
GAGCTAGTCATCCAGCAAGTAGAG-1-0,TP53_CALR_het
GAGCTAGTCCTCTAAGAAGTAGAG-1-0,ZRSR2_CALR_mut
GAGCTAGTCCTTTGGAAAGTAGAG-1-0,
GAGCTAGTCGAGCTAGAAGTAGAG-1-0,TP53_CALR_het
GAGCTAGTCTAATTGCAAGTAGAG-1-0,
GAGCTATAGGCTACTCAAGTAGAG-1-0,TP53_EZH2_CALR_mut
GAGCTATAGTCATGAAAAGTAGAG-1-0,TP53_CALR_het
GAGCTATAGTCATTCGAAGTAGAG-1-0,
GAGCTATAGTCCTCAAAAGTAGAG-1-0,TP53_CALR_het
GAGCTATAGTCGCGAAAAGTAGAG-1-0,ZRSR2_CALR_mut
GAGCTGGGTACTAACCAAGTAGAG-1-0,
GAGCTGGGTACTTACAAAGTAGAG-1-0,TP53_EZH2_CALR_mut
GAGCTGGGTCCACAATAAGTAGAG-1-0,
GAGCTGGGTCGTAAAGAAGTAGAG-1-0,TP53_CALR_het
GAGCTGGGTCTACCAGAAGTAGAG-1-0,ZRSR2_CALR_mut
GAGCTGGGTCTATCTTAAGTAGAG-1-0,TP53_EZH2_CALR_mut
GAGCTGGGTTGCACGCAAGTAGAG-1-0,TP53_CALR_het
GAGCTTGAGCGAATCGAAGTAGAG-1-0,TP53_CALR_het
GAGCTTGAGCTTGAGGAAGTAGAG-1-0,ZRSR2_CALR_mut
GAGCTTGAGGTTATGAAAGTAGAG-1-0,
GAGCTTGAGTTGACCCAAGTAGAG-1-0,
GAGCTTTGTAATGCCTAAGTAGAG-1-0,TP53_CALR_het
GAGCTTTGTCTTTATCAAGTAGAG-1-0,TP53_EZH2_CALR_mut
GAGCTTTGTTGGTTACAAGTAGAG-1-0,
GAGCTTTGTTTAGTTGAAGTAGAG-1-0,TP53_CALR_het
GAGGAGTAGTGATGGTAAGTAGAG-1-0,TP53_EZH2_CALR_mut
GAGGAGTAGTGTTTCGAAGTAGAG-1-0,
GAGGAGTAGTTACACTAAGTAGAG-1-0,
GAGGATGCAACTAAACAAGTAGAG-1-0,TP53_EZH2_CALR_mut
GAGGATGCACCTAACTAAGTAGAG-1-0,TP53_CALR_het
GAGGATGCACTAACTCAAGTAGAG-1-0,
GAGGATGCAGCTAAGCAAGTAGAG-1-0,
GAGGATGCATATAGGTAAGTAGAG-1-0,TP53_EZH2_CALR_mut
GAGGATGCATCCGCTAAAGTAGAG-1-0,ZRSR2_CALR_mut
GAGGATGCATTTCATGAAGTAGAG-1-0,
GAGGCAACAACCTTGTAAGTAGAG-1-0,TP53_EZH2_CALR_mut
GAGGCAACAACGACTAAAGTAGAG-1-0,TP53_CALR_het
GAGGCAACAACTTCGTAAGTAGAG-1-0,TP53_EZH2_CALR_mut
GAGGCAACAGAATGAAAAGTAGAG-1-0,ZRSR2_CALR_mut
GAGGCAACATCATAGGAAGTAGAG-1-0,TP53_EZH2_CALR_het
GAGGGAGTCACAGCCTAAGTAGAG-1-0,
GAGGGAGTCACTATGTAAGTAGAG-1-0,TP53_CALR_het
GAGGGAGTCAGGAGCCAAGTAGAG-1-0,ZRSR2_CALR_mut
GAGGGAGTCATTGTACAAGTAGAG-1-0,
GAGGGAGTCATTTGCGAAGTAGAG-1-0,ZRSR2_CALR_mut
GAGGGAGTCGCGTTACAAGTAGAG-1-0,TP53_EZH2_CALR_mut
GAGGGAGTCGTGATGGAAGTAGAG-1-0,
GAGGTCCAGAGGATAGAAGTAGAG-1-0,TP53_CALR_het
GAGGTCCAGCTAAATGAAGTAGAG-1-0,TP53_EZH2_CALR_mut
GAGGTCCAGCTAAGTAAAGTAGAG-1-0,TP53_EZH2_CALR_mut
GAGGTCCAGGCAGGCTAAGTAGAG-1-0,TP53_EZH2_CALR_mut
GAGGTCCAGGTTAGGTAAGTAGAG-1-0,
GAGGTCCAGTGCTGAGAAGTAGAG-1-0,
GAGGTTTAGAGCAACTAAGTAGAG-1-0,TP53_CALR_het
GAGGTTTAGCAGGTCAAAGTAGAG-1-0,
GAGGTTTAGCCCTGATAAGTAGAG-1-0,TP53_CALR_het
GAGGTTTAGCGCTAGAAAGTAGAG-1-0,TP53_EZH2_CALR_mut
GAGGTTTAGGCTGTGAAAGTAGAG-1-0,TP53_CALR_het
GAGGTTTAGTAAACCAAAGTAGAG-1-0,
GAGTAACTCAATTGGAAAGTAGAG-1-0,TP53_EZH2_CALR_mut
GAGTAACTCACCCTCCAAGTAGAG-1-0,TP53_CALR_het
GAGTAACTCACCTAATAAGTAGAG-1-0,TP53_CALR_het
GAGTAACTCCAAACAAAAGTAGAG-1-0,TP53_EZH2_CALR_mut
GAGTAACTCCAGCTTAAAGTAGAG-1-0,TP53_CALR_het
GAGTAACTCCATTAGTAAGTAGAG-1-0,
GAGTAACTCCGCAATCAAGTAGAG-1-0,
GAGTAACTCCTTTAGGAAGTAGAG-1-0,TP53_CALR_het
GAGTAACTCGCTCAACAAGTAGAG-1-0,
GAGTAACTCGTTCGTAAAGTAGAG-1-0,TP53_EZH2_CALR_mut
GAGTAATGTATTCAGCAAGTAGAG-1-0,
GAGTAATGTCACAGGGAAGTAGAG-1-0,
GAGTAATGTGTCCAATAAGTAGAG-1-0,
GAGTAATGTTAGCTCGAAGTAGAG-1-0,TP53_CALR_het
GAGTAATGTTTATGGCAAGTAGAG-1-0,
GAGTATGGTAAGGTTGAAGTAGAG-1-0,ZRSR2_CALR_mut
GAGTATGGTACGCACCAAGTAGAG-1-0,
GAGTATGGTACGTTCGAAGTAGAG-1-0,
GAGTATGGTACTTACAAAGTAGAG-1-0,TP53_CALR_het
GAGTATGGTACTTATGAAGTAGAG-1-0,
GAGTATGGTCAATACCAAGTAGAG-1-0,TP53_EZH2_CALR_mut
GAGTATGGTGCCCGATAAGTAGAG-1-0,
GAGTATGGTTCAAGCTAAGTAGAG-1-0,
GAGTATGGTTCATTAGAAGTAGAG-1-0,
GAGTGACGTAACTACCAAGTAGAG-1-0,TP53_CALR_het
GAGTGACGTAAGCGTAAAGTAGAG-1-0,
GAGTGACGTATAGTGGAAGTAGAG-1-0,TP53_EZH2_CALR_mut
GAGTGACGTGCGATAAAAGTAGAG-1-0,ZRSR2_CALR_mut
GAGTGACGTTAAGGCAAAGTAGAG-1-0,
GAGTGACGTTACCGTGAAGTAGAG-1-0,TP53_CALR_het
GAGTGACGTTGCGGCTAAGTAGAG-1-0,TP53_EZH2_CALR_mut
GAGTGCGGTCGTAATCAAGTAGAG-1-0,ZRSR2_CALR_mut
GAGTGCGGTGGTTAAGAAGTAGAG-1-0,TP53_CALR_het
GAGTGCGGTTGGCCACAAGTAGAG-1-0,
GAGTGCGGTTTAACCAAAGTAGAG-1-0,
GAGTTACAGAAGTAGGAAGTAGAG-1-0,TP53_EZH2_CALR_mut
GAGTTACAGACTAATGAAGTAGAG-1-0,
GAGTTACAGACTCCTAAAGTAGAG-1-0,TP53_CALR_het
GAGTTACAGCCGCTATAAGTAGAG-1-0,
GAGTTACAGGGCGGTTAAGTAGAG-1-0,
GAGTTACAGGTCAAGTAAGTAGAG-1-0,
GAGTTACAGTCTATGTAAGTAGAG-1-0,TP53_EZH2_CALR_mut
GAGTTACAGTTGACCCAAGTAGAG-1-0,
GATAAAGCAAACCTGAAAGTAGAG-1-0,
GATAAAGCAAATCACGAAGTAGAG-1-0,
GATAAAGCAACTATCCAAGTAGAG-1-0,TP53_CALR_het
GATAAAGCACATAAGTAAGTAGAG-1-0,ZRSR2_CALR_mut
GATAAAGCACCGTTTGAAGTAGAG-1-0,TP53_EZH2_CALR_mut
GATAAAGCACGAACGTAAGTAGAG-1-0,
GATAAAGCAGATAACTAAGTAGAG-1-0,
GATAGGTTCAACCGGAAAGTAGAG-1-0,TP53_CALR_het
GATAGGTTCACGGACAAAGTAGAG-1-0,
GATAGGTTCAGGTTAAAAGTAGAG-1-0,ZRSR2_CALR_mut
GATAGGTTCCAACTATAAGTAGAG-1-0,
GATAGGTTCCAATAGAAAGTAGAG-1-0,
GATAGGTTCCATCCGGAAGTAGAG-1-0,
GATAGGTTCCGCCACAAAGTAGAG-1-0,TP53_CALR_het
GATAGGTTCCTGATCAAAGTAGAG-1-0,
GATAGGTTCCTTGTTCAAGTAGAG-1-0,TP53_EZH2_CALR_mut
GATAGGTTCCTTTCTAAAGTAGAG-1-0,TP53_EZH2_CALR_mut
GATAGGTTCGATTAAGAAGTAGAG-1-0,
GATAGGTTCGCGCATTAAGTAGAG-1-0,
GATAGGTTCGGTAACGAAGTAGAG-1-0,TP53_EZH2_CALR_mut
GATAGGTTCGGTTCCGAAGTAGAG-1-0,TP53_CALR_het
GATAGGTTCGTCAACCAAGTAGAG-1-0,
GATAGGTTCGTCCATAAAGTAGAG-1-0,
GATAGGTTCGTTAACTAAGTAGAG-1-0,ZRSR2_CALR_mut
GATAGGTTCTAAGTAGAAGTAGAG-1-0,TP53_CALR_het
GATATGATCAAACTTCAAGTAGAG-1-0,TP53_CALR_het
GATATGATCACAGCCTAAGTAGAG-1-0,TP53_CALR_het
GATATGATCATAACCTAAGTAGAG-1-0,ZRSR2_CALR_mut
GATATGATCATGGTCCAAGTAGAG-1-0,
GATATGATCCAACATTAAGTAGAG-1-0,
GATATGATCCAGCTTAAAGTAGAG-1-0,
GATATGATCCCTCATTAAGTAGAG-1-0,
GATATGATCGGTAATAAAGTAGAG-1-0,TP53_CALR_het
GATATGATCGTTAGGGAAGTAGAG-1-0,
GATATGATCTAGCGGAAAGTAGAG-1-0,
GATATGATCTTGATCGAAGTAGAG-1-0,ZRSR2_CALR_mut
GATCAAATCAAAGGGAAAGTAGAG-1-0,TP53_EZH2_CALR_mut
GATCAAATCCACAACCAAGTAGAG-1-0,TP53_EZH2_CALR_mut
GATCAAATCCATGATTAAGTAGAG-1-0,TP53_EZH2_CALR_mut
GATCAAATCCATTAACAAGTAGAG-1-0,
GATCAAATCGGCTAGAAAGTAGAG-1-0,TP53_CALR_het
GATCAATCAATGGGAGAAGTAGAG-1-0,TP53_EZH2_CALR_mut
GATCAATCACGCAATAAAGTAGAG-1-0,TP53_CALR_het
GATCAATCACGGTTCCAAGTAGAG-1-0,
GATCAATCAGAGGCTTAAGTAGAG-1-0,
GATCAATCATGACCAAAAGTAGAG-1-0,
GATCACACAAACGGGAAAGTAGAG-1-0,TP53_EZH2_CALR_mut
GATCACACAAAGGGATAAGTAGAG-1-0,ZRSR2_CALR_mut
GATCACACAACAGCTAAAGTAGAG-1-0,TP53_EZH2_CALR_mut
GATCACACAGCTAGCGAAGTAGAG-1-0,
GATCACACATCCGTCAAAGTAGAG-1-0,
GATCACACATTTGTTGAAGTAGAG-1-0,TP53_CALR_het
GATCATAAGAAGTACCAAGTAGAG-1-0,
GATCATAAGACGCATGAAGTAGAG-1-0,ZRSR2_CALR_mut
GATCATAAGGAAGCAAAAGTAGAG-1-0,TP53_CALR_het
GATCATAAGGCCAACAAAGTAGAG-1-0,
GATCATAAGGCCATTCAAGTAGAG-1-0,
GATCATAAGTAGCGCAAAGTAGAG-1-0,TP53_CALR_het
GATCATAAGTCTACCAAAGTAGAG-1-0,
GATCATAAGTGTCCACAAGTAGAG-1-0,
GATCATAAGTTTCACGAAGTAGAG-1-0,TP53_CALR_het
GATCATGCAAGGCTTAAAGTAGAG-1-0,
GATCATGCACACTAAGAAGTAGAG-1-0,
GATCATGCATAACCAGAAGTAGAG-1-0,
GATCATGCATAGGGTCAAGTAGAG-1-0,
GATCATGCATGACCAAAAGTAGAG-1-0,TP53_CALR_het
GATCATGCATGGCCGAAAGTAGAG-1-0,
GATCGATAGACAAGCTAAGTAGAG-1-0,
GATCGATAGAGGCGAGAAGTAGAG-1-0,
GATCGATAGCAAAGCTAAGTAGAG-1-0,TP53_CALR_het
GATCGATAGCATGTGGAAGTAGAG-1-0,TP53_CALR_het
GATCGATAGCGGGACTAAGTAGAG-1-0,
GATCGATAGGCGCAACAAGTAGAG-1-0,
GATCGATAGTACCAGGAAGTAGAG-1-0,
GATCGATAGTATGGGTAAGTAGAG-1-0,
GATCGATAGTTACATCAAGTAGAG-1-0,TP53_CALR_het
GATCTTAGTACGTCCAAAGTAGAG-1-0,
GATCTTAGTGGTTCGCAAGTAGAG-1-0,TP53_EZH2_CALR_mut
GATCTTAGTTACTTCTAAGTAGAG-1-0,
GATGACAGTAATAGGTAAGTAGAG-1-0,
GATGACAGTAGCGCGAAAGTAGAG-1-0,
GATGACAGTATGGGACAAGTAGAG-1-0,TP53_CALR_het
GATGACAGTCGTAAAGAAGTAGAG-1-0,
GATGACAGTGTAATGGAAGTAGAG-1-0,
GATGACAGTGTCCAATAAGTAGAG-1-0,TP53_EZH2_CALR_mut
GATGACAGTGTGTTACAAGTAGAG-1-0,TP53_CALR_het
GATGACAGTGTTAGTCAAGTAGAG-1-0,
GATGACAGTTCCTTCAAAGTAGAG-1-0,
GATGACAGTTGTGAGAAAGTAGAG-1-0,TP53_EZH2_CALR_mut
GATGACAGTTTGTTTCAAGTAGAG-1-0,ZRSR2_CALR_mut
GATGCAAGTGAACGGTAAGTAGAG-1-0,
GATGCAAGTTTGGGCCAAGTAGAG-1-0,TP53_EZH2_CALR_mut
GATGCACCACTTTATGAAGTAGAG-1-0,TP53_EZH2_CALR_mut
GATGCACCAGCTAAGCAAGTAGAG-1-0,
GATGCACCAGGCTATAAAGTAGAG-1-0,
GATGCACCAGGTTTCTAAGTAGAG-1-0,TP53_CALR_het
GATGCACCAGTTAAACAAGTAGAG-1-0,
GATGCCCGTAACCCATAAGTAGAG-1-0,TP53_EZH2_CALR_mut
GATGCCCGTAGTTGTCAAGTAGAG-1-0,
GATGCCCGTATATTCGAAGTAGAG-1-0,TP53_EZH2_CALR_mut
GATGCCCGTCCAGCTAAAGTAGAG-1-0,TP53_CALR_het
GATGCCCGTCTATCTTAAGTAGAG-1-0,
GATGCCCGTGCGGAATAAGTAGAG-1-0,
GATGCCCGTTAACGGAAAGTAGAG-1-0,
GATGGACGTATTTCGAAAGTAGAG-1-0,
GATGGACGTCCTGCAAAAGTAGAG-1-0,TP53_CALR_het
GATGGACGTGGTTACTAAGTAGAG-1-0,TP53_EZH2_CALR_mut
GATGGACGTTACTTCTAAGTAGAG-1-0,ZRSR2_CALR_mut
GATGGACGTTCTGGCAAAGTAGAG-1-0,TP53_CALR_het
GATGGAGCATAGCGCGAAGTAGAG-1-0,TP53_EZH2_CALR_mut
GATGGAGCATATAGGTAAGTAGAG-1-0,TP53_EZH2_CALR_mut
GATGGCCAGACCTTGCAAGTAGAG-1-0,
GATGGCCAGCAAACTAAAGTAGAG-1-0,ZRSR2_CALR_mut
GATGGCCAGCGTGCTTAAGTAGAG-1-0,TP53_EZH2_CALR_mut
GATGGCCAGGATCCCTAAGTAGAG-1-0,ZRSR2_CALR_mut
GATGGCCAGGTGAGGGAAGTAGAG-1-0,TP53_EZH2_CALR_mut
GATGGCCAGTCGCGAAAAGTAGAG-1-0,
GATGGCCAGTTTCGGCAAGTAGAG-1-0,ZRSR2_CALR_mut
GATGGCTCAAGCTATGAAGTAGAG-1-0,
GATGGCTCACCAACAAAAGTAGAG-1-0,TP53_CALR_het
GATGGCTCATTCTGTAAAGTAGAG-1-0,
GATGGCTCATTGTGTCAAGTAGAG-1-0,
GATGGTAGTAATGTCCAAGTAGAG-1-0,
GATGGTAGTCAGGATAAAGTAGAG-1-0,
GATGGTAGTCGTTCGAAAGTAGAG-1-0,TP53_CALR_het
GATGGTAGTGAACGACAAGTAGAG-1-0,
GATGGTAGTGGTTAAGAAGTAGAG-1-0,TP53_CALR_het
GATGGTAGTGTGAGTAAAGTAGAG-1-0,TP53_CALR_het
GATGGTAGTGTTAGCTAAGTAGAG-1-0,TP53_CALR_het
GATGGTAGTTACCGTGAAGTAGAG-1-0,
GATGGTAGTTAGGCGGAAGTAGAG-1-0,
GATGGTAGTTCACCAGAAGTAGAG-1-0,
GATGGTAGTTGTTGGTAAGTAGAG-1-0,
GATTAACCAAGCTCAAAAGTAGAG-1-0,
GATTAACCAGCTAAGCAAGTAGAG-1-0,ZRSR2_CALR_mut
GATTAACCATCCGGAGAAGTAGAG-1-0,TP53_CALR_het
GATTAACCATCCTTGGAAGTAGAG-1-0,
GATTACCGTAAAGGCCAAGTAGAG-1-0,
GATTACCGTACGAATGAAGTAGAG-1-0,
GATTACCGTCCAGCTAAAGTAGAG-1-0,
GATTACCGTTGCGGGAAAGTAGAG-1-0,
GATTACCGTTTCCAAAAAGTAGAG-1-0,
GATTAGTCAACTATCCAAGTAGAG-1-0,
GATTAGTCACTCAAAGAAGTAGAG-1-0,TP53_CALR_het
GATTAGTCAGAATGAAAAGTAGAG-1-0,TP53_EZH2_CALR_mut
GATTAGTCAGGTAGCTAAGTAGAG-1-0,
GATTAGTCATTGGGTAAAGTAGAG-1-0,
GATTATCTCAACCTATAAGTAGAG-1-0,TP53_EZH2_CALR_mut
GATTATCTCAAGCTCCAAGTAGAG-1-0,TP53_CALR_het
GATTATCTCGGTACAGAAGTAGAG-1-0,
GATTATCTCTAGCGGAAAGTAGAG-1-0,TP53_EZH2_CALR_mut
GATTATCTCTGCAACCAAGTAGAG-1-0,
GATTATCTCTTAAGGAAAGTAGAG-1-0,
GATTCAGCAACAGATTAAGTAGAG-1-0,TP53_CALR_het
GATTCAGCACCTTTGGAAGTAGAG-1-0,TP53_EZH2_CALR_mut
GATTCAGCACGGTCGAAAGTAGAG-1-0,
GATTCAGCAGATTGCAAAGTAGAG-1-0,TP53_EZH2_CALR_mut
GATTCAGCAGCGGATTAAGTAGAG-1-0,TP53_EZH2_CALR_mut
GATTCAGCAGCTAGACAAGTAGAG-1-0,
GATTCAGCAGGGATGAAAGTAGAG-1-0,TP53_CALR_het
GATTCAGCAGGTAGCTAAGTAGAG-1-0,TP53_EZH2_CALR_mut
GATTCCCAGCACGTTCAAGTAGAG-1-0,TP53_EZH2_CALR_mut
GATTCCCAGGGTGGGAAAGTAGAG-1-0,TP53_EZH2_CALR_mut
GATTCCCAGGTATTTCAAGTAGAG-1-0,
GATTCCCAGTAATTGGAAGTAGAG-1-0,TP53_CALR_het
GATTCCCAGTGATTTCAAGTAGAG-1-0,TP53_EZH2_CALR_mut
GATTCCCAGTTACAGAAAGTAGAG-1-0,
GATTCGCTCAAGGGCCAAGTAGAG-1-0,TP53_EZH2_CALR_mut
GATTCGCTCAAGGTACAAGTAGAG-1-0,
GATTCGCTCACCTGTAAAGTAGAG-1-0,TP53_CALR_het
GATTCGCTCGAGGCACAAGTAGAG-1-0,TP53_EZH2_CALR_mut
GATTCGCTCGCCTATAAAGTAGAG-1-0,TP53_CALR_het
GATTGACAGCAAGTTAAAGTAGAG-1-0,
GATTGACAGGACTTAAAAGTAGAG-1-0,TP53_CALR_het
GATTGACAGGATTAGCAAGTAGAG-1-0,
GATTGACAGGCACAATAAGTAGAG-1-0,
GATTGACAGGCCTTCGAAGTAGAG-1-0,TP53_CALR_het
GATTGACAGGCGAGTCAAGTAGAG-1-0,TP53_CALR_het
GATTGACAGGCTGTGAAAGTAGAG-1-0,
GATTGACAGGTCAATAAAGTAGAG-1-0,
GATTGACAGGTTCATTAAGTAGAG-1-0,TP53_CALR_het
GATTGACAGTCCTCAAAAGTAGAG-1-0,
GATTGACAGTTATCCGAAGTAGAG-1-0,
GATTGATCAAACAATCAAGTAGAG-1-0,
GATTGATCAACAGGGAAAGTAGAG-1-0,
GATTGATCAAGCTAATAAGTAGAG-1-0,TP53_CALR_het
GATTGATCACTAAGCAAAGTAGAG-1-0,
GATTGATCAGCCCTTAAAGTAGAG-1-0,
GATTGATCAGCCTTCAAAGTAGAG-1-0,
GATTGATCAGGGATGAAAGTAGAG-1-0,
GATTGATCATTTGTTGAAGTAGAG-1-0,
GATTGCACAAACGGGAAAGTAGAG-1-0,
GATTGCACACATGAATAAGTAGAG-1-0,TP53_EZH2_CALR_mut
GATTGCACACCACAAAAAGTAGAG-1-0,TP53_CALR_het
GATTGCACACCGGTAGAAGTAGAG-1-0,TP53_EZH2_CALR_mut
GATTGCACATAGCCGGAAGTAGAG-1-0,
GATTGCACATCAAGCAAAGTAGAG-1-0,
GATTGCACATCAGGTAAAGTAGAG-1-0,TP53_EZH2_CALR_mut
GATTGCACATTTCTTCAAGTAGAG-1-0,TP53_CALR_het
GATTGCTGTAATCCGTAAGTAGAG-1-0,ZRSR2_CALR_mut
GATTGCTGTTCATTAGAAGTAGAG-1-0,TP53_CALR_het
GATTGCTGTTGTGAGAAAGTAGAG-1-0,TP53_EZH2_CALR_mut
GATTGGCCAACAGCACAAGTAGAG-1-0,
GATTGGCCACAATCGAAAGTAGAG-1-0,TP53_CALR_het
GATTGGCCACGGTCGAAAGTAGAG-1-0,TP53_CALR_het
GATTGGCCAGCCCTTAAAGTAGAG-1-0,TP53_CALR_het
GATTGGCCAGCGGATTAAGTAGAG-1-0,
GATTGGCCATAATGACAAGTAGAG-1-0,
GATTGGCCATGCGCAGAAGTAGAG-1-0,
GATTGTGCAAGCCACGAAGTAGAG-1-0,ZRSR2_CALR_mut
GATTGTGCACCACACCAAGTAGAG-1-0,
GATTGTGCAGAAACTTAAGTAGAG-1-0,TP53_CALR_het
GATTGTGCAGCCTATTAAGTAGAG-1-0,
GATTGTGCATCATGCTAAGTAGAG-1-0,
GATTGTGCATCCGTCAAAGTAGAG-1-0,
GATTGTGCATGGCGCAAAGTAGAG-1-0,
GATTTGAAGCAGCTAGAAGTAGAG-1-0,TP53_CALR_het
GATTTGAAGCCTGCCAAAGTAGAG-1-0,
GATTTGAAGCTGGACAAAGTAGAG-1-0,TP53_CALR_het
GATTTGAAGGCGAGTCAAGTAGAG-1-0,
GATTTGAAGGTAAGTCAAGTAGAG-1-0,
GATTTGAAGTCAAACAAAGTAGAG-1-0,
GATTTGAAGTGATTAGAAGTAGAG-1-0,
GCAAACCCAAAGGGATAAGTAGAG-1-0,ZRSR2_CALR_mut
GCAAACCCAAATACCGAAGTAGAG-1-0,
GCAAACCCACGGGCTAAAGTAGAG-1-0,
GCAAACCCAGCTGCTCAAGTAGAG-1-0,TP53_CALR_het
GCAAACCCATGCTCCAAAGTAGAG-1-0,TP53_CALR_het
GCAAACCCATGTTTCAAAGTAGAG-1-0,ZRSR2_CALR_mut
GCAAACTAGATTCGTTAAGTAGAG-1-0,TP53_EZH2_CALR_mut
GCAAACTAGCGAAGAAAAGTAGAG-1-0,
GCAAACTAGCGCTACTAAGTAGAG-1-0,
GCAAACTAGCTTCCTTAAGTAGAG-1-0,
GCAAACTAGGGCGGTTAAGTAGAG-1-0,TP53_CALR_het
GCAAACTAGTCACTATAAGTAGAG-1-0,TP53_EZH2_CALR_mut
GCAAACTAGTCGTTCAAAGTAGAG-1-0,
GCAAATATCGAAACTAAAGTAGAG-1-0,
GCAAATATCGTCCATAAAGTAGAG-1-0,
GCAAATATCTTTGGATAAGTAGAG-1-0,
GCAAATGGTGTCCTTCAAGTAGAG-1-0,
GCAAATGGTGTTTGCGAAGTAGAG-1-0,TP53_CALR_het
GCAAATGGTTAGTGAGAAGTAGAG-1-0,TP53_CALR_het
GCAAATTCAAAGCTCAAAGTAGAG-1-0,TP53_EZH2_CALR_mut
GCAAATTCAATTCGGAAAGTAGAG-1-0,
GCAAATTCACGCCACTAAGTAGAG-1-0,TP53_EZH2_CALR_mut
GCAAATTCAGGATCCGAAGTAGAG-1-0,
GCAAATTCATGGGTTAAAGTAGAG-1-0,
GCAAATTCATTAGCGAAAGTAGAG-1-0,
GCAAATTCATTGTACCAAGTAGAG-1-0,TP53_EZH2_CALR_mut
GCAAATTCATTTCGACAAGTAGAG-1-0,TP53_CALR_het
GCAACGGGTAACCTTAAAGTAGAG-1-0,
GCAACGGGTAGCCAAAAAGTAGAG-1-0,
GCAACGGGTATGTTTGAAGTAGAG-1-0,ZRSR2_CALR_mut
GCAACGGGTATTCGACAAGTAGAG-1-0,TP53_CALR_het
GCAACGGGTCATTTAGAAGTAGAG-1-0,TP53_CALR_het
GCAACGGGTCTAACCGAAGTAGAG-1-0,
GCAACGGGTGAACGTAAAGTAGAG-1-0,TP53_EZH2_CALR_mut
GCAACGGGTGGCGTAGAAGTAGAG-1-0,
GCAACGGGTGGGTGTGAAGTAGAG-1-0,TP53_CALR_het
GCAACGGGTGTGATGAAAGTAGAG-1-0,TP53_CALR_het
GCAACGGGTGTTAGCTAAGTAGAG-1-0,TP53_EZH2_CALR_mut
GCAACGGGTTAACGTCAAGTAGAG-1-0,
GCAACGGGTTCATTGAAAGTAGAG-1-0,
GCAACGGGTTTGCATAAAGTAGAG-1-0,ZRSR2_CALR_mut
GCAACTTGTATGGTAGAAGTAGAG-1-0,TP53_EZH2_CALR_mut
GCAACTTGTGTCCTTCAAGTAGAG-1-0,
GCAACTTGTGTGACCCAAGTAGAG-1-0,
GCAACTTGTTAGTTTGAAGTAGAG-1-0,
GCAACTTGTTCATTGAAAGTAGAG-1-0,
GCAACTTGTTGGTTTAAAGTAGAG-1-0,TP53_EZH2_CALR_mut
GCAACTTGTTGTCAGTAAGTAGAG-1-0,
GCAACTTGTTGTCATAAAGTAGAG-1-0,
GCAACTTGTTTCTAAGAAGTAGAG-1-0,
GCAAGAAAGCTATCGCAAGTAGAG-1-0,TP53_EZH2_CALR_mut
GCAAGAAAGGACTTGGAAGTAGAG-1-0,
GCAAGAAAGGATGTTAAAGTAGAG-1-0,TP53_CALR_het
GCAAGAAAGGGTTACGAAGTAGAG-1-0,TP53_CALR_het
GCAAGAAAGGTTGTGGAAGTAGAG-1-0,TP53_EZH2_CALR_mut
GCAAGAAAGGTTTCCAAAGTAGAG-1-0,TP53_CALR_het
GCAAGAAAGTTTGAGAAAGTAGAG-1-0,
GCAAGCCAGAAGTACCAAGTAGAG-1-0,TP53_CALR_het
GCAAGCCAGAGGATGAAAGTAGAG-1-0,TP53_CALR_het
GCAAGCCAGCTCAAGGAAGTAGAG-1-0,TP53_EZH2_CALR_mut
GCAAGCCAGGACAAAGAAGTAGAG-1-0,
GCAAGCCAGGATCCAGAAGTAGAG-1-0,
GCAAGCCAGGTTCCGTAAGTAGAG-1-0,TP53_CALR_het
GCAAGGCTCACATTACAAGTAGAG-1-0,
GCAAGGCTCCAAACGGAAGTAGAG-1-0,
GCAAGGCTCCCAAATTAAGTAGAG-1-0,TP53_EZH2_CALR_mut
GCAAGGCTCGCGGATAAAGTAGAG-1-0,TP53_CALR_het
GCAAGGCTCGTAACTTAAGTAGAG-1-0,TP53_CALR_het
GCAAGGCTCTAACTACAAGTAGAG-1-0,
GCAAGGCTCTACTACGAAGTAGAG-1-0,TP53_CALR_het
GCAAGGTGTAATGCGAAAGTAGAG-1-0,TP53_EZH2_CALR_mut
GCAAGGTGTAGCGGATAAGTAGAG-1-0,
GCAAGGTGTAGGTTTCAAGTAGAG-1-0,
GCAAGGTGTATTCAGCAAGTAGAG-1-0,TP53_EZH2_CALR_mut
GCAAGGTGTCACACCAAAGTAGAG-1-0,
GCAAGGTGTCATCCTCAAGTAGAG-1-0,TP53_EZH2_CALR_mut
GCAAGGTGTCATTATGAAGTAGAG-1-0,ZRSR2_CALR_mut
GCAAGGTGTCCTTAGGAAGTAGAG-1-0,
GCAAGGTGTGGTGAGTAAGTAGAG-1-0,TP53_CALR_het
GCAAGGTGTTTCCAAAAAGTAGAG-1-0,
GCAAGTTAGATTATCCAAGTAGAG-1-0,TP53_CALR_het
GCAAGTTAGCTATTACAAGTAGAG-1-0,
GCAAGTTAGCTTAGTTAAGTAGAG-1-0,TP53_CALR_het
GCAAGTTAGGAGTCATAAGTAGAG-1-0,TP53_CALR_het
GCAAGTTAGGGATTTAAAGTAGAG-1-0,TP53_CALR_het
GCAAGTTAGTGATGGTAAGTAGAG-1-0,
GCAAGTTAGTTATGGAAAGTAGAG-1-0,TP53_EZH2_CALR_het
GCAATTAAGGAAGCAAAAGTAGAG-1-0,TP53_CALR_het
GCAATTAAGGGATTTAAAGTAGAG-1-0,
GCAATTAAGGGCACTAAAGTAGAG-1-0,
GCAATTAAGGGTTTCCAAGTAGAG-1-0,
GCAATTAAGGTCAATAAAGTAGAG-1-0,
GCACAAAGTACTGCCAAAGTAGAG-1-0,TP53_CALR_het
GCACAAAGTAGGTGACAAGTAGAG-1-0,
GCACAAAGTCCACAATAAGTAGAG-1-0,TP53_CALR_het
GCACAAAGTGACATTCAAGTAGAG-1-0,
GCACAAAGTGACCTTGAAGTAGAG-1-0,
GCACAAAGTGATTAGGAAGTAGAG-1-0,TP53_EZH2_CALR_mut
GCACAAAGTTGAGCTTAAGTAGAG-1-0,TP53_CALR_het
GCACAAAGTTGTCCAGAAGTAGAG-1-0,TP53_EZH2_CALR_mut
GCACAACCAAGGTGTCAAGTAGAG-1-0,TP53_EZH2_CALR_mut
GCACAACCAATCATCCAAGTAGAG-1-0,
GCACAACCACAGGCTGAAGTAGAG-1-0,TP53_EZH2_CALR_mut
GCACAACCACCAACAAAAGTAGAG-1-0,
GCACAACCACCTAAAGAAGTAGAG-1-0,
GCACAACCACCTGGTCAAGTAGAG-1-0,
GCACAACCACCTTCTCAAGTAGAG-1-0,
GCACAACCAGGCGAAAAAGTAGAG-1-0,TP53_EZH2_CALR_mut
GCACAACCAGGCTAACAAGTAGAG-1-0,TP53_CALR_het
GCACAACCATCAGGTAAAGTAGAG-1-0,
GCACAACCATGACATGAAGTAGAG-1-0,
GCACACCGTCGTAACTAAGTAGAG-1-0,
GCACACCGTCTCACTCAAGTAGAG-1-0,TP53_EZH2_CALR_mut
GCACACCGTGGCTCACAAGTAGAG-1-0,
GCACACCGTGTGGCTCAAGTAGAG-1-0,TP53_EZH2_CALR_mut
GCACACCGTGTGTTACAAGTAGAG-1-0,TP53_EZH2_CALR_mut
GCACACCGTTCACCTCAAGTAGAG-1-0,
GCACACCGTTCCTTCAAAGTAGAG-1-0,
GCACACCGTTTACCGGAAGTAGAG-1-0,TP53_CALR_het
GCACACCGTTTATGGCAAGTAGAG-1-0,ZRSR2_CALR_mut
GCACAGCAGCCAAACGAAGTAGAG-1-0,TP53_CALR_het
GCACAGCAGCTTCTAGAAGTAGAG-1-0,TP53_CALR_het
GCACAGCAGGAACCTGAAGTAGAG-1-0,
GCACAGCAGGGATGAAAAGTAGAG-1-0,TP53_CALR_het
GCACAGCAGTTAGTTCAAGTAGAG-1-0,TP53_CALR_het
GCACAGCAGTTGCGGAAAGTAGAG-1-0,TP53_CALR_het
GCACAGCAGTTTCACGAAGTAGAG-1-0,
GCACCAAAGATATTGGAAGTAGAG-1-0,ZRSR2_CALR_mut
GCACCAAAGCGATAACAAGTAGAG-1-0,
GCACCAAAGCTGGACAAAGTAGAG-1-0,ZRSR2_CALR_mut
GCACCAAAGGGCCTTTAAGTAGAG-1-0,TP53_EZH2_CALR_mut
GCACCAAAGGTTCTTGAAGTAGAG-1-0,TP53_CALR_het
GCACCAAAGTCTAATCAAGTAGAG-1-0,TP53_EZH2_CALR_mut
GCACCAAAGTTAACAGAAGTAGAG-1-0,TP53_CALR_het
GCACCAAAGTTTACCGAAGTAGAG-1-0,TP53_EZH2_CALR_mut
GCACGAATCACGGACAAAGTAGAG-1-0,TP53_EZH2_CALR_het
GCACGAATCACTCGCGAAGTAGAG-1-0,
GCACGAATCAGGTTGGAAGTAGAG-1-0,TP53_CALR_het
GCACGAATCATAATCCAAGTAGAG-1-0,TP53_CALR_het
GCACGAATCCATCCTTAAGTAGAG-1-0,ZRSR2_CALR_mut
GCACGAATCCTCACGGAAGTAGAG-1-0,ZRSR2_CALR_mut
GCACGAATCCTTAGGCAAGTAGAG-1-0,
GCACTAACAATAGAAGAAGTAGAG-1-0,
GCACTAACAATGAGCCAAGTAGAG-1-0,ZRSR2_CALR_mut
GCACTAACACGATTAGAAGTAGAG-1-0,
GCACTAACACGTAGGTAAGTAGAG-1-0,
GCACTAACATGAGTCAAAGTAGAG-1-0,
GCACTCAGTAACCTTAAAGTAGAG-1-0,TP53_CALR_het
GCACTCAGTATAGCGAAAGTAGAG-1-0,
GCACTCAGTATGTTTGAAGTAGAG-1-0,TP53_EZH2_CALR_mut
GCACTCAGTCAAACTCAAGTAGAG-1-0,TP53_EZH2_CALR_mut
GCACTCAGTGATGCAAAAGTAGAG-1-0,TP53_CALR_het
GCACTCAGTGCTCCTTAAGTAGAG-1-0,TP53_EZH2_CALR_mut
GCACTCAGTGTTAGAGAAGTAGAG-1-0,TP53_CALR_het
GCACTCAGTTCGGTATAAGTAGAG-1-0,TP53_CALR_het
GCACTCAGTTTGGGCCAAGTAGAG-1-0,TP53_EZH2_CALR_mut
GCACTTGGTATGGGACAAGTAGAG-1-0,TP53_EZH2_CALR_mut
GCACTTGGTCCTCCATAAGTAGAG-1-0,
GCACTTGGTCGGTTATAAGTAGAG-1-0,
GCACTTGGTGCTGAAAAAGTAGAG-1-0,TP53_EZH2_CALR_mut
GCACTTGGTGTGAGTAAAGTAGAG-1-0,
GCACTTGGTGTGTCGCAAGTAGAG-1-0,
GCACTTGGTGTGTTACAAGTAGAG-1-0,
GCACTTGGTTAACGAGAAGTAGAG-1-0,
GCACTTGGTTAGAGGCAAGTAGAG-1-0,
GCACTTGGTTCATTGAAAGTAGAG-1-0,ZRSR2_CALR_mut
GCACTTGGTTCCGCAAAAGTAGAG-1-0,TP53_CALR_het
GCACTTGGTTCTCAAAAAGTAGAG-1-0,
GCAGCAATCAAAGGGAAAGTAGAG-1-0,
GCAGCAATCATAATGGAAGTAGAG-1-0,TP53_EZH2_CALR_mut
GCAGCAATCCTGCCAGAAGTAGAG-1-0,
GCAGCAATCCTTTGTCAAGTAGAG-1-0,TP53_EZH2_CALR_mut
GCAGCAATCGATTCTGAAGTAGAG-1-0,TP53_EZH2_CALR_het
GCAGCAATCTAACCTGAAGTAGAG-1-0,
GCAGCTAAGAAACTCAAAGTAGAG-1-0,TP53_CALR_het
GCAGCTAAGCGAGGGAAAGTAGAG-1-0,TP53_CALR_het
GCAGCTAAGCTATATCAAGTAGAG-1-0,
GCAGCTAAGGCTTAGGAAGTAGAG-1-0,TP53_EZH2_CALR_mut
GCAGCTAAGTAACTTCAAGTAGAG-1-0,TP53_EZH2_CALR_mut
GCAGCTAAGTTAGGCGAAGTAGAG-1-0,TP53_CALR_het
GCAGGCTAGAACCTCCAAGTAGAG-1-0,TP53_EZH2_CALR_mut
GCAGGCTAGCCAAACGAAGTAGAG-1-0,
GCAGGCTAGCCCTTGGAAGTAGAG-1-0,
GCAGGCTAGCGATGGCAAGTAGAG-1-0,TP53_CALR_het
GCAGGCTAGCGCTCCAAAGTAGAG-1-0,
GCAGGCTAGTCATAAGAAGTAGAG-1-0,
GCAGGCTAGTGTCCACAAGTAGAG-1-0,ZRSR2_CALR_mut
GCAGGTTCAAACAATCAAGTAGAG-1-0,
GCAGGTTCAAGTTTCCAAGTAGAG-1-0,
GCAGGTTCAATAGCTGAAGTAGAG-1-0,TP53_CALR_het
GCAGGTTCACAACATGAAGTAGAG-1-0,ZRSR2_CALR_mut
GCAGGTTCACCTCGACAAGTAGAG-1-0,TP53_CALR_het
GCAGGTTCACCTGGTCAAGTAGAG-1-0,
GCAGGTTCACGTTACTAAGTAGAG-1-0,
GCAGGTTCACTCCCAAAAGTAGAG-1-0,TP53_CALR_het
GCAGGTTCACTTAACCAAGTAGAG-1-0,
GCAGGTTCAGGATTGCAAGTAGAG-1-0,
GCAGGTTCATCATAGGAAGTAGAG-1-0,ZRSR2_CALR_mut
GCAGTAAGTCATCAGTAAGTAGAG-1-0,
GCAGTAAGTCTTACTTAAGTAGAG-1-0,ZRSR2_CALR_mut
GCAGTAAGTTAGTGGAAAGTAGAG-1-0,
GCAGTAAGTTGACCCAAAGTAGAG-1-0,ZRSR2_CALR_mut
GCAGTAAGTTGAGGACAAGTAGAG-1-0,
GCAGTAAGTTTCCTCAAAGTAGAG-1-0,TP53_CALR_het
GCAGTACCAACCGGATAAGTAGAG-1-0,TP53_CALR_het
GCAGTACCAAGTTCCTAAGTAGAG-1-0,ZRSR2_CALR_mut
GCAGTACCAATGTTCCAAGTAGAG-1-0,ZRSR2_CALR_mut
GCAGTACCATCATCACAAGTAGAG-1-0,
GCAGTACCATCCAAGAAAGTAGAG-1-0,
GCAGTTTGTACGAATGAAGTAGAG-1-0,TP53_EZH2_CALR_mut
GCAGTTTGTCAAAGATAAGTAGAG-1-0,TP53_EZH2_CALR_mut
GCAGTTTGTCATCAGTAAGTAGAG-1-0,TP53_CALR_het
GCAGTTTGTCGCAATTAAGTAGAG-1-0,TP53_CALR_het
GCAGTTTGTGACCTGCAAGTAGAG-1-0,TP53_EZH2_CALR_mut
GCAGTTTGTGTTCCAGAAGTAGAG-1-0,
GCAGTTTGTTAGTGCTAAGTAGAG-1-0,TP53_CALR_het
GCAGTTTGTTCCTTCAAAGTAGAG-1-0,TP53_EZH2_CALR_mut
GCAGTTTGTTGCGGCTAAGTAGAG-1-0,
GCATAAATCACAGGGCAAGTAGAG-1-0,TP53_CALR_het
GCATAAATCAGCGGGTAAGTAGAG-1-0,
GCATAAATCATCAAGAAAGTAGAG-1-0,
GCATAAATCATTGAGAAAGTAGAG-1-0,TP53_EZH2_CALR_mut
GCATAAATCCTAATCGAAGTAGAG-1-0,
GCATAAATCGCTTCAAAAGTAGAG-1-0,TP53_EZH2_CALR_mut
GCATAAATCGGTCAAGAAGTAGAG-1-0,
GCATAAATCTACTACGAAGTAGAG-1-0,
GCATAAATCTATGGCCAAGTAGAG-1-0,TP53_EZH2_CALR_mut
GCATAAATCTCTCGCCAAGTAGAG-1-0,TP53_EZH2_CALR_mut
GCATAATCAAACAATCAAGTAGAG-1-0,
GCATAATCAAGGCGTTAAGTAGAG-1-0,
GCATAATCACACTGGGAAGTAGAG-1-0,TP53_EZH2_CALR_mut
GCATAATCACATTCGTAAGTAGAG-1-0,
GCATAATCACTAACTCAAGTAGAG-1-0,TP53_CALR_het
GCATAATCATCACTCGAAGTAGAG-1-0,TP53_CALR_het
GCATAATCATGAAGCCAAGTAGAG-1-0,
GCATCACTCAGGTAGTAAGTAGAG-1-0,
GCATCACTCATCCCAAAAGTAGAG-1-0,TP53_CALR_het
GCATCACTCATTGCATAAGTAGAG-1-0,TP53_CALR_het
GCATCACTCCAATACTAAGTAGAG-1-0,TP53_CALR_het
GCATCACTCCGCCATGAAGTAGAG-1-0,
GCATCACTCCTTTGTCAAGTAGAG-1-0,TP53_CALR_het
GCATCACTCGAACCTCAAGTAGAG-1-0,TP53_EZH2_CALR_mut
GCATCACTCGCGGAACAAGTAGAG-1-0,
GCATCACTCGCTTGCGAAGTAGAG-1-0,
GCATCACTCGTTAACTAAGTAGAG-1-0,TP53_EZH2_CALR_mut
GCATCACTCTTGAATCAAGTAGAG-1-0,
GCATCTATCAGCACCTAAGTAGAG-1-0,TP53_EZH2_CALR_mut
GCATCTATCCTTAGATAAGTAGAG-1-0,
GCATCTATCCTTAGGCAAGTAGAG-1-0,
GCATCTATCGCCTAACAAGTAGAG-1-0,TP53_EZH2_CALR_mut
GCATCTATCGGTTCACAAGTAGAG-1-0,
GCATCTATCGTCCATAAAGTAGAG-1-0,
GCATCTATCTGGCCATAAGTAGAG-1-0,
GCATCTATCTTGAATCAAGTAGAG-1-0,ZRSR2_CALR_mut
GCATCTATCTTTGGATAAGTAGAG-1-0,TP53_EZH2_CALR_mut
GCATGAGTCAACATTCAAGTAGAG-1-0,
GCATGAGTCAGCTACCAAGTAGAG-1-0,TP53_EZH2_CALR_mut
GCATGAGTCCTGCAACAAGTAGAG-1-0,
GCATGAGTCGGTAAGTAAGTAGAG-1-0,
GCATGAGTCTCACCTTAAGTAGAG-1-0,
GCATGCAAGGAACCTGAAGTAGAG-1-0,TP53_EZH2_CALR_mut
GCATGCAAGGGATTTAAAGTAGAG-1-0,TP53_EZH2_CALR_mut
GCATGCAAGGGTTGGCAAGTAGAG-1-0,TP53_EZH2_CALR_mut
GCATGCAAGGTTCATTAAGTAGAG-1-0,
GCATGCTTCAAGTTTCAAGTAGAG-1-0,TP53_CALR_het
GCATGCTTCGATTCTGAAGTAGAG-1-0,TP53_CALR_het
GCATGGATCCATAAAGAAGTAGAG-1-0,
GCATGGATCCTTATGGAAGTAGAG-1-0,TP53_EZH2_CALR_mut
GCATGGATCTGGCTACAAGTAGAG-1-0,
GCATGGATCTTGAAAGAAGTAGAG-1-0,
GCATTACGTAAGGCTAAAGTAGAG-1-0,
GCATTACGTAATGAACAAGTAGAG-1-0,TP53_EZH2_CALR_mut
GCATTACGTATATTCGAAGTAGAG-1-0,ZRSR2_CALR_mut
GCATTACGTCCAGCTAAAGTAGAG-1-0,TP53_EZH2_CALR_mut
GCATTACGTGGCCCATAAGTAGAG-1-0,
GCATTACGTTGAGTCTAAGTAGAG-1-0,TP53_EZH2_CALR_mut
GCATTACGTTGCATCGAAGTAGAG-1-0,TP53_CALR_het
GCATTACGTTGCGAAAAAGTAGAG-1-0,TP53_CALR_het
GCATTCATCAGTAGGTAAGTAGAG-1-0,TP53_EZH2_CALR_mut
GCATTCATCCAATTACAAGTAGAG-1-0,
GCATTCATCCATGATTAAGTAGAG-1-0,
GCATTCATCCCGTTGGAAGTAGAG-1-0,
GCATTCATCCTGGTTAAAGTAGAG-1-0,TP53_CALR_het
GCATTCATCGATTCTGAAGTAGAG-1-0,TP53_CALR_het
GCATTCATCGCTCAACAAGTAGAG-1-0,
GCATTCATCGGTAACGAAGTAGAG-1-0,
GCATTGTGTAAGGTTGAAGTAGAG-1-0,TP53_CALR_het
GCATTGTGTAATCCTAAAGTAGAG-1-0,
GCATTGTGTAGGTTTCAAGTAGAG-1-0,TP53_EZH2_CALR_mut
GCATTGTGTTAGGCGGAAGTAGAG-1-0,
GCATTGTGTTAGTGAGAAGTAGAG-1-0,
GCATTGTGTTCCGTGAAAGTAGAG-1-0,
GCATTGTGTTCGAATCAAGTAGAG-1-0,
GCATTTAGTAGCTATCAAGTAGAG-1-0,TP53_CALR_het
GCATTTAGTATGGTAGAAGTAGAG-1-0,
GCATTTAGTCAACATCAAGTAGAG-1-0,TP53_CALR_het
GCATTTAGTCCTCCATAAGTAGAG-1-0,TP53_CALR_het
GCATTTAGTGTCCAGCAAGTAGAG-1-0,
GCATTTAGTTGGCGAGAAGTAGAG-1-0,
GCATTTAGTTTGCAACAAGTAGAG-1-0,
GCATTTGTCATCCCAAAAGTAGAG-1-0,TP53_CALR_het
GCATTTGTCATTGAGAAAGTAGAG-1-0,TP53_EZH2_CALR_mut
GCATTTGTCCAATACTAAGTAGAG-1-0,
GCATTTGTCCGAAAGTAAGTAGAG-1-0,TP53_CALR_het
GCATTTGTCCGCCTCTAAGTAGAG-1-0,TP53_EZH2_CALR_mut
GCATTTGTCGAACGTGAAGTAGAG-1-0,
GCATTTGTCTCAGCTAAAGTAGAG-1-0,
GCATTTGTCTTAAGCTAAGTAGAG-1-0,TP53_EZH2_CALR_mut
GCCAACAAGAGAGCAAAAGTAGAG-1-0,TP53_EZH2_CALR_mut
GCCAACAAGATTCGTTAAGTAGAG-1-0,
GCCAACAAGGAAGCAAAAGTAGAG-1-0,
GCCAACAAGGCAAGTTAAGTAGAG-1-0,
GCCAACAAGGCGATATAAGTAGAG-1-0,
GCCAACAAGGTCAAGTAAGTAGAG-1-0,
GCCAACAAGGTTGGGCAAGTAGAG-1-0,TP53_CALR_het
GCCAACAAGTAAGCACAAGTAGAG-1-0,
GCCAACAAGTACCCACAAGTAGAG-1-0,TP53_CALR_het
GCCAACAAGTTGGCCTAAGTAGAG-1-0,
GCCAATACAACAGGGAAAGTAGAG-1-0,TP53_EZH2_CALR_mut
GCCAATACACGTAAATAAGTAGAG-1-0,
GCCAATACACTATGGAAAGTAGAG-1-0,TP53_CALR_het
GCCAATACACTATGTCAAGTAGAG-1-0,TP53_CALR_het
GCCAATACACTCCCAAAAGTAGAG-1-0,
GCCACAAAGAAGCATCAAGTAGAG-1-0,
GCCACAAAGACTCAAAAAGTAGAG-1-0,TP53_CALR_het
GCCACAAAGATGCAACAAGTAGAG-1-0,TP53_CALR_het
GCCACAAAGGCCTCTGAAGTAGAG-1-0,
GCCACAAAGGTATGGTAAGTAGAG-1-0,TP53_CALR_het
GCCACAAAGTCATAAGAAGTAGAG-1-0,TP53_CALR_het
GCCACAAAGTCGAAACAAGTAGAG-1-0,TP53_CALR_het
GCCACAAAGTGTTTCGAAGTAGAG-1-0,TP53_CALR_het
GCCAGTTTCAATGTTCAAGTAGAG-1-0,ZRSR2_CALR_mut
GCCAGTTTCAGGTAGTAAGTAGAG-1-0,
GCCAGTTTCGGTACCTAAGTAGAG-1-0,TP53_EZH2_CALR_mut
GCCATAACAAGTTGCAAAGTAGAG-1-0,TP53_CALR_het
GCCATAACAATGGCCGAAGTAGAG-1-0,TP53_EZH2_CALR_mut
GCCATAACACATAGATAAGTAGAG-1-0,TP53_EZH2_CALR_mut
GCCATAACACCGTTTGAAGTAGAG-1-0,
GCCATAACAGGAGCAAAAGTAGAG-1-0,TP53_EZH2_CALR_mut
GCCATAACATCAAGTGAAGTAGAG-1-0,TP53_EZH2_CALR_mut
GCCATAACATCACGCCAAGTAGAG-1-0,ZRSR2_CALR_mut
GCCATAACATCAGGTAAAGTAGAG-1-0,TP53_CALR_het
GCCATAACATTCTGTAAAGTAGAG-1-0,TP53_CALR_het
GCCATAGAGATATTGGAAGTAGAG-1-0,
GCCATAGAGCAAACCGAAGTAGAG-1-0,
GCCATAGAGCGGCTTTAAGTAGAG-1-0,
GCCATAGAGCTTACATAAGTAGAG-1-0,TP53_CALR_het
GCCATAGAGCTTCCTTAAGTAGAG-1-0,
GCCATAGAGGGATTTAAAGTAGAG-1-0,
GCCATAGAGGTCTTGCAAGTAGAG-1-0,
GCCATCAGTAAGGCCGAAGTAGAG-1-0,ZRSR2_CALR_mut
GCCATCAGTAATGTCCAAGTAGAG-1-0,
GCCATCAGTATAGTGGAAGTAGAG-1-0,
GCCATCAGTCATGATCAAGTAGAG-1-0,TP53_EZH2_CALR_mut
GCCATCAGTGCATTACAAGTAGAG-1-0,TP53_EZH2_CALR_mut
GCCATCAGTGGAAGCTAAGTAGAG-1-0,
GCCATTTCAACTAAGTAAGTAGAG-1-0,
GCCATTTCAACTAGTGAAGTAGAG-1-0,
GCCATTTCACAACAATAAGTAGAG-1-0,TP53_CALR_het
GCCATTTCAGGAATAAAAGTAGAG-1-0,TP53_CALR_het
GCCATTTCAGGCCTCTAAGTAGAG-1-0,
GCCATTTCATTGGACAAAGTAGAG-1-0,
GCCCAATTCAAAGGGAAAGTAGAG-1-0,
GCCCAATTCATGATGAAAGTAGAG-1-0,TP53_EZH2_CALR_mut
GCCCAATTCCTTTGGAAAGTAGAG-1-0,TP53_CALR_het
GCCCAATTCGAAGGCCAAGTAGAG-1-0,
GCCCAATTCGAAGTTAAAGTAGAG-1-0,
GCCCAGTGTCAAAGGCAAGTAGAG-1-0,
GCCCAGTGTCACTATAAAGTAGAG-1-0,
GCCCAGTGTGCATCGCAAGTAGAG-1-0,TP53_CALR_het
GCCCAGTGTGGACACGAAGTAGAG-1-0,
GCCCAGTGTTACCGTGAAGTAGAG-1-0,TP53_CALR_het
GCCCAGTGTTAGGCGGAAGTAGAG-1-0,TP53_EZH2_CALR_mut
GCCCATAGTAAACTGGAAGTAGAG-1-0,TP53_CALR_het
GCCCATAGTAATCCTAAAGTAGAG-1-0,ZRSR2_CALR_mut
GCCCATAGTAGCGGATAAGTAGAG-1-0,
GCCCATAGTCATCATAAAGTAGAG-1-0,TP53_EZH2_CALR_mut
GCCCATAGTCCTCATCAAGTAGAG-1-0,
GCCCATAGTCCTCCTGAAGTAGAG-1-0,TP53_CALR_het
GCCCATAGTTAAGCCTAAGTAGAG-1-0,
GCCCATAGTTAGTAGGAAGTAGAG-1-0,
GCCCATAGTTAGTCTAAAGTAGAG-1-0,
GCCCATAGTTGTTTGAAAGTAGAG-1-0,
GCCCATTAGCGATAACAAGTAGAG-1-0,TP53_CALR_het
GCCCATTAGCTAGCCTAAGTAGAG-1-0,TP53_CALR_het
GCCCATTAGGAGGATAAAGTAGAG-1-0,TP53_EZH2_CALR_mut
GCCCATTAGTACGGGCAAGTAGAG-1-0,
GCCCATTAGTCTTGCAAAGTAGAG-1-0,ZRSR2_CALR_mut
GCCCATTAGTTTACCGAAGTAGAG-1-0,
GCCCTCAAGACAAAGGAAGTAGAG-1-0,
GCCCTCAAGCCATCGTAAGTAGAG-1-0,TP53_CALR_het
GCCCTCAAGCGAGCTAAAGTAGAG-1-0,
GCCCTCAAGCTTCTAGAAGTAGAG-1-0,
GCCCTCAAGGTCGAGCAAGTAGAG-1-0,
GCCCTCAAGGTTGCAGAAGTAGAG-1-0,TP53_CALR_het
GCCCTCAAGGTTGTGGAAGTAGAG-1-0,TP53_CALR_het
GCCCTCAAGTATGGGTAAGTAGAG-1-0,
GCCCTCAAGTGATCAAAAGTAGAG-1-0,
GCCCTCAAGTGTGCAGAAGTAGAG-1-0,TP53_EZH2_CALR_mut
GCCCTGATCCACTAATAAGTAGAG-1-0,
GCCCTGATCCAGCTTAAAGTAGAG-1-0,ZRSR2_CALR_mut
GCCCTGATCCTCAATGAAGTAGAG-1-0,TP53_CALR_het
GCCCTGATCGATTGAAAAGTAGAG-1-0,TP53_EZH2_CALR_mut
GCCCTGATCGATTGGGAAGTAGAG-1-0,TP53_EZH2_CALR_mut
GCCCTGATCTGGCCCAAAGTAGAG-1-0,
GCCCTTGAGCCCTTGGAAGTAGAG-1-0,TP53_CALR_het
GCCCTTGAGCGAGCTAAAGTAGAG-1-0,TP53_EZH2_CALR_mut
GCCCTTGAGCGAGGGAAAGTAGAG-1-0,
GCCCTTGAGCTTGAAAAAGTAGAG-1-0,TP53_CALR_het
GCCCTTGAGGACAAGAAAGTAGAG-1-0,TP53_CALR_het
GCCCTTGAGGATGAAGAAGTAGAG-1-0,TP53_EZH2_CALR_mut
GCCCTTGAGGCCATTCAAGTAGAG-1-0,TP53_EZH2_CALR_mut
GCCCTTGAGGCCCATTAAGTAGAG-1-0,
GCCCTTGAGGTTTCCAAAGTAGAG-1-0,
GCCCTTGAGTATCGCCAAGTAGAG-1-0,
GCCCTTGAGTGTGCAGAAGTAGAG-1-0,TP53_CALR_het
GCCCTTGAGTTATGGAAAGTAGAG-1-0,TP53_EZH2_CALR_mut
GCCCTTTGTAACCTTAAAGTAGAG-1-0,
GCCCTTTGTACGTTACAAGTAGAG-1-0,
GCCCTTTGTATGGGACAAGTAGAG-1-0,
GCCCTTTGTGAATCTCAAGTAGAG-1-0,TP53_EZH2_CALR_mut
GCCCTTTGTTAGCGCCAAGTAGAG-1-0,
GCCCTTTGTTCCTTCAAAGTAGAG-1-0,TP53_EZH2_CALR_mut
GCCCTTTGTTTGTAGCAAGTAGAG-1-0,ZRSR2_CALR_mut
GCCGCTTCAAATAGGAAAGTAGAG-1-0,
GCCGCTTCAAATATGCAAGTAGAG-1-0,TP53_EZH2_CALR_mut
GCCGCTTCAATAGAGAAAGTAGAG-1-0,
GCCGCTTCACTATGTCAAGTAGAG-1-0,TP53_EZH2_CALR_het
GCCGCTTCAGGATGCTAAGTAGAG-1-0,
GCCGCTTCATCACTCGAAGTAGAG-1-0,TP53_EZH2_CALR_mut
GCCGTGACAAACCGGTAAGTAGAG-1-0,
GCCGTGACAACAAGTTAAGTAGAG-1-0,TP53_CALR_het
GCCGTGACAAGAACAAAAGTAGAG-1-0,
GCCGTGACAATAGAAGAAGTAGAG-1-0,ZRSR2_CALR_mut
GCCGTGACAATTGAACAAGTAGAG-1-0,TP53_EZH2_CALR_mut
GCCGTGACACGGTCGAAAGTAGAG-1-0,
GCCGTGACAGCGGATTAAGTAGAG-1-0,ZRSR2_CALR_mut
GCCGTGACATCGGGCAAAGTAGAG-1-0,
GCCGTGACATGGCTTTAAGTAGAG-1-0,
GCCTAATGTAACCGCCAAGTAGAG-1-0,TP53_CALR_het
GCCTAATGTAACGTGAAAGTAGAG-1-0,TP53_EZH2_CALR_mut
GCCTAATGTAATCCTAAAGTAGAG-1-0,
GCCTAATGTAATGGTGAAGTAGAG-1-0,
GCCTAATGTACTGCCAAAGTAGAG-1-0,
GCCTAATGTCAGGAACAAGTAGAG-1-0,TP53_CALR_het
GCCTAATGTCCAGCACAAGTAGAG-1-0,
GCCTAATGTGGATGCGAAGTAGAG-1-0,ZRSR2_CALR_mut
GCCTAATGTTAATTCGAAGTAGAG-1-0,
GCCTAATGTTAGTCTAAAGTAGAG-1-0,TP53_CALR_het
GCCTAATGTTGTTGTAAAGTAGAG-1-0,TP53_CALR_het
GCCTAATGTTGTTTAGAAGTAGAG-1-0,TP53_CALR_het
GCCTAATGTTTCACCCAAGTAGAG-1-0,TP53_EZH2_CALR_mut
GCCTCATAGATTCGTTAAGTAGAG-1-0,TP53_EZH2_CALR_mut
GCCTCATAGCAAAGCTAAGTAGAG-1-0,
GCCTCATAGCGAAGAAAAGTAGAG-1-0,
GCCTCATAGCGAGTTGAAGTAGAG-1-0,TP53_EZH2_CALR_mut
GCCTCATAGCTAAGTAAAGTAGAG-1-0,TP53_CALR_het
GCCTCATAGCTCGATCAAGTAGAG-1-0,
GCCTCATAGTGAGTTAAAGTAGAG-1-0,TP53_CALR_het
GCCTCATAGTTATGGAAAGTAGAG-1-0,
GCCTCATAGTTGGCCTAAGTAGAG-1-0,
GCCTCGATCAACCGGAAAGTAGAG-1-0,
GCCTCGATCAACCTCAAAGTAGAG-1-0,TP53_CALR_het
GCCTCGATCCAATACTAAGTAGAG-1-0,
GCCTCGATCCACAATTAAGTAGAG-1-0,TP53_CALR_het
GCCTCGATCCCGCTGAAAGTAGAG-1-0,TP53_EZH2_CALR_mut
GCCTCGATCCCTTTGTAAGTAGAG-1-0,
GCCTCGATCCGCCACAAAGTAGAG-1-0,TP53_CALR_het
GCCTCGATCTGGGAATAAGTAGAG-1-0,TP53_CALR_het
GCCTGAGCAAGCCACGAAGTAGAG-1-0,TP53_EZH2_CALR_mut
GCCTGAGCAATGGGAGAAGTAGAG-1-0,
GCCTGAGCAATTAGGTAAGTAGAG-1-0,TP53_CALR_het
GCCTGAGCACATACCTAAGTAGAG-1-0,TP53_EZH2_CALR_mut
GCCTGAGCACGATTAGAAGTAGAG-1-0,
GCCTGAGCACTCAGTTAAGTAGAG-1-0,TP53_EZH2_CALR_mut
GCCTGAGCAGATTGCAAAGTAGAG-1-0,TP53_CALR_het
GCCTGAGCAGCTACCCAAGTAGAG-1-0,
GCCTGAGCAGGAATAAAAGTAGAG-1-0,
GCCTGAGCATGTTTCAAAGTAGAG-1-0,TP53_EZH2_CALR_mut
GCCTGAGCATTACTCAAAGTAGAG-1-0,
GCCTGAGCATTCTGTAAAGTAGAG-1-0,
GCCTGCATCAAACTTCAAGTAGAG-1-0,
GCCTGCATCAACCTATAAGTAGAG-1-0,
GCCTGCATCAAGGGCCAAGTAGAG-1-0,
GCCTGCATCATGCGGAAAGTAGAG-1-0,TP53_CALR_het
GCCTGCATCATTTAGCAAGTAGAG-1-0,TP53_CALR_het
GCCTGCATCCAACTTGAAGTAGAG-1-0,
GCCTGCATCCTGCCAGAAGTAGAG-1-0,TP53_CALR_het
GCCTGCATCCTTTCTAAAGTAGAG-1-0,
GCCTGCATCTGTCAATAAGTAGAG-1-0,TP53_CALR_het
GCGAACGGTATGTGAGAAGTAGAG-1-0,TP53_EZH2_CALR_mut
GCGAACGGTCAGGGCAAAGTAGAG-1-0,TP53_CALR_het
GCGAACGGTCCTTCGTAAGTAGAG-1-0,TP53_EZH2_CALR_mut
GCGAACGGTGAGTAATAAGTAGAG-1-0,TP53_EZH2_CALR_mut
GCGAACGGTTAACCACAAGTAGAG-1-0,TP53_EZH2_CALR_mut
GCGAACGGTTTGCAACAAGTAGAG-1-0,TP53_CALR_het
GCGAATGTCATAATCCAAGTAGAG-1-0,TP53_EZH2_CALR_mut
GCGAATGTCCAACATTAAGTAGAG-1-0,TP53_CALR_het
GCGAATGTCCATAGGGAAGTAGAG-1-0,
GCGAATGTCCTCACTTAAGTAGAG-1-0,
GCGAATGTCGAACCTCAAGTAGAG-1-0,
GCGAATGTCGATTGGGAAGTAGAG-1-0,TP53_EZH2_CALR_mut
GCGAATGTCGTCCCGAAAGTAGAG-1-0,
GCGAATGTCTATTGACAAGTAGAG-1-0,TP53_CALR_het
GCGAGCTAGCTCAACCAAGTAGAG-1-0,TP53_EZH2_CALR_mut
GCGAGCTAGGATGGTTAAGTAGAG-1-0,TP53_EZH2_CALR_mut
GCGAGCTAGGCCATGAAAGTAGAG-1-0,TP53_EZH2_CALR_mut
GCGAGCTAGTAGCGCAAAGTAGAG-1-0,
GCGAGCTAGTTGCGCTAAGTAGAG-1-0,
GCGAGGTTCAGGCAATAAGTAGAG-1-0,TP53_EZH2_CALR_mut
GCGAGGTTCATGGTCCAAGTAGAG-1-0,TP53_CALR_het
GCGAGGTTCCATAAAGAAGTAGAG-1-0,TP53_EZH2_CALR_mut
GCGAGGTTCCCGTTGGAAGTAGAG-1-0,
GCGAGGTTCCCTCATTAAGTAGAG-1-0,
GCGAGGTTCCGCAACTAAGTAGAG-1-0,TP53_CALR_het
GCGAGGTTCGATTGGGAAGTAGAG-1-0,TP53_EZH2_CALR_mut
GCGAGGTTCGCGTTCGAAGTAGAG-1-0,TP53_EZH2_CALR_mut
GCGAGGTTCGGTTATTAAGTAGAG-1-0,TP53_EZH2_CALR_mut
GCGAGGTTCTTAATGCAAGTAGAG-1-0,
GCGATAAGTAAAGCGCAAGTAGAG-1-0,
GCGATAAGTAACCTTAAAGTAGAG-1-0,TP53_CALR_het
GCGATAAGTAGGTTTCAAGTAGAG-1-0,
GCGATAAGTATGGTAGAAGTAGAG-1-0,ZRSR2_CALR_mut
GCGATAAGTTGCACTGAAGTAGAG-1-0,
GCGATAAGTTTAGTTGAAGTAGAG-1-0,TP53_EZH2_CALR_mut
GCGATTGAGAAGCAAGAAGTAGAG-1-0,ZRSR2_CALR_mut
GCGATTGAGAGGTTTAAAGTAGAG-1-0,
GCGATTGAGGAAACCTAAGTAGAG-1-0,
GCGATTGAGGGATTTAAAGTAGAG-1-0,TP53_CALR_het
GCGATTGAGGGTTATAAAGTAGAG-1-0,TP53_EZH2_CALR_mut
GCGATTGAGTGTCCACAAGTAGAG-1-0,
GCGATTGAGTTGCAAAAAGTAGAG-1-0,
GCGCAACAGAAACTCAAAGTAGAG-1-0,
GCGCAACAGAAGCAAGAAGTAGAG-1-0,TP53_EZH2_CALR_mut
GCGCAACAGCTTCTAGAAGTAGAG-1-0,
GCGCAACAGCTTGAAAAAGTAGAG-1-0,TP53_CALR_het
GCGCAACAGGATGAAGAAGTAGAG-1-0,TP53_EZH2_CALR_mut
GCGCAACAGTGCAACGAAGTAGAG-1-0,TP53_EZH2_CALR_mut
GCGCAACAGTTTGAGAAAGTAGAG-1-0,
GCGCAAGGTAATAGGTAAGTAGAG-1-0,TP53_CALR_het
GCGCAAGGTTAATTCGAAGTAGAG-1-0,
GCGCAAGGTTACTCCCAAGTAGAG-1-0,TP53_CALR_het
GCGCAAGGTTCCGCAAAAGTAGAG-1-0,
GCGCAAGGTTTGTGACAAGTAGAG-1-0,TP53_CALR_het
GCGCAATCAATTAGCGAAGTAGAG-1-0,
GCGCAATCACAATAGTAAGTAGAG-1-0,TP53_CALR_het
GCGCAATCACCACATTAAGTAGAG-1-0,
GCGCAATCACCTTACGAAGTAGAG-1-0,TP53_EZH2_CALR_mut
GCGCAATCATCACTCGAAGTAGAG-1-0,
GCGCACACAATAGAAGAAGTAGAG-1-0,TP53_EZH2_CALR_mut
GCGCACACAATCATCCAAGTAGAG-1-0,ZRSR2_CALR_mut
GCGCACACACCTTCTCAAGTAGAG-1-0,
GCGCACACACGTAGTAAAGTAGAG-1-0,
GCGCACACAGAAACTTAAGTAGAG-1-0,
GCGCACACATCACGAAAAGTAGAG-1-0,TP53_CALR_het
GCGCACACATTGAACGAAGTAGAG-1-0,
GCGCCTATCCAAAGACAAGTAGAG-1-0,TP53_CALR_het
GCGCCTATCCAGCTTAAAGTAGAG-1-0,
GCGCCTATCGGTCAAGAAGTAGAG-1-0,TP53_EZH2_CALR_mut
GCGCCTATCTAATGGAAAGTAGAG-1-0,TP53_EZH2_CALR_mut
GCGCCTATCTCAAACTAAGTAGAG-1-0,TP53_CALR_het
GCGCCTATCTCTCGCCAAGTAGAG-1-0,TP53_CALR_het
GCGCCTATCTGCCATAAAGTAGAG-1-0,
GCGCCTATCTGGCCATAAGTAGAG-1-0,
GCGCCTATCTGTCAATAAGTAGAG-1-0,TP53_CALR_het
GCGCTAAAGAACCTAAAAGTAGAG-1-0,
GCGCTAAAGGTCAAACAAGTAGAG-1-0,ZRSR2_CALR_mut
GCGCTAAAGTAAGCACAAGTAGAG-1-0,
GCGCTAAAGTCTATGTAAGTAGAG-1-0,TP53_EZH2_CALR_mut
GCGCTACGTAATGTCCAAGTAGAG-1-0,
GCGCTACGTACGAATGAAGTAGAG-1-0,TP53_CALR_het
GCGCTACGTATTCGTAAAGTAGAG-1-0,TP53_CALR_het
GCGCTACGTCATCATAAAGTAGAG-1-0,TP53_CALR_het
GCGCTACGTGTCCAATAAGTAGAG-1-0,
GCGCTACGTTAATGCCAAGTAGAG-1-0,TP53_CALR_het
GCGCTACGTTCACCTCAAGTAGAG-1-0,TP53_EZH2_CALR_mut
GCGCTACGTTGGATAGAAGTAGAG-1-0,TP53_CALR_het
GCGCTACGTTGTTTAGAAGTAGAG-1-0,
GCGCTTAGTATTTACGAAGTAGAG-1-0,
GCGCTTAGTCCTTCGTAAGTAGAG-1-0,
GCGCTTAGTGGTGAGTAAGTAGAG-1-0,TP53_EZH2_CALR_mut
GCGCTTAGTTGTTTGAAAGTAGAG-1-0,TP53_CALR_het
GCGGATTCAAACAATCAAGTAGAG-1-0,TP53_EZH2_CALR_mut
GCGGATTCAAGCTATGAAGTAGAG-1-0,
GCGGATTCAGCTCGAGAAGTAGAG-1-0,
GCGGATTCATCTATGCAAGTAGAG-1-0,TP53_EZH2_CALR_mut
GCGGATTCATGAGGGAAAGTAGAG-1-0,
GCGGATTCATTCGGTTAAGTAGAG-1-0,
GCGGGTTAGAAGTACCAAGTAGAG-1-0,
GCGGGTTAGACCTTTGAAGTAGAG-1-0,TP53_CALR_het
GCGGGTTAGAGCAACTAAGTAGAG-1-0,
GCGGGTTAGCAAAGCTAAGTAGAG-1-0,
GCGGGTTAGCAGGTCAAAGTAGAG-1-0,
GCGGGTTAGCCTGCCAAAGTAGAG-1-0,TP53_CALR_het
GCGGGTTAGCGCTAGAAAGTAGAG-1-0,
GCGGGTTAGCGCTTACAAGTAGAG-1-0,
GCGGTAATCAGCGGGTAAGTAGAG-1-0,
GCGGTAATCCATTAGTAAGTAGAG-1-0,
GCGGTAATCCTAATCGAAGTAGAG-1-0,TP53_EZH2_CALR_mut
GCGGTAATCGAGGTTGAAGTAGAG-1-0,TP53_CALR_het
GCGGTAATCGATTACTAAGTAGAG-1-0,
GCGGTTCGTAAGGTTGAAGTAGAG-1-0,
GCGGTTCGTCATCCCTAAGTAGAG-1-0,
GCGGTTCGTGCCCGATAAGTAGAG-1-0,TP53_CALR_het
GCGTGTTTCAGTAGCGAAGTAGAG-1-0,TP53_EZH2_CALR_mut
GCGTGTTTCATAATCCAAGTAGAG-1-0,
GCGTGTTTCATTGAGAAAGTAGAG-1-0,TP53_CALR_het
GCGTGTTTCCGCAACTAAGTAGAG-1-0,
GCGTGTTTCCTAATCGAAGTAGAG-1-0,TP53_EZH2_CALR_het
GCGTGTTTCGACTTGCAAGTAGAG-1-0,
GCGTGTTTCGGTAAACAAGTAGAG-1-0,
GCGTGTTTCTAATGGAAAGTAGAG-1-0,TP53_CALR_het
GCGTGTTTCTAGTTACAAGTAGAG-1-0,
GCGTTACTCAATACAGAAGTAGAG-1-0,
GCGTTACTCAGGCAATAAGTAGAG-1-0,TP53_CALR_het
GCGTTACTCCCATTGAAAGTAGAG-1-0,
GCGTTACTCGAACGTGAAGTAGAG-1-0,
GCGTTACTCTACTACGAAGTAGAG-1-0,TP53_CALR_het
GCGTTACTCTGGCTACAAGTAGAG-1-0,
GCGTTATGTAATGGATAAGTAGAG-1-0,
GCGTTATGTATCCGCAAAGTAGAG-1-0,
GCGTTATGTCCGGTACAAGTAGAG-1-0,TP53_EZH2_CALR_mut
GCGTTATGTGATGCAAAAGTAGAG-1-0,
GCGTTATGTGGTTACTAAGTAGAG-1-0,
GCGTTATGTTAATCCAAAGTAGAG-1-0,
GCGTTATGTTGAGCTTAAGTAGAG-1-0,
GCGTTATGTTGCTGTGAAGTAGAG-1-0,
GCGTTATGTTGGTTACAAGTAGAG-1-0,
GCGTTTGGTACCTTAAAAGTAGAG-1-0,TP53_CALR_het
GCGTTTGGTACTTCAAAAGTAGAG-1-0,TP53_EZH2_CALR_mut
GCGTTTGGTGGATGGTAAGTAGAG-1-0,
GCGTTTGGTTGTGAGAAAGTAGAG-1-0,
GCGTTTGGTTTGCAACAAGTAGAG-1-0,ZRSR2_CALR_mut
GCTAAATCAACAAAGAAAGTAGAG-1-0,
GCTAAATCAAGGTGTCAAGTAGAG-1-0,
GCTAAATCACGCAATAAAGTAGAG-1-0,
GCTAAATCAGCTAGACAAGTAGAG-1-0,TP53_CALR_het
GCTAAATCAGCTTAAGAAGTAGAG-1-0,TP53_CALR_het
GCTAAATCATGCGCAGAAGTAGAG-1-0,ZRSR2_CALR_mut
GCTAACCTCACCACACAAGTAGAG-1-0,
GCTAACCTCCAAATTCAAGTAGAG-1-0,TP53_CALR_het
GCTAACCTCCTTAGATAAGTAGAG-1-0,
GCTAACCTCGAGAGAAAAGTAGAG-1-0,TP53_CALR_het
GCTAACCTCTCTATGGAAGTAGAG-1-0,TP53_EZH2_CALR_mut
GCTAACGAGAAGGTCTAAGTAGAG-1-0,TP53_EZH2_CALR_mut
GCTAACGAGACTCAAAAAGTAGAG-1-0,
GCTAACGAGAGGATGAAAGTAGAG-1-0,
GCTAACGAGCTAAACAAAGTAGAG-1-0,
GCTAACGAGGAACCGCAAGTAGAG-1-0,
GCTAACGAGGTAGACTAAGTAGAG-1-0,
GCTAACGAGGTTAGTAAAGTAGAG-1-0,
GCTAACGAGTCAATGAAAGTAGAG-1-0,
GCTAACGAGTTTGCTGAAGTAGAG-1-0,
GCTAACTGTACGAATGAAGTAGAG-1-0,
GCTAACTGTATTCGTAAAGTAGAG-1-0,TP53_CALR_het
GCTAACTGTCAATTCAAAGTAGAG-1-0,TP53_CALR_het
GCTAACTGTCCGGGTTAAGTAGAG-1-0,TP53_CALR_het
GCTAACTGTCCTCCTGAAGTAGAG-1-0,
GCTAACTGTCGTCCAAAAGTAGAG-1-0,TP53_EZH2_CALR_mut
GCTAACTGTGGACCCTAAGTAGAG-1-0,TP53_CALR_het
GCTAACTGTTCAAGCTAAGTAGAG-1-0,TP53_CALR_het
GCTAACTGTTTAACCAAAGTAGAG-1-0,TP53_EZH2_CALR_mut
GCTAATAAGATTGCAAAAGTAGAG-1-0,
GCTAATAAGCTATTACAAGTAGAG-1-0,
GCTAATAAGCTGGGTAAAGTAGAG-1-0,TP53_EZH2_CALR_mut
GCTAATAAGGGTCTAGAAGTAGAG-1-0,
GCTAATAAGTGTCCACAAGTAGAG-1-0,TP53_CALR_het
GCTAATAAGTTACCTGAAGTAGAG-1-0,TP53_EZH2_CALR_mut
GCTACAACAATGAGCCAAGTAGAG-1-0,
GCTACAACAATGTGGCAAGTAGAG-1-0,
GCTACAACACTAAGGCAAGTAGAG-1-0,
GCTACAACAGAGGCTTAAGTAGAG-1-0,
GCTACAACAGCTCGAGAAGTAGAG-1-0,
GCTACAACATGAGGGAAAGTAGAG-1-0,TP53_CALR_het
GCTACTATCAAACCGGAAGTAGAG-1-0,
GCTACTATCAATGTTCAAGTAGAG-1-0,
GCTACTATCATCAAGAAAGTAGAG-1-0,TP53_CALR_het
GCTACTATCATGCGTCAAGTAGAG-1-0,
GCTACTATCGTCCATAAAGTAGAG-1-0,
GCTACTATCTTTGGATAAGTAGAG-1-0,ZRSR2_CALR_mut
GCTAGACCAAACTTCCAAGTAGAG-1-0,TP53_CALR_het
GCTAGACCACCATCCAAAGTAGAG-1-0,ZRSR2_CALR_mut
GCTAGACCACCTCGACAAGTAGAG-1-0,TP53_CALR_het
GCTAGACCACGCAATAAAGTAGAG-1-0,
GCTAGACCAGGCCTCTAAGTAGAG-1-0,TP53_CALR_het
GCTAGACCAGTTATCCAAGTAGAG-1-0,
GCTAGACCATTGCGCCAAGTAGAG-1-0,
GCTAGATAGATTCATCAAGTAGAG-1-0,TP53_EZH2_CALR_mut
GCTAGATAGGTCACAGAAGTAGAG-1-0,
GCTAGATAGTAACGGTAAGTAGAG-1-0,
GCTAGTCTCAACTGTTAAGTAGAG-1-0,
GCTAGTCTCAGCGGGTAAGTAGAG-1-0,TP53_CALR_het
GCTAGTCTCCCAAATTAAGTAGAG-1-0,
GCTAGTCTCCCTGGATAAGTAGAG-1-0,TP53_EZH2_CALR_mut
GCTAGTCTCGAAATGCAAGTAGAG-1-0,TP53_CALR_het
GCTAGTCTCGATATAGAAGTAGAG-1-0,
GCTAGTCTCGCATTTGAAGTAGAG-1-0,
GCTAGTCTCTATCGGCAAGTAGAG-1-0,TP53_CALR_het
GCTAGTCTCTCAAGAAAAGTAGAG-1-0,
GCTATAAAGAAACCCGAAGTAGAG-1-0,
GCTATAAAGAGGTTTAAAGTAGAG-1-0,TP53_CALR_het
GCTATAAAGCAGCCAAAAGTAGAG-1-0,TP53_CALR_het
GCTATAAAGGAACCATAAGTAGAG-1-0,TP53_CALR_het
GCTATAAAGGACAAGAAAGTAGAG-1-0,TP53_CALR_het
GCTATAAAGGCCATGAAAGTAGAG-1-0,
GCTATAAAGGGTGGGAAAGTAGAG-1-0,
GCTATAAAGTCTACCAAAGTAGAG-1-0,
GCTATAAAGTGATGGTAAGTAGAG-1-0,ZRSR2_CALR_mut
GCTATCCAGAGGCGAGAAGTAGAG-1-0,ZRSR2_CALR_mut
GCTATCCAGATGCAACAAGTAGAG-1-0,
GCTATCCAGCCATCGTAAGTAGAG-1-0,TP53_CALR_het
GCTATCCAGTCTATGTAAGTAGAG-1-0,
GCTATGCTCAGGTAGTAAGTAGAG-1-0,
GCTATGCTCCTCACGGAAGTAGAG-1-0,TP53_CALR_het
GCTATGCTCGAAACTAAAGTAGAG-1-0,
GCTATGCTCGATTATCAAGTAGAG-1-0,TP53_CALR_het
GCTATGCTCGCAGGACAAGTAGAG-1-0,TP53_EZH2_CALR_mut
GCTATGCTCTTGAATCAAGTAGAG-1-0,TP53_EZH2_CALR_mut
GCTATTAGTAACCCATAAGTAGAG-1-0,TP53_EZH2_CALR_mut
GCTATTAGTACTTACAAAGTAGAG-1-0,TP53_CALR_het
GCTATTAGTCATTACAAAGTAGAG-1-0,TP53_CALR_het
GCTATTAGTCGAATCTAAGTAGAG-1-0,TP53_EZH2_CALR_mut
GCTATTAGTGCACAAAAAGTAGAG-1-0,
GCTATTAGTTCCGGGTAAGTAGAG-1-0,TP53_EZH2_CALR_mut
GCTATTAGTTGAATCCAAGTAGAG-1-0,TP53_EZH2_CALR_mut
GCTATTAGTTGTGACTAAGTAGAG-1-0,
GCTATTGTCAATTGGAAAGTAGAG-1-0,
GCTATTGTCGAAACTAAAGTAGAG-1-0,
GCTATTGTCGACCGTTAAGTAGAG-1-0,
GCTATTGTCGCGCATTAAGTAGAG-1-0,ZRSR2_CALR_mut
GCTATTGTCTCACCTTAAGTAGAG-1-0,
GCTCAATGTATTCGACAAGTAGAG-1-0,TP53_CALR_het
GCTCAATGTATTGACCAAGTAGAG-1-0,ZRSR2_CALR_mut
GCTCAATGTGGCTCACAAGTAGAG-1-0,TP53_CALR_het
GCTCAATGTGGTGCAGAAGTAGAG-1-0,
GCTCAATGTTAGCATCAAGTAGAG-1-0,
GCTCAATGTTAGTGCTAAGTAGAG-1-0,
GCTCAATGTTCACCAGAAGTAGAG-1-0,
GCTCACCCAAGGCTTAAAGTAGAG-1-0,
GCTCACCCAATCCACTAAGTAGAG-1-0,
GCTCACCCAGCAAGCTAAGTAGAG-1-0,
GCTCACTAGAGCAACTAAGTAGAG-1-0,TP53_CALR_het
GCTCACTAGCTCGACTAAGTAGAG-1-0,ZRSR2_CALR_mut
GCTCACTAGGATGTTAAAGTAGAG-1-0,TP53_EZH2_CALR_mut
GCTCACTAGGGATTTAAAGTAGAG-1-0,TP53_CALR_het
GCTCACTAGGGTCTAGAAGTAGAG-1-0,TP53_EZH2_CALR_mut
GCTCACTAGGTCTTTGAAGTAGAG-1-0,
GCTCACTAGTTAGGGTAAGTAGAG-1-0,ZRSR2_CALR_mut
GCTCACTAGTTTACCGAAGTAGAG-1-0,ZRSR2_CALR_mut
GCTCAGGCAACTTCGTAAGTAGAG-1-0,ZRSR2_CALR_mut
GCTCAGGCAAGAAATGAAGTAGAG-1-0,
GCTCAGGCAAGCTAATAAGTAGAG-1-0,
GCTCAGGCACATAGATAAGTAGAG-1-0,
GCTCAGGCAGGAGCAAAAGTAGAG-1-0,
GCTCAGGCAGGTCAACAAGTAGAG-1-0,
GCTCAGGCAGTGAGGAAAGTAGAG-1-0,
GCTCCATAGACCATTTAAGTAGAG-1-0,TP53_EZH2_CALR_mut
GCTCCATAGCTGGGTAAAGTAGAG-1-0,
GCTCCATAGGGCACTAAAGTAGAG-1-0,
GCTCCATAGTGAGTTAAAGTAGAG-1-0,ZRSR2_CALR_mut
GCTCCTGAGAATGGGAAAGTAGAG-1-0,TP53_CALR_het
GCTCCTGAGAGGCGTCAAGTAGAG-1-0,TP53_CALR_het
GCTCCTGAGCAAATTGAAGTAGAG-1-0,
GCTCCTGAGGGATTTAAAGTAGAG-1-0,TP53_CALR_het
GCTCCTGAGGGCGGAAAAGTAGAG-1-0,
GCTCCTGAGTTTCAGTAAGTAGAG-1-0,TP53_EZH2_CALR_mut
GCTCGCTCAATAGAGAAAGTAGAG-1-0,TP53_EZH2_CALR_mut
GCTCGCTCAATCATCCAAGTAGAG-1-0,TP53_CALR_het
GCTCGCTCACCTATCGAAGTAGAG-1-0,
GCTCGCTCACCTTTGGAAGTAGAG-1-0,TP53_EZH2_CALR_mut
GCTCGCTCAGCTGCTCAAGTAGAG-1-0,TP53_CALR_het
GCTCGCTCAGCTTTCGAAGTAGAG-1-0,TP53_CALR_het
GCTCGCTCAGGAATAAAAGTAGAG-1-0,TP53_EZH2_CALR_mut
GCTCGCTCATATAGGTAAGTAGAG-1-0,TP53_CALR_het
GCTCGCTCATGGCCGAAAGTAGAG-1-0,TP53_CALR_het
GCTCGTTAGAAGTACCAAGTAGAG-1-0,TP53_CALR_het
GCTCGTTAGCCTAAGGAAGTAGAG-1-0,TP53_CALR_het
GCTCGTTAGGCGCAACAAGTAGAG-1-0,
GCTCGTTAGGGCGGAAAAGTAGAG-1-0,
GCTCGTTAGTGAGTTAAAGTAGAG-1-0,
GCTGAAAGTACTTATGAAGTAGAG-1-0,TP53_EZH2_CALR_mut
GCTGAAAGTAGCCAAAAAGTAGAG-1-0,
GCTGAAAGTATATTCGAAGTAGAG-1-0,
GCTGAAAGTATTTACGAAGTAGAG-1-0,
GCTGAAAGTGCGGCAAAAGTAGAG-1-0,TP53_CALR_het
GCTGAAAGTGCGGTTCAAGTAGAG-1-0,TP53_EZH2_CALR_mut
GCTGAAAGTGTAATGGAAGTAGAG-1-0,TP53_CALR_het
GCTGAAAGTGTCCAATAAGTAGAG-1-0,
GCTGAAAGTTAACGTCAAGTAGAG-1-0,
GCTGAATAGACAACACAAGTAGAG-1-0,TP53_CALR_het
GCTGAATAGCAAGTTAAAGTAGAG-1-0,TP53_EZH2_CALR_mut
GCTGAATAGCTTGAGGAAGTAGAG-1-0,TP53_CALR_het
GCTGAATAGTGATCAAAAGTAGAG-1-0,TP53_EZH2_CALR_mut
GCTGACTTCAAGCTCCAAGTAGAG-1-0,TP53_CALR_het
GCTGACTTCAGCGATGAAGTAGAG-1-0,
GCTGACTTCATAACCTAAGTAGAG-1-0,
GCTGACTTCGCTCAACAAGTAGAG-1-0,TP53_CALR_het
GCTGACTTCTAAGTAGAAGTAGAG-1-0,TP53_CALR_het
GCTGACTTCTATTGACAAGTAGAG-1-0,
GCTGATGAGAAACCCGAAGTAGAG-1-0,TP53_CALR_het
GCTGATGAGACCAGGCAAGTAGAG-1-0,TP53_CALR_het
GCTGATGAGATTCGTTAAGTAGAG-1-0,
GCTGATGAGCCTGCCAAAGTAGAG-1-0,TP53_CALR_het
GCTGATGAGCTAACTTAAGTAGAG-1-0,TP53_EZH2_CALR_mut
GCTGATGAGCTCAAGGAAGTAGAG-1-0,
GCTGATGAGGCTAGATAAGTAGAG-1-0,
GCTGATGAGTATCGCCAAGTAGAG-1-0,TP53_CALR_het
GCTGATGAGTTACCTGAAGTAGAG-1-0,TP53_CALR_het
GCTGCTCCAAGCCAGTAAGTAGAG-1-0,
GCTGCTCCAATGAATCAAGTAGAG-1-0,
GCTGCTCCACCTCGACAAGTAGAG-1-0,
GCTGCTCCACTAGTAGAAGTAGAG-1-0,TP53_CALR_het
GCTGCTCCATAACCGAAAGTAGAG-1-0,
GCTGCTCCATAGCGCGAAGTAGAG-1-0,
GCTGGATCAAGCTATGAAGTAGAG-1-0,TP53_EZH2_CALR_mut
GCTGGATCACCATCCAAAGTAGAG-1-0,TP53_CALR_het
GCTGGATCACTTTGTAAAGTAGAG-1-0,
GCTGGATCAGATAGCCAAGTAGAG-1-0,
GCTGGATCATCCGCTAAAGTAGAG-1-0,TP53_CALR_het
GCTGGGTAGATAGCTAAAGTAGAG-1-0,TP53_CALR_het
GCTGGGTAGCAGCCAAAAGTAGAG-1-0,
GCTGGGTAGCCTCTAAAAGTAGAG-1-0,
GCTGGGTAGCCTGCCAAAGTAGAG-1-0,TP53_EZH2_CALR_mut
GCTGGGTAGCGAGGGAAAGTAGAG-1-0,TP53_CALR_het
GCTGGGTAGCGGGACTAAGTAGAG-1-0,TP53_CALR_het
GCTGGGTAGCTTCTAGAAGTAGAG-1-0,
GCTGGGTAGGGTTATAAAGTAGAG-1-0,
GCTGGGTAGTATCGCCAAGTAGAG-1-0,
GCTGGTAAGATAGCTAAAGTAGAG-1-0,TP53_EZH2_CALR_mut
GCTGGTAAGGACACGCAAGTAGAG-1-0,
GCTGGTAAGGATCCAGAAGTAGAG-1-0,
GCTGGTAAGTAAGCACAAGTAGAG-1-0,TP53_EZH2_CALR_mut
GCTGTAACAAACTGGCAAGTAGAG-1-0,ZRSR2_CALR_mut
GCTGTAACAATTGCGAAAGTAGAG-1-0,TP53_CALR_het
GCTGTAACAGGTATATAAGTAGAG-1-0,
GCTGTAACATCCACCAAAGTAGAG-1-0,
GCTGTAACATCCTTGGAAGTAGAG-1-0,TP53_CALR_het
GCTGTAACATGACATGAAGTAGAG-1-0,
GCTGTCAGTAAGGCTAAAGTAGAG-1-0,
GCTGTCAGTCAAAGGCAAGTAGAG-1-0,
GCTGTCAGTCAATTGCAAGTAGAG-1-0,TP53_CALR_het
GCTGTCAGTCCAATACAAGTAGAG-1-0,
GCTGTCAGTGAACGGTAAGTAGAG-1-0,TP53_CALR_het
GCTGTCAGTGGATGCGAAGTAGAG-1-0,
GCTGTCAGTGGCCCATAAGTAGAG-1-0,ZRSR2_CALR_mut
GCTGTTGGTAGTAGGCAAGTAGAG-1-0,
GCTGTTGGTATTCGGTAAGTAGAG-1-0,TP53_CALR_het
GCTGTTGGTATTTCGAAAGTAGAG-1-0,
GCTGTTGGTCGGTTATAAGTAGAG-1-0,TP53_CALR_het
GCTGTTGGTTTACCGGAAGTAGAG-1-0,TP53_EZH2_CALR_mut
GCTGTTGGTTTGGGCCAAGTAGAG-1-0,
GCTGTTGGTTTGTAGCAAGTAGAG-1-0,TP53_CALR_het
GCTTACATCAACCGGAAAGTAGAG-1-0,
GCTTACATCAAGCTCCAAGTAGAG-1-0,
GCTTACATCACACAAAAAGTAGAG-1-0,TP53_EZH2_CALR_mut
GCTTACATCACTATACAAGTAGAG-1-0,
GCTTACATCCAAACAAAAGTAGAG-1-0,
GCTTACATCCAAACGGAAGTAGAG-1-0,
GCTTACATCCAACTTGAAGTAGAG-1-0,
GCTTACATCCTCCCACAAGTAGAG-1-0,TP53_CALR_het
GCTTACATCGACTTGCAAGTAGAG-1-0,
GCTTACATCGATATAGAAGTAGAG-1-0,
GCTTACATCGATTGGGAAGTAGAG-1-0,
GCTTACATCGTGATTTAAGTAGAG-1-0,
GCTTAGCTCAGCGATGAAGTAGAG-1-0,TP53_CALR_het
GCTTAGCTCATGAGGTAAGTAGAG-1-0,TP53_CALR_het
GCTTAGCTCCAACATTAAGTAGAG-1-0,TP53_EZH2_CALR_mut
GCTTAGCTCCTCAAGCAAGTAGAG-1-0,
GCTTAGCTCGAAGTTAAAGTAGAG-1-0,ZRSR2_CALR_mut
GCTTAGCTCGATTCTGAAGTAGAG-1-0,TP53_EZH2_CALR_mut
GCTTAGCTCGCAAATAAAGTAGAG-1-0,TP53_EZH2_CALR_mut
GCTTAGCTCGCGGAACAAGTAGAG-1-0,TP53_EZH2_CALR_mut
GCTTAGCTCGCGTTCGAAGTAGAG-1-0,TP53_EZH2_CALR_mut
GCTTAGCTCGTCAACCAAGTAGAG-1-0,
GCTTAGCTCTATTGCGAAGTAGAG-1-0,TP53_CALR_het
GCTTAGGAGACAGACTAAGTAGAG-1-0,TP53_CALR_het
GCTTAGGAGATTATCCAAGTAGAG-1-0,
GCTTAGGAGCCTGGTTAAGTAGAG-1-0,TP53_CALR_het
GCTTAGGAGCTATTACAAGTAGAG-1-0,ZRSR2_CALR_mut
GCTTAGGAGGAAGCCCAAGTAGAG-1-0,ZRSR2_CALR_mut
GCTTAGGAGGTCGAGCAAGTAGAG-1-0,TP53_CALR_het
GCTTAGGAGTCTAATCAAGTAGAG-1-0,
GCTTAGGAGTGATTTCAAGTAGAG-1-0,
GCTTAGGAGTTGGCCTAAGTAGAG-1-0,
GCTTAGTGTAACTAGGAAGTAGAG-1-0,
GCTTAGTGTAGGTTTCAAGTAGAG-1-0,
GCTTAGTGTATTGACCAAGTAGAG-1-0,TP53_CALR_het
GCTTAGTGTCGAAGTAAAGTAGAG-1-0,TP53_EZH2_CALR_mut
GCTTAGTGTGCCCGATAAGTAGAG-1-0,ZRSR2_CALR_mut
GCTTAGTGTTAGGTGAAAGTAGAG-1-0,TP53_EZH2_CALR_mut
GCTTAGTGTTTAGTTGAAGTAGAG-1-0,TP53_CALR_het
GCTTATTAGACTCAAAAAGTAGAG-1-0,TP53_CALR_het
GCTTATTAGCTGATGGAAGTAGAG-1-0,TP53_CALR_het
GCTTATTAGGCTTAAAAAGTAGAG-1-0,TP53_CALR_het
GCTTATTAGGTTAGCGAAGTAGAG-1-0,TP53_CALR_het
GCTTATTAGTAAAGGGAAGTAGAG-1-0,
GCTTATTAGTGCTGAGAAGTAGAG-1-0,
GCTTATTAGTTAACAGAAGTAGAG-1-0,
GCTTATTAGTTATCCGAAGTAGAG-1-0,ZRSR2_CALR_mut
GCTTCATCAACCGTGGAAGTAGAG-1-0,
GCTTCATCACAGGCTGAAGTAGAG-1-0,
GCTTCATCAGTAAGTTAAGTAGAG-1-0,ZRSR2_CALR_mut
GCTTCGGTCAACCTATAAGTAGAG-1-0,
GCTTCGGTCACCTAATAAGTAGAG-1-0,TP53_CALR_het
GCTTCGGTCATCCAGCAAGTAGAG-1-0,
GCTTCGGTCATGGTCCAAGTAGAG-1-0,ZRSR2_CALR_mut
GCTTCGGTCCAAATAGAAGTAGAG-1-0,
GCTTCGGTCGCTATATAAGTAGAG-1-0,TP53_EZH2_CALR_mut
GCTTCGGTCGGGCAACAAGTAGAG-1-0,TP53_CALR_het
GCTTCGGTCGGTAAGTAAGTAGAG-1-0,
GCTTCGGTCTAGCCTAAAGTAGAG-1-0,
GCTTCGGTCTTTAGCGAAGTAGAG-1-0,TP53_CALR_het
GCTTCTAAGAAACCCGAAGTAGAG-1-0,
GCTTCTAAGATGAAGGAAGTAGAG-1-0,TP53_CALR_het
GCTTCTAAGCAAGACTAAGTAGAG-1-0,TP53_CALR_het
GCTTCTAAGCTAAACAAAGTAGAG-1-0,ZRSR2_CALR_mut
GCTTCTAAGGCAATCGAAGTAGAG-1-0,TP53_CALR_het
GCTTCTAAGGCTACTCAAGTAGAG-1-0,
GCTTCTAAGTCTATGTAAGTAGAG-1-0,
GCTTGAACAAACGGTCAAGTAGAG-1-0,
GCTTGAACACAATCGAAAGTAGAG-1-0,
GCTTGAACACATACCTAAGTAGAG-1-0,
GCTTGAACACATGAATAAGTAGAG-1-0,
GCTTGAACAGAAAGGTAAGTAGAG-1-0,
GCTTGAACAGCTCATTAAGTAGAG-1-0,
GCTTGAACATAGGGTCAAGTAGAG-1-0,
GCTTGAACATGCAATGAAGTAGAG-1-0,TP53_EZH2_CALR_mut
GCTTGATGTAACGTGAAAGTAGAG-1-0,
GCTTGATGTAAGGCTAAAGTAGAG-1-0,
GCTTGATGTACTAACCAAGTAGAG-1-0,
GCTTGATGTATTACCAAAGTAGAG-1-0,
GCTTGATGTATTCGACAAGTAGAG-1-0,TP53_CALR_het
GCTTGATGTGAAGCACAAGTAGAG-1-0,
GCTTGATGTTTACTGAAAGTAGAG-1-0,
GCTTGCGTCAATACAGAAGTAGAG-1-0,TP53_CALR_het
GCTTGCGTCACTGTCAAAGTAGAG-1-0,ZRSR2_CALR_mut
GCTTGCGTCCTGGTTAAAGTAGAG-1-0,TP53_CALR_het
GCTTGCGTCCTTGAGCAAGTAGAG-1-0,
GCTTGCGTCGATTCTGAAGTAGAG-1-0,
GCTTGCGTCGCGTTACAAGTAGAG-1-0,TP53_EZH2_CALR_mut
GCTTGGTTCACCCTCCAAGTAGAG-1-0,
GCTTGGTTCAGGTAACAAGTAGAG-1-0,TP53_CALR_het
GCTTGGTTCGATATTCAAGTAGAG-1-0,
GCTTGGTTCGCCTCTCAAGTAGAG-1-0,
GCTTGGTTCTGGCCCAAAGTAGAG-1-0,TP53_EZH2_CALR_mut
GCTTGTTCACAGGCTGAAGTAGAG-1-0,TP53_EZH2_CALR_mut
GCTTGTTCACGGTTCCAAGTAGAG-1-0,
GCTTGTTCACTGACAAAAGTAGAG-1-0,TP53_CALR_het
GCTTGTTCAGCCTTCAAAGTAGAG-1-0,
GCTTGTTCATGGATTGAAGTAGAG-1-0,TP53_CALR_het
GCTTGTTCATTTATCGAAGTAGAG-1-0,TP53_EZH2_CALR_mut
GCTTTCAAGATAACCAAAGTAGAG-1-0,
GCTTTCAAGCAAGTTAAAGTAGAG-1-0,TP53_CALR_het
GCTTTCAAGCAGGTCAAAGTAGAG-1-0,
GCTTTCAAGCATCTTGAAGTAGAG-1-0,TP53_EZH2_CALR_mut
GCTTTCAAGCCTAAGGAAGTAGAG-1-0,
GCTTTCAAGCTAAGTAAAGTAGAG-1-0,TP53_EZH2_CALR_mut
GCTTTCAAGGACAAGAAAGTAGAG-1-0,TP53_CALR_het
GCTTTGTCAACAGCACAAGTAGAG-1-0,
GCTTTGTCAACAGCTAAAGTAGAG-1-0,TP53_CALR_het
GCTTTGTCAACCATTCAAGTAGAG-1-0,TP53_CALR_het
GCTTTGTCAAGGCTTAAAGTAGAG-1-0,
GCTTTGTCAATCATCCAAGTAGAG-1-0,
GCTTTGTCACTAGCGGAAGTAGAG-1-0,TP53_CALR_het
GCTTTGTCAGCTCGCTAAGTAGAG-1-0,
GCTTTGTCAGGCTGTGAAGTAGAG-1-0,
GGAAATTGTAAGGCTAAAGTAGAG-1-0,TP53_CALR_het
GGAAATTGTAATGGTGAAGTAGAG-1-0,
GGAAATTGTAGTTGTCAAGTAGAG-1-0,
GGAAATTGTCAAGCTTAAGTAGAG-1-0,TP53_CALR_het
GGAAATTGTCAATCGTAAGTAGAG-1-0,TP53_EZH2_CALR_het
GGAAATTGTCCTTCGTAAGTAGAG-1-0,TP53_CALR_het
GGAAATTGTCGAAGGTAAGTAGAG-1-0,TP53_CALR_het
GGAAATTGTGTTAGCTAAGTAGAG-1-0,TP53_EZH2_CALR_mut
GGAACAAAGACGCATGAAGTAGAG-1-0,TP53_CALR_het
GGAACAAAGATAATCGAAGTAGAG-1-0,
GGAACAAAGCTAAATGAAGTAGAG-1-0,
GGAACAAAGCTATCGCAAGTAGAG-1-0,
GGAACAAAGTCATAAGAAGTAGAG-1-0,
GGAACAAAGTGCTGAGAAGTAGAG-1-0,
GGAACAAAGTGTCCACAAGTAGAG-1-0,
GGAACATTCACAAACAAAGTAGAG-1-0,ZRSR2_CALR_mut
GGAACATTCACCTTTCAAGTAGAG-1-0,ZRSR2_CALR_mut
GGAACATTCCCTCGCTAAGTAGAG-1-0,TP53_EZH2_CALR_mut
GGAACATTCGCGAGTAAAGTAGAG-1-0,
GGAACCATCACTTCGAAAGTAGAG-1-0,TP53_CALR_het
GGAACCATCCAGGAATAAGTAGAG-1-0,
GGAACCATCCGTCAACAAGTAGAG-1-0,
GGAACCATCGTGATGGAAGTAGAG-1-0,
GGAACCATCTATTGCGAAGTAGAG-1-0,
GGAACCATCTCACTAGAAGTAGAG-1-0,TP53_EZH2_CALR_mut
GGAACCGGTAACCTTAAAGTAGAG-1-0,
GGAACCGGTAGCGGATAAGTAGAG-1-0,
GGAACCGGTATAGTGGAAGTAGAG-1-0,TP53_CALR_het
GGAACCGGTATGGTGAAAGTAGAG-1-0,
GGAACCGGTCCAGCACAAGTAGAG-1-0,
GGAACCGGTGCTCATGAAGTAGAG-1-0,
GGAACCGGTGTAATGGAAGTAGAG-1-0,
GGAACCGGTTAGTTTGAAGTAGAG-1-0,
GGAACCTCAACTTAGGAAGTAGAG-1-0,TP53_EZH2_CALR_mut
GGAACCTCAATCAAGTAAGTAGAG-1-0,TP53_CALR_het
GGAACCTCACCAGCTCAAGTAGAG-1-0,
GGAACCTCACTAACTCAAGTAGAG-1-0,TP53_EZH2_CALR_mut
GGAACCTCAGACTCAAAAGTAGAG-1-0,
GGAACCTCATCCTTGGAAGTAGAG-1-0,
GGAACCTCATCTATCAAAGTAGAG-1-0,TP53_EZH2_CALR_mut
GGAACTAGTAGCCTTGAAGTAGAG-1-0,TP53_EZH2_CALR_mut
GGAACTAGTATTGCGTAAGTAGAG-1-0,
GGAACTAGTGACCTGCAAGTAGAG-1-0,ZRSR2_CALR_mut
GGAACTAGTGCGCAAGAAGTAGAG-1-0,TP53_EZH2_CALR_mut
GGAACTAGTGCGGCTTAAGTAGAG-1-0,TP53_EZH2_CALR_mut
GGAACTAGTTACCGTGAAGTAGAG-1-0,TP53_CALR_het
GGAACTAGTTCGAATCAAGTAGAG-1-0,TP53_CALR_het
GGAACTAGTTGTTCCCAAGTAGAG-1-0,
GGAAGCCTCAAGGTGTAAGTAGAG-1-0,
GGAAGCCTCACATTCGAAGTAGAG-1-0,TP53_CALR_het
GGAAGCCTCAGGTTAAAAGTAGAG-1-0,
GGAAGCCTCATAGGCGAAGTAGAG-1-0,TP53_EZH2_CALR_mut
GGAAGCCTCCCGCTGAAAGTAGAG-1-0,TP53_CALR_het
GGAAGCCTCCCGTTGGAAGTAGAG-1-0,TP53_CALR_het
GGAAGCCTCCTTAGATAAGTAGAG-1-0,
GGAAGCCTCGATTGAAAAGTAGAG-1-0,
GGAAGCCTCGCGCATTAAGTAGAG-1-0,
GGAAGCCTCGTGATGGAAGTAGAG-1-0,TP53_EZH2_CALR_mut
GGAAGCCTCTCAGCTAAAGTAGAG-1-0,TP53_EZH2_CALR_mut
GGAAGCCTCTTCGCTTAAGTAGAG-1-0,TP53_EZH2_CALR_mut
GGAAGTAAGATAGCTAAAGTAGAG-1-0,
GGAAGTAAGATGAACCAAGTAGAG-1-0,TP53_EZH2_CALR_mut
GGAAGTAAGATGATTGAAGTAGAG-1-0,
GGAAGTAAGCACTACCAAGTAGAG-1-0,TP53_EZH2_CALR_mut
GGAAGTAAGCGAGTTGAAGTAGAG-1-0,
GGAAGTAAGCGATGGCAAGTAGAG-1-0,TP53_CALR_het
GGAAGTAAGGCCATGAAAGTAGAG-1-0,
GGAAGTAAGGCGAGAGAAGTAGAG-1-0,TP53_EZH2_CALR_mut
GGAAGTAAGGGAGGATAAGTAGAG-1-0,TP53_CALR_het
GGAAGTAAGTCAACAAAAGTAGAG-1-0,
GGAAGTAAGTCACTATAAGTAGAG-1-0,
GGAAGTAAGTTATTGCAAGTAGAG-1-0,
GGAAGTTTCAGCCCTGAAGTAGAG-1-0,TP53_CALR_het
GGAAGTTTCATGCATTAAGTAGAG-1-0,
GGAAGTTTCATGGATAAAGTAGAG-1-0,TP53_EZH2_CALR_mut
GGAAGTTTCGGTAACGAAGTAGAG-1-0,TP53_EZH2_CALR_mut
GGAATAACACAATCGAAAGTAGAG-1-0,
GGAATAACACGGATACAAGTAGAG-1-0,
GGAATAACACTCCCTTAAGTAGAG-1-0,
GGAATAACACTGTCATAAGTAGAG-1-0,
GGAATAACATCCGCTAAAGTAGAG-1-0,
GGAATAACATGGCCGAAAGTAGAG-1-0,
GGAATAACATGTTTCAAAGTAGAG-1-0,
GGAATAACATTGCCTGAAGTAGAG-1-0,TP53_CALR_het
GGAATCTAGACAAGCTAAGTAGAG-1-0,
GGAATCTAGCAGGCTAAAGTAGAG-1-0,TP53_CALR_het
GGAATCTAGCGAAGTTAAGTAGAG-1-0,
GGAATCTAGGAACCATAAGTAGAG-1-0,
GGAATCTAGGATTATGAAGTAGAG-1-0,TP53_CALR_het
GGAATCTAGGTAACTAAAGTAGAG-1-0,TP53_EZH2_CALR_mut
GGAATCTAGTAGCGCAAAGTAGAG-1-0,
GGAATCTAGTATCGCCAAGTAGAG-1-0,TP53_CALR_het
GGAATCTAGTCATCATAAGTAGAG-1-0,
GGAATCTAGTGAGGAAAAGTAGAG-1-0,
GGAATCTAGTTATTGCAAGTAGAG-1-0,
GGAATCTAGTTGACCCAAGTAGAG-1-0,
GGAATCTAGTTTGAGAAAGTAGAG-1-0,
GGACATAGTCCATTAAAAGTAGAG-1-0,
GGACATAGTCGTTCGAAAGTAGAG-1-0,
GGACATAGTTCCGTGAAAGTAGAG-1-0,TP53_CALR_het
GGACATCCAACAAAGAAAGTAGAG-1-0,TP53_CALR_het
GGACATCCAAGCGATCAAGTAGAG-1-0,
GGACATCCAAGTTGCAAAGTAGAG-1-0,
GGACATCCAATCCACTAAGTAGAG-1-0,TP53_EZH2_CALR_mut
GGACATCCACTCAGTTAAGTAGAG-1-0,TP53_EZH2_CALR_mut
GGACATCCAGAGAGCAAAGTAGAG-1-0,TP53_EZH2_CALR_mut
GGACATCCATACCTTAAAGTAGAG-1-0,TP53_EZH2_CALR_mut
GGACATCCATGAGGGAAAGTAGAG-1-0,
GGACCAGGTACGGGCAAAGTAGAG-1-0,
GGACCAGGTGCACTATAAGTAGAG-1-0,TP53_EZH2_CALR_mut
GGACCAGGTGGCCCATAAGTAGAG-1-0,TP53_EZH2_CALR_mut
GGACCAGGTTAACGTCAAGTAGAG-1-0,TP53_EZH2_CALR_mut
GGACCAGGTTAGGCTTAAGTAGAG-1-0,TP53_CALR_het
GGACCAGGTTCACCTCAAGTAGAG-1-0,
GGACCAGGTTCCGTGAAAGTAGAG-1-0,
GGACCAGGTTCGAATCAAGTAGAG-1-0,TP53_CALR_het
GGACCCACACAATGGCAAGTAGAG-1-0,
GGACCCACACAGCAACAAGTAGAG-1-0,TP53_EZH2_CALR_mut
GGACCCACAGGCTATAAAGTAGAG-1-0,TP53_EZH2_CALR_mut
GGACCCACATAGTCAGAAGTAGAG-1-0,
GGACCTGCAACAGAGGAAGTAGAG-1-0,TP53_CALR_het
GGACCTGCAAGTTGCAAAGTAGAG-1-0,TP53_EZH2_CALR_mut
GGACCTGCAAGTTGGCAAGTAGAG-1-0,TP53_CALR_het
GGACCTGCAATTGAACAAGTAGAG-1-0,
GGACCTGCACAGCCAGAAGTAGAG-1-0,
GGACCTGCACATTGAGAAGTAGAG-1-0,TP53_CALR_het
GGACCTGCACCATCCAAAGTAGAG-1-0,TP53_EZH2_CALR_mut
GGACCTGCACGTTACTAAGTAGAG-1-0,
GGACCTGCATCAAGCAAAGTAGAG-1-0,
GGACCTGCATTGCATCAAGTAGAG-1-0,TP53_CALR_het
GGACCTGCATTTAGCCAAGTAGAG-1-0,
GGACCTTTCACTCGCGAAGTAGAG-1-0,TP53_CALR_het
GGACCTTTCATAGGTAAAGTAGAG-1-0,
GGACCTTTCATGCGTCAAGTAGAG-1-0,
GGACCTTTCCTCAATGAAGTAGAG-1-0,TP53_EZH2_CALR_mut
GGACCTTTCGGGACTAAAGTAGAG-1-0,
GGACTAAGTAATCCGTAAGTAGAG-1-0,TP53_EZH2_CALR_mut
GGACTAAGTCCTTCGTAAGTAGAG-1-0,
GGACTAAGTGCACAAAAAGTAGAG-1-0,TP53_CALR_het
GGACTAAGTGCGGTTCAAGTAGAG-1-0,
GGACTAAGTTCTGGCAAAGTAGAG-1-0,TP53_EZH2_CALR_mut
GGACTAAGTTGCATCGAAGTAGAG-1-0,TP53_CALR_het
GGACTAAGTTGGTTACAAGTAGAG-1-0,
GGACTAAGTTTACCGGAAGTAGAG-1-0,
GGACTTACAATGGATTAAGTAGAG-1-0,
GGACTTACAATGGGAGAAGTAGAG-1-0,TP53_EZH2_CALR_mut
GGACTTACACATACCTAAGTAGAG-1-0,
GGACTTACATCTATCAAAGTAGAG-1-0,TP53_CALR_het
GGACTTACATGGCGCAAAGTAGAG-1-0,TP53_CALR_het
GGACTTACATTCAGGAAAGTAGAG-1-0,
GGACTTACATTTCATGAAGTAGAG-1-0,ZRSR2_CALR_mut
GGAGCATGTAACCGCCAAGTAGAG-1-0,ZRSR2_CALR_mut
GGAGCATGTCTTACTTAAGTAGAG-1-0,
GGAGCATGTGCAGCTCAAGTAGAG-1-0,TP53_EZH2_CALR_mut
GGAGCATGTGGATGGTAAGTAGAG-1-0,
GGAGCATGTTAGGTGAAAGTAGAG-1-0,TP53_CALR_het
GGAGCGAAGAAAGGCAAAGTAGAG-1-0,
GGAGCGAAGATAACGCAAGTAGAG-1-0,TP53_CALR_het
GGAGCGAAGGAAACCTAAGTAGAG-1-0,
GGAGCGAAGGATGCATAAGTAGAG-1-0,TP53_EZH2_CALR_mut
GGAGCGAAGGTGCACAAAGTAGAG-1-0,TP53_CALR_het
GGAGCGAAGGTTAGACAAGTAGAG-1-0,
GGAGCGAAGGTTATCTAAGTAGAG-1-0,TP53_CALR_het
GGAGCGAAGTCGCATCAAGTAGAG-1-0,
GGAGCTATCCAGAAACAAGTAGAG-1-0,
GGAGCTATCCTCAATGAAGTAGAG-1-0,TP53_EZH2_CALR_mut
GGAGCTATCGCCTCTCAAGTAGAG-1-0,
GGAGCTATCGCTCAACAAGTAGAG-1-0,
GGAGCTATCGTTAGGGAAGTAGAG-1-0,ZRSR2_CALR_mut
GGAGCTATCTCAAACTAAGTAGAG-1-0,TP53_CALR_het
GGAGCTATCTCACCTTAAGTAGAG-1-0,
GGAGCTATCTTGAATCAAGTAGAG-1-0,TP53_CALR_het
GGAGGATAGGCAAGCCAAGTAGAG-1-0,
GGAGGATAGGGATGAAAAGTAGAG-1-0,
GGAGGATAGGTTACTTAAGTAGAG-1-0,TP53_EZH2_CALR_mut
GGAGGATAGTAAGCACAAGTAGAG-1-0,
GGAGGATAGTCCTGCGAAGTAGAG-1-0,
GGAGGTACAATAGAGAAAGTAGAG-1-0,TP53_CALR_het
GGAGGTACAATCATCCAAGTAGAG-1-0,
GGAGGTACAGATAACTAAGTAGAG-1-0,
GGAGGTACATAGGCGTAAGTAGAG-1-0,
GGAGTCATCAAGGGCCAAGTAGAG-1-0,TP53_EZH2_CALR_mut
GGAGTCATCACGGACAAAGTAGAG-1-0,TP53_CALR_het
GGAGTCATCCAGATAAAAGTAGAG-1-0,
GGAGTCATCCTGCCAGAAGTAGAG-1-0,
GGAGTCATCGATTAAGAAGTAGAG-1-0,
GGAGTCATCGATTATCAAGTAGAG-1-0,TP53_EZH2_CALR_mut
GGAGTCATCGCGGATAAAGTAGAG-1-0,TP53_EZH2_CALR_mut
GGAGTCATCGGCTAAGAAGTAGAG-1-0,
GGAGTCATCGGGCAGTAAGTAGAG-1-0,TP53_CALR_het
GGAGTCATCGTAAAGCAAGTAGAG-1-0,TP53_EZH2_CALR_mut
GGAGTCATCGTAACTTAAGTAGAG-1-0,TP53_CALR_het
GGAGTCATCTAAGTCTAAGTAGAG-1-0,TP53_EZH2_CALR_mut
GGAGTCATCTGGGAATAAGTAGAG-1-0,TP53_EZH2_CALR_mut
GGAGTCGGTTAGTCTAAAGTAGAG-1-0,TP53_CALR_het
GGAGTCGGTTAGTGAGAAGTAGAG-1-0,TP53_EZH2_CALR_mut
GGAGTCGGTTTCCTGCAAGTAGAG-1-0,
GGAGTCTCAACGACTAAAGTAGAG-1-0,
GGAGTCTCACCACATTAAGTAGAG-1-0,
GGAGTCTCACCTAACTAAGTAGAG-1-0,
GGAGTCTCACCTTCTCAAGTAGAG-1-0,
GGAGTCTCAGCTCGCTAAGTAGAG-1-0,
GGATAATGTAAGGTTGAAGTAGAG-1-0,
GGATAATGTCAATTGCAAGTAGAG-1-0,
GGATAATGTCCAGCACAAGTAGAG-1-0,TP53_CALR_het
GGATAATGTCGCAACCAAGTAGAG-1-0,
GGATAATGTCGTTGCAAAGTAGAG-1-0,TP53_CALR_het
GGATAATGTTCGATGTAAGTAGAG-1-0,TP53_EZH2_CALR_mut
GGATAGGCAAGGTGTCAAGTAGAG-1-0,
GGATAGGCAATGTTCCAAGTAGAG-1-0,TP53_CALR_het
GGATAGGCACGGTACGAAGTAGAG-1-0,TP53_EZH2_CALR_mut
GGATAGGCAGTTGCCCAAGTAGAG-1-0,
GGATATTCAAACGGTCAAGTAGAG-1-0,
GGATATTCAGGATTATAAGTAGAG-1-0,
GGATATTCATGAGCTAAAGTAGAG-1-0,
GGATCCGCAACCTCGCAAGTAGAG-1-0,TP53_CALR_het
GGATCCGCAAGGTGTCAAGTAGAG-1-0,ZRSR2_CALR_mut
GGATCCGCAAGTTCCTAAGTAGAG-1-0,TP53_EZH2_CALR_mut
GGATCCGCAATAGAGAAAGTAGAG-1-0,
GGATCCGCACAATACGAAGTAGAG-1-0,ZRSR2_CALR_mut
GGATCCGCACCAGCTCAAGTAGAG-1-0,
GGATCCGCACGGTAACAAGTAGAG-1-0,
GGATCCGCACTAACGAAAGTAGAG-1-0,
GGATCCGCATGCCTCAAAGTAGAG-1-0,TP53_CALR_het
GGATGGCTCACAATGAAAGTAGAG-1-0,
GGATGGCTCACGTTATAAGTAGAG-1-0,ZRSR2_CALR_mut
GGATGGCTCAGGCAATAAGTAGAG-1-0,ZRSR2_CALR_mut
GGATGGCTCCCTCTCAAAGTAGAG-1-0,TP53_CALR_het
GGATGGCTCCGTTAGCAAGTAGAG-1-0,
GGATGGCTCCTGGAAGAAGTAGAG-1-0,TP53_EZH2_CALR_mut
GGATGGCTCGACTTTGAAGTAGAG-1-0,
GGATGGCTCGCAACGAAAGTAGAG-1-0,
GGATGGCTCTCAGCACAAGTAGAG-1-0,TP53_EZH2_CALR_mut
GGATGTCCAAACCTGAAAGTAGAG-1-0,
GGATGTCCAAGCTCAAAAGTAGAG-1-0,
GGATGTCCACTAGTCTAAGTAGAG-1-0,
GGATGTCCAGAGGCTTAAGTAGAG-1-0,
GGATGTCCAGCCCTTAAAGTAGAG-1-0,TP53_CALR_het
GGATGTCCAGCGATCGAAGTAGAG-1-0,TP53_EZH2_CALR_mut
GGATGTCCAGTGAGGAAAGTAGAG-1-0,
GGATGTCCATGAGGGAAAGTAGAG-1-0,
GGATGTCCATGCAATGAAGTAGAG-1-0,
GGATGTCCATGCGGATAAGTAGAG-1-0,
GGATTATCAAACCCAAAAGTAGAG-1-0,
GGATTATCAACTAAACAAGTAGAG-1-0,TP53_CALR_het
GGATTATCAAGACATTAAGTAGAG-1-0,ZRSR2_CALR_mut
GGATTATCACGTAGGTAAGTAGAG-1-0,
GGATTATCATAGGGTCAAGTAGAG-1-0,ZRSR2_CALR_mut
GGATTATCATGTGGCGAAGTAGAG-1-0,
GGATTATCATTCATGCAAGTAGAG-1-0,
GGATTATCATTGTGTCAAGTAGAG-1-0,TP53_EZH2_CALR_mut
GGATTGAGTAACCGCCAAGTAGAG-1-0,
GGATTGAGTACGTTCGAAGTAGAG-1-0,
GGATTGAGTACTTCCCAAGTAGAG-1-0,TP53_EZH2_CALR_mut
GGATTGAGTCGAGGCAAAGTAGAG-1-0,
GGATTGAGTTGCTCCTAAGTAGAG-1-0,
GGATTGAGTTTGTAGCAAGTAGAG-1-0,TP53_EZH2_CALR_mut
GGATTGCCAAGTTAACAAGTAGAG-1-0,
GGATTGCCAATCAAGTAAGTAGAG-1-0,TP53_EZH2_CALR_het
GGATTGCCAATGGATTAAGTAGAG-1-0,
GGATTGCCACATAGTGAAGTAGAG-1-0,TP53_CALR_het
GGATTGCCACCTACTGAAGTAGAG-1-0,
GGATTGCCACGTTACTAAGTAGAG-1-0,
GGATTGCCACTAACAGAAGTAGAG-1-0,TP53_EZH2_CALR_mut
GGATTGCCATTCAGGAAAGTAGAG-1-0,TP53_EZH2_CALR_mut
GGATTGGTCAAGGTACAAGTAGAG-1-0,
GGATTGGTCACTATGTAAGTAGAG-1-0,
GGATTGGTCATCACATAAGTAGAG-1-0,TP53_EZH2_CALR_mut
GGATTGGTCATGCGTCAAGTAGAG-1-0,
GGATTGGTCCCGCTGAAAGTAGAG-1-0,
GGATTGGTCCCTCTCAAAGTAGAG-1-0,
GGATTGGTCGTAAAGCAAGTAGAG-1-0,TP53_EZH2_CALR_mut
GGATTGGTCTATGCATAAGTAGAG-1-0,TP53_EZH2_CALR_mut
GGATTGGTCTCAGCACAAGTAGAG-1-0,TP53_CALR_het
GGATTGGTCTTCGCCCAAGTAGAG-1-0,
GGCAAATTCCCACATAAAGTAGAG-1-0,TP53_EZH2_CALR_mut
GGCAAATTCCGCTATAAAGTAGAG-1-0,
GGCAAATTCCTTGTTCAAGTAGAG-1-0,
GGCAAATTCGGGACTAAAGTAGAG-1-0,
GGCAAATTCGGTACAGAAGTAGAG-1-0,
GGCAAATTCGTTCAATAAGTAGAG-1-0,
GGCAACATCACAGGGCAAGTAGAG-1-0,ZRSR2_CALR_mut
GGCAACATCACCTGTAAAGTAGAG-1-0,TP53_CALR_het
GGCAACATCACGGACAAAGTAGAG-1-0,
GGCAACATCAGGTAACAAGTAGAG-1-0,
GGCAACATCATGAGGTAAGTAGAG-1-0,
GGCAACATCCCTCATTAAGTAGAG-1-0,
GGCAACATCCGGATAGAAGTAGAG-1-0,TP53_CALR_het
GGCAACATCCTAAGGGAAGTAGAG-1-0,TP53_EZH2_CALR_mut
GGCAAGCTCAAGGGCCAAGTAGAG-1-0,TP53_EZH2_CALR_mut
GGCAAGCTCAGGAGCCAAGTAGAG-1-0,TP53_EZH2_CALR_mut
GGCAAGCTCAGGCTGAAAGTAGAG-1-0,
GGCAAGCTCAGGTAACAAGTAGAG-1-0,
GGCAAGCTCCAACATTAAGTAGAG-1-0,
GGCAAGCTCCTTGTTCAAGTAGAG-1-0,
GGCAAGCTCCTTTCGTAAGTAGAG-1-0,
GGCAAGCTCGATTCTGAAGTAGAG-1-0,ZRSR2_CALR_mut
GGCAAGCTCTCTATGGAAGTAGAG-1-0,TP53_EZH2_CALR_mut
GGCAAGCTCTGTCAATAAGTAGAG-1-0,
GGCAAGTGTAGACTGAAAGTAGAG-1-0,TP53_CALR_het
GGCAAGTGTCATTATGAAGTAGAG-1-0,TP53_CALR_het
GGCAAGTGTGCACAAAAAGTAGAG-1-0,TP53_CALR_het
GGCAAGTGTGGGAACTAAGTAGAG-1-0,
GGCAAGTGTGTGACCCAAGTAGAG-1-0,
GGCAATAGTCAATGTCAAGTAGAG-1-0,
GGCAATAGTGCTGATTAAGTAGAG-1-0,TP53_CALR_het
GGCAATAGTGGTTCGCAAGTAGAG-1-0,
GGCAATAGTTAGTGCTAAGTAGAG-1-0,TP53_EZH2_CALR_mut
GGCAATAGTTGGATAGAAGTAGAG-1-0,TP53_EZH2_CALR_mut
GGCAATCCAAACCCAAAAGTAGAG-1-0,
GGCAATCCACGCAATAAAGTAGAG-1-0,TP53_CALR_het
GGCAATCCACTTTACAAAGTAGAG-1-0,TP53_CALR_het
GGCAATCCAGTGAGGAAAGTAGAG-1-0,
GGCAATCCAGTTATCCAAGTAGAG-1-0,ZRSR2_CALR_mut
GGCAATCCATAAGCCAAAGTAGAG-1-0,
GGCAATCCATGCTCCAAAGTAGAG-1-0,
GGCAATCCATTTGGGAAAGTAGAG-1-0,TP53_CALR_het
GGCACAATCAACTGGGAAGTAGAG-1-0,
GGCACAATCAAGGTACAAGTAGAG-1-0,TP53_EZH2_CALR_mut
GGCACAATCAATCCTGAAGTAGAG-1-0,
GGCACAATCCGCCCAAAAGTAGAG-1-0,
GGCACAATCCGGCTCAAAGTAGAG-1-0,
GGCACAATCCTCAATGAAGTAGAG-1-0,TP53_EZH2_CALR_mut
GGCACAATCGATTGGGAAGTAGAG-1-0,TP53_EZH2_CALR_mut
GGCACAATCGCCACATAAGTAGAG-1-0,
GGCACAATCGCTCAACAAGTAGAG-1-0,
GGCACGTAGAACCTAAAAGTAGAG-1-0,
GGCACGTAGAAGCAAGAAGTAGAG-1-0,
GGCACGTAGAGGCGTCAAGTAGAG-1-0,
GGCACGTAGATAACCAAAGTAGAG-1-0,
GGCACGTAGGTATAGCAAGTAGAG-1-0,
GGCACGTAGGTTCATTAAGTAGAG-1-0,TP53_CALR_het
GGCACGTAGTAATGGCAAGTAGAG-1-0,
GGCACGTAGTCATCATAAGTAGAG-1-0,TP53_CALR_het
GGCACGTAGTGGACCAAAGTAGAG-1-0,
GGCACGTAGTTTCCAGAAGTAGAG-1-0,
GGCACTAAGAGGTTCGAAGTAGAG-1-0,
GGCACTAAGCAAATTGAAGTAGAG-1-0,
GGCACTAAGCGAATACAAGTAGAG-1-0,
GGCACTAAGGAGCCGTAAGTAGAG-1-0,
GGCACTAAGGCGATATAAGTAGAG-1-0,TP53_EZH2_CALR_mut
GGCACTAAGGTAGTTAAAGTAGAG-1-0,TP53_EZH2_CALR_mut
GGCACTAAGTAAACCAAAGTAGAG-1-0,TP53_CALR_het
GGCACTAAGTATGGGTAAGTAGAG-1-0,TP53_EZH2_CALR_mut
GGCACTAAGTGATTTCAAGTAGAG-1-0,ZRSR2_CALR_mut
GGCACTAAGTTAGGCGAAGTAGAG-1-0,ZRSR2_CALR_mut
GGCAGGTTCAAGGTGTAAGTAGAG-1-0,
GGCAGGTTCCATCCAAAAGTAGAG-1-0,TP53_CALR_het
GGCAGGTTCGAGGCACAAGTAGAG-1-0,TP53_CALR_het
GGCAGGTTCGATATAGAAGTAGAG-1-0,
GGCAGGTTCTGTCAATAAGTAGAG-1-0,ZRSR2_CALR_mut
GGCATGATCACACAAAAAGTAGAG-1-0,
GGCATGATCACAGATAAAGTAGAG-1-0,
GGCATGATCATGTCATAAGTAGAG-1-0,TP53_CALR_het
GGCATGATCCAGAAACAAGTAGAG-1-0,TP53_EZH2_CALR_mut
GGCATGATCCATAACTAAGTAGAG-1-0,TP53_CALR_het
GGCATGATCCCAGTACAAGTAGAG-1-0,TP53_CALR_het
GGCATGATCCCATAGCAAGTAGAG-1-0,ZRSR2_CALR_mut
GGCATGATCCGGACAAAAGTAGAG-1-0,
GGCATGATCCTGCAACAAGTAGAG-1-0,TP53_EZH2_CALR_mut
GGCATGATCGGTAATAAAGTAGAG-1-0,
GGCATGTCAACAAAGAAAGTAGAG-1-0,TP53_CALR_het
GGCATGTCAAGTTCCTAAGTAGAG-1-0,
GGCATGTCACTATGGAAAGTAGAG-1-0,
GGCATGTCAGCGGATTAAGTAGAG-1-0,ZRSR2_CALR_mut
GGCATGTCATAACCGAAAGTAGAG-1-0,
GGCATGTCATCACAGAAAGTAGAG-1-0,TP53_EZH2_CALR_mut
GGCATGTCATGAGTCAAAGTAGAG-1-0,TP53_CALR_het
GGCATGTCATGCCTCAAAGTAGAG-1-0,
GGCATGTCATTCAGGAAAGTAGAG-1-0,TP53_CALR_het
GGCATGTCATTCGGTTAAGTAGAG-1-0,
GGCATGTCATTTGGCTAAGTAGAG-1-0,
GGCATTACAAACTTGGAAGTAGAG-1-0,
GGCATTACAACAGAGGAAGTAGAG-1-0,TP53_CALR_het
GGCATTACAGGAGCAAAAGTAGAG-1-0,TP53_EZH2_CALR_mut
GGCATTACATCCGGAGAAGTAGAG-1-0,
GGCATTACATGCAATGAAGTAGAG-1-0,TP53_CALR_het
GGCATTACATTCATGCAAGTAGAG-1-0,
GGCATTTGTAACTAGGAAGTAGAG-1-0,
GGCATTTGTACCTCAGAAGTAGAG-1-0,TP53_CALR_het
GGCATTTGTACTTATGAAGTAGAG-1-0,TP53_EZH2_CALR_het
GGCATTTGTGCTCATGAAGTAGAG-1-0,TP53_CALR_het
GGCATTTGTTCGAATCAAGTAGAG-1-0,TP53_CALR_het
GGCATTTGTTGCGGCTAAGTAGAG-1-0,
GGCCAAATCCTTGTTCAAGTAGAG-1-0,TP53_CALR_het
GGCCAAATCGGGATGCAAGTAGAG-1-0,TP53_CALR_het
GGCCAGTAGAAGCAAGAAGTAGAG-1-0,TP53_CALR_het
GGCCAGTAGAGAGCAAAAGTAGAG-1-0,TP53_CALR_het
GGCCAGTAGAGGAAATAAGTAGAG-1-0,TP53_CALR_het
GGCCAGTAGGAAACCTAAGTAGAG-1-0,
GGCCAGTAGGATTAGCAAGTAGAG-1-0,TP53_CALR_het
GGCCAGTAGGTGCACAAAGTAGAG-1-0,
GGCCAGTAGGTTGTAAAAGTAGAG-1-0,
GGCCAGTAGTAAAGGGAAGTAGAG-1-0,
GGCCAGTAGTCGAAACAAGTAGAG-1-0,
GGCCAGTAGTGATTTCAAGTAGAG-1-0,
GGCCAGTAGTTACAGAAAGTAGAG-1-0,
GGCCATCGTAACCCATAAGTAGAG-1-0,TP53_EZH2_CALR_mut
GGCCATCGTCATTACAAAGTAGAG-1-0,TP53_CALR_het
GGCCATCGTCCTCCTGAAGTAGAG-1-0,TP53_CALR_het
GGCCATCGTGTCCAATAAGTAGAG-1-0,ZRSR2_CALR_mut
GGCCATCGTTAGGCTTAAGTAGAG-1-0,
GGCCATCGTTCATTGAAAGTAGAG-1-0,
GGCCATCGTTGGTTACAAGTAGAG-1-0,
GGCCATCGTTGTCAGTAAGTAGAG-1-0,
GGCCATCGTTTCCTCAAAGTAGAG-1-0,
GGCCATCGTTTCGCCTAAGTAGAG-1-0,
GGCCATTTCAAGGGCCAAGTAGAG-1-0,TP53_CALR_het
GGCCATTTCAGGGATTAAGTAGAG-1-0,
GGCCATTTCCATAGGGAAGTAGAG-1-0,
GGCCATTTCCTGGATCAAGTAGAG-1-0,TP53_EZH2_CALR_mut
GGCCATTTCGGGCAGTAAGTAGAG-1-0,
GGCCATTTCGTTCGTAAAGTAGAG-1-0,TP53_CALR_het
GGCCATTTCTAAGTCTAAGTAGAG-1-0,
GGCCATTTCTATGGCCAAGTAGAG-1-0,
GGCCGTTGTCCGGTACAAGTAGAG-1-0,
GGCCGTTGTTGGTTACAAGTAGAG-1-0,
GGCCGTTGTTTCCTGCAAGTAGAG-1-0,ZRSR2_CALR_mut
GGCCTAAAGATGCTAAAAGTAGAG-1-0,
GGCCTAAAGCAAACCGAAGTAGAG-1-0,TP53_CALR_het
GGCCTAAAGCGAAGTTAAGTAGAG-1-0,TP53_CALR_het
GGCCTAAAGGCGAGAGAAGTAGAG-1-0,TP53_CALR_het
GGCCTAAAGGGTTAACAAGTAGAG-1-0,TP53_EZH2_CALR_mut
GGCCTAAAGGTAACTAAAGTAGAG-1-0,
GGCCTAAAGGTCAATAAAGTAGAG-1-0,
GGCCTAAAGGTCTTGCAAGTAGAG-1-0,
GGCCTAAAGGTGAGTTAAGTAGAG-1-0,
GGCCTATTCAGCGATGAAGTAGAG-1-0,
GGCCTATTCAGGCTGAAAGTAGAG-1-0,TP53_EZH2_CALR_mut
GGCCTATTCCAACTATAAGTAGAG-1-0,
GGCCTATTCCCAGTACAAGTAGAG-1-0,TP53_CALR_het
GGCCTATTCCCTGGTGAAGTAGAG-1-0,TP53_CALR_het
GGCCTATTCTAATGGAAAGTAGAG-1-0,ZRSR2_CALR_mut
GGCCTATTCTTAAGCTAAGTAGAG-1-0,TP53_CALR_het
GGCCTTTAGCAGGTTGAAGTAGAG-1-0,
GGCCTTTAGCTCCCTCAAGTAGAG-1-0,
GGCCTTTAGGTCTTTGAAGTAGAG-1-0,
GGCCTTTAGGTGCACAAAGTAGAG-1-0,
GGCCTTTAGTTAGTTCAAGTAGAG-1-0,TP53_EZH2_CALR_mut
GGCGAAACAAAGGGATAAGTAGAG-1-0,
GGCGAAACAAATGACTAAGTAGAG-1-0,
GGCGAAACAATACTGGAAGTAGAG-1-0,
GGCGAAACAGGATTGCAAGTAGAG-1-0,TP53_EZH2_CALR_mut
GGCGAAACATGGCTAAAAGTAGAG-1-0,
GGCGAAACATTCGGTTAAGTAGAG-1-0,
GGCGAATGTACTTATGAAGTAGAG-1-0,
GGCGAATGTAGTAGCAAAGTAGAG-1-0,TP53_CALR_het
GGCGAATGTCACAGAAAAGTAGAG-1-0,
GGCGAATGTCTTACTTAAGTAGAG-1-0,
GGCGAATGTTGTGAGAAAGTAGAG-1-0,
GGCGAATGTTTCTAAGAAGTAGAG-1-0,TP53_CALR_het
GGCGATTCAAGCCACGAAGTAGAG-1-0,
GGCGATTCAAGCTTTCAAGTAGAG-1-0,
GGCGATTCAATCCACTAAGTAGAG-1-0,ZRSR2_CALR_mut
GGCGATTCACACAAATAAGTAGAG-1-0,TP53_EZH2_CALR_mut
GGCGATTCACGTAAATAAGTAGAG-1-0,TP53_CALR_het
GGCGATTCAGATTGCAAAGTAGAG-1-0,
GGCGATTCAGCTCGAGAAGTAGAG-1-0,TP53_EZH2_CALR_mut
GGCGATTCATTTCTTCAAGTAGAG-1-0,
GGCGCAAGTAAATAGCAAGTAGAG-1-0,TP53_CALR_het
GGCGCAAGTAATGAACAAGTAGAG-1-0,
GGCGCAAGTAATTTCGAAGTAGAG-1-0,
GGCGCAAGTACTAACCAAGTAGAG-1-0,
GGCGCAAGTAGCCATTAAGTAGAG-1-0,ZRSR2_CALR_mut
GGCGCAAGTATTCGGTAAGTAGAG-1-0,TP53_CALR_het
GGCGCAAGTGACCTTGAAGTAGAG-1-0,TP53_CALR_het
GGCGCAAGTGCATCGCAAGTAGAG-1-0,
GGCGCAAGTTAACGGAAAGTAGAG-1-0,
GGCGCAAGTTAGGTGAAAGTAGAG-1-0,
GGCGCAAGTTGCGGCTAAGTAGAG-1-0,ZRSR2_CALR_mut
GGCGCTTGTAATCCTAAAGTAGAG-1-0,
GGCGCTTGTAGGTTTCAAGTAGAG-1-0,
GGCGCTTGTATGTTGCAAGTAGAG-1-0,
GGCGCTTGTGAGAAGGAAGTAGAG-1-0,TP53_CALR_het
GGCGCTTGTGGTGCAGAAGTAGAG-1-0,
GGCGCTTGTGGTTCTGAAGTAGAG-1-0,
GGCGCTTGTTCCGTGAAAGTAGAG-1-0,TP53_EZH2_CALR_mut
GGCGCTTGTTCTCAAAAAGTAGAG-1-0,
GGCGCTTGTTCTTACTAAGTAGAG-1-0,
GGCGCTTGTTGGCGAGAAGTAGAG-1-0,
GGCGCTTGTTGGGCGAAAGTAGAG-1-0,TP53_CALR_het
GGCGTAATCACCAGCTAAGTAGAG-1-0,
GGCGTAATCATAGGTAAAGTAGAG-1-0,
GGCGTAATCATGCATTAAGTAGAG-1-0,
GGCGTAATCATTTAGCAAGTAGAG-1-0,
GGCGTAATCCAGCTACAAGTAGAG-1-0,TP53_CALR_het
GGCGTAATCCGTGACTAAGTAGAG-1-0,
GGCGTAATCGCTTGCGAAGTAGAG-1-0,
GGCTAATAGAGGAGGTAAGTAGAG-1-0,TP53_CALR_het
GGCTAATAGCAAGTTAAAGTAGAG-1-0,
GGCTATTGTAAACTGGAAGTAGAG-1-0,TP53_CALR_het
GGCTATTGTAACGGGTAAGTAGAG-1-0,ZRSR2_CALR_mut
GGCTATTGTGGTTATCAAGTAGAG-1-0,ZRSR2_CALR_mut
GGCTATTGTGTTCCAGAAGTAGAG-1-0,
GGCTATTGTTAGTAGGAAGTAGAG-1-0,
GGCTATTGTTCCTTCAAAGTAGAG-1-0,
GGCTATTGTTGAGTCTAAGTAGAG-1-0,TP53_EZH2_CALR_mut
GGCTATTGTTGGGTTTAAGTAGAG-1-0,
GGCTATTGTTTGAGCTAAGTAGAG-1-0,
GGCTCAAAGACTAATGAAGTAGAG-1-0,ZRSR2_CALR_mut
GGCTCAAAGACTTAAGAAGTAGAG-1-0,TP53_CALR_het
GGCTCAAAGCAATCGGAAGTAGAG-1-0,
GGCTCAAAGCGAAGTTAAGTAGAG-1-0,TP53_CALR_het
GGCTCAAAGTTACATCAAGTAGAG-1-0,TP53_CALR_het
GGCTGAGGTCGAAGTAAAGTAGAG-1-0,TP53_CALR_het
GGCTGAGGTCGTTCGAAAGTAGAG-1-0,TP53_CALR_het
GGCTGAGGTGACCTATAAGTAGAG-1-0,
GGCTGAGGTGTGATGAAAGTAGAG-1-0,
GGCTGAGGTTCAAGCTAAGTAGAG-1-0,
GGCTGAGGTTCTCAAAAAGTAGAG-1-0,
GGCTGAGGTTGCGAAAAAGTAGAG-1-0,
GGCTGATCAAATCACGAAGTAGAG-1-0,
GGCTGATCACAATAGTAAGTAGAG-1-0,
GGCTGATCACCACAAAAAGTAGAG-1-0,TP53_CALR_het
GGCTGATCAGGTATTGAAGTAGAG-1-0,TP53_CALR_het
GGCTGATCATACCTTAAAGTAGAG-1-0,
GGCTGATCATAGGGTCAAGTAGAG-1-0,TP53_EZH2_CALR_mut
GGCTGATCATATTTCGAAGTAGAG-1-0,TP53_EZH2_CALR_mut
GGCTGATCATGACATGAAGTAGAG-1-0,TP53_CALR_het
GGCTGATCATTTGCTAAAGTAGAG-1-0,TP53_CALR_het
GGCTGGTAGATGATTGAAGTAGAG-1-0,
GGCTGGTAGATTCATCAAGTAGAG-1-0,TP53_CALR_het
GGCTGGTAGGACTTAAAAGTAGAG-1-0,TP53_CALR_het
GGCTGTGCAACTATCCAAGTAGAG-1-0,TP53_CALR_het
GGCTGTGCAATGTTCCAAGTAGAG-1-0,
GGCTGTGCACAATCGAAAGTAGAG-1-0,TP53_CALR_het
GGCTGTGCACGATTAGAAGTAGAG-1-0,TP53_CALR_het
GGCTGTGCAGCTTTCGAAGTAGAG-1-0,
GGCTGTGCAGTAATACAAGTAGAG-1-0,TP53_EZH2_CALR_mut
GGCTGTGCATATTTCGAAGTAGAG-1-0,TP53_CALR_het
GGCTGTGCATCAAGCAAAGTAGAG-1-0,TP53_EZH2_CALR_mut
GGCTGTGCATCAGGACAAGTAGAG-1-0,TP53_CALR_het
GGCTTAACAAGGTTATAAGTAGAG-1-0,TP53_CALR_het
GGCTTAACACACTGGGAAGTAGAG-1-0,
GGCTTAACACTAGTAGAAGTAGAG-1-0,TP53_CALR_het
GGCTTAACAGGATTATAAGTAGAG-1-0,
GGCTTAACATATCGCTAAGTAGAG-1-0,TP53_CALR_het
GGCTTAGAGACATAGCAAGTAGAG-1-0,TP53_CALR_het
GGCTTAGAGATGAACCAAGTAGAG-1-0,
GGCTTAGAGCGAGGGAAAGTAGAG-1-0,
GGCTTAGAGCGCCTTGAAGTAGAG-1-0,TP53_CALR_het
GGCTTAGAGCTACGTCAAGTAGAG-1-0,TP53_EZH2_CALR_mut
GGCTTAGAGCTCAACCAAGTAGAG-1-0,
GGCTTAGAGGAAGCCCAAGTAGAG-1-0,TP53_CALR_het
GGCTTAGAGGCGCGATAAGTAGAG-1-0,TP53_CALR_het
GGCTTAGAGGGTGGGAAAGTAGAG-1-0,
GGCTTAGAGTGCCCTGAAGTAGAG-1-0,TP53_CALR_het
GGCTTATGTAAGCTAGAAGTAGAG-1-0,TP53_EZH2_CALR_mut
GGCTTATGTAATGCCTAAGTAGAG-1-0,ZRSR2_CALR_mut
GGCTTATGTACTGCCAAAGTAGAG-1-0,
GGCTTATGTACTTACAAAGTAGAG-1-0,
GGCTTATGTAGTAACGAAGTAGAG-1-0,
GGCTTATGTTGAGGACAAGTAGAG-1-0,ZRSR2_CALR_mut
GGCTTGAAGCAGGTCAAAGTAGAG-1-0,ZRSR2_CALR_mut
GGCTTGAAGCGAGCTAAAGTAGAG-1-0,
GGCTTGAAGCGATGGCAAGTAGAG-1-0,TP53_CALR_het
GGCTTGAAGGGCAGTCAAGTAGAG-1-0,TP53_EZH2_CALR_mut
GGCTTGAAGGTTAGTAAAGTAGAG-1-0,
GGCTTGCGTAATAGGTAAGTAGAG-1-0,TP53_EZH2_CALR_mut
GGCTTGCGTAGTAGCAAAGTAGAG-1-0,
GGCTTGCGTCCGGGTTAAGTAGAG-1-0,ZRSR2_CALR_mut
GGCTTGCGTGTGAGACAAGTAGAG-1-0,
GGCTTGCGTGTTTGTAAAGTAGAG-1-0,TP53_EZH2_CALR_mut
GGCTTGCGTTAATTCGAAGTAGAG-1-0,
GGCTTGCGTTACTTCTAAGTAGAG-1-0,TP53_EZH2_CALR_mut
GGCTTGTTCAATCGCCAAGTAGAG-1-0,TP53_EZH2_CALR_mut
GGCTTGTTCAGCACAGAAGTAGAG-1-0,
GGCTTGTTCAGCGATGAAGTAGAG-1-0,TP53_CALR_het
GGCTTGTTCAGGCTGAAAGTAGAG-1-0,TP53_CALR_het
GGCTTGTTCATTAGTCAAGTAGAG-1-0,
GGCTTGTTCATTGCATAAGTAGAG-1-0,
GGCTTGTTCCAATACTAAGTAGAG-1-0,
GGCTTGTTCCTCACTTAAGTAGAG-1-0,TP53_CALR_het
GGCTTGTTCGAAGGCCAAGTAGAG-1-0,TP53_CALR_het
GGCTTGTTCGACCGTTAAGTAGAG-1-0,
GGCTTGTTCGCGAAATAAGTAGAG-1-0,TP53_EZH2_CALR_mut
GGCTTGTTCGGGACTAAAGTAGAG-1-0,TP53_EZH2_CALR_mut
GGCTTGTTCTAACTACAAGTAGAG-1-0,TP53_EZH2_CALR_mut
GGCTTGTTCTAATCACAAGTAGAG-1-0,TP53_CALR_het
GGCTTGTTCTTCGCTTAAGTAGAG-1-0,ZRSR2_CALR_mut
GGGAAGTAGAAGGTTCAAGTAGAG-1-0,
GGGAAGTAGCAAAGCTAAGTAGAG-1-0,TP53_CALR_het
GGGAAGTAGCAATCGGAAGTAGAG-1-0,TP53_CALR_het
GGGAAGTAGCACCTTAAAGTAGAG-1-0,TP53_CALR_het
GGGAAGTAGCCTAAGGAAGTAGAG-1-0,TP53_EZH2_CALR_mut
GGGAAGTAGCGCTAGAAAGTAGAG-1-0,
GGGAAGTAGGATGTTAAAGTAGAG-1-0,
GGGAAGTAGGGTTTCCAAGTAGAG-1-0,TP53_CALR_het
GGGAAGTAGGTAAGCTAAGTAGAG-1-0,
GGGAAGTAGGTAAGTCAAGTAGAG-1-0,
GGGAAGTAGGTTGTAAAAGTAGAG-1-0,
GGGAAGTAGTAAGCACAAGTAGAG-1-0,TP53_EZH2_CALR_het
GGGAAGTAGTAGCCTCAAGTAGAG-1-0,TP53_CALR_het
GGGAAGTAGTCATCATAAGTAGAG-1-0,
GGGACAACAAATAGGAAAGTAGAG-1-0,
GGGACAACAAGATGCCAAGTAGAG-1-0,
GGGACAACACATACCTAAGTAGAG-1-0,
GGGACAACACTCAGTTAAGTAGAG-1-0,
GGGACAACAGGTGACTAAGTAGAG-1-0,
GGGACAACATCCGTCAAAGTAGAG-1-0,
GGGACAACATGGTCAAAAGTAGAG-1-0,
GGGACAACATTTGGCTAAGTAGAG-1-0,
GGGACTCAGATAGCTAAAGTAGAG-1-0,TP53_EZH2_CALR_mut
GGGACTCAGGCAAGCCAAGTAGAG-1-0,TP53_CALR_het
GGGACTCAGTAAGCTAAAGTAGAG-1-0,TP53_EZH2_CALR_mut
GGGAGTCTCAAACTTCAAGTAGAG-1-0,
GGGAGTCTCAGGCTGAAAGTAGAG-1-0,
GGGAGTCTCCCATAGCAAGTAGAG-1-0,
GGGAGTCTCCTTTGAGAAGTAGAG-1-0,
GGGAGTCTCGGTAAGTAAGTAGAG-1-0,
GGGAGTCTCGGTACAGAAGTAGAG-1-0,TP53_CALR_het
GGGAGTCTCGGTCAAGAAGTAGAG-1-0,TP53_CALR_het
GGGAGTCTCGTGATGGAAGTAGAG-1-0,TP53_CALR_het
GGGAGTCTCTACTACGAAGTAGAG-1-0,TP53_CALR_het
GGGAGTGAGGAACTTAAAGTAGAG-1-0,
GGGAGTGAGTAACTTCAAGTAGAG-1-0,TP53_CALR_het
GGGAGTGAGTAATGGCAAGTAGAG-1-0,TP53_CALR_het
GGGAGTGAGTCATGAAAAGTAGAG-1-0,
GGGATAAAGAATGGCTAAGTAGAG-1-0,TP53_EZH2_CALR_mut
GGGATAAAGACTGAGTAAGTAGAG-1-0,TP53_CALR_het
GGGATAAAGATTCCCAAAGTAGAG-1-0,
GGGATAAAGCAAATTGAAGTAGAG-1-0,TP53_CALR_het
GGGATAAAGGTCACTCAAGTAGAG-1-0,ZRSR2_CALR_mut
GGGATAAAGTGATGGTAAGTAGAG-1-0,TP53_CALR_het
GGGATAAAGTTACACTAAGTAGAG-1-0,
GGGATATTCACAACAAAAGTAGAG-1-0,ZRSR2_CALR_mut
GGGATATTCATGGTCCAAGTAGAG-1-0,
GGGATATTCATTGTACAAGTAGAG-1-0,
GGGATATTCCGCACCAAAGTAGAG-1-0,
GGGATATTCGTTATGTAAGTAGAG-1-0,
GGGATATTCTAATGAGAAGTAGAG-1-0,TP53_EZH2_CALR_mut
GGGATATTCTCAAACTAAGTAGAG-1-0,ZRSR2_CALR_mut
GGGATATTCTTTAAGCAAGTAGAG-1-0,ZRSR2_CALR_mut
GGGATGACAAGGGTCTAAGTAGAG-1-0,
GGGATGACAAGTTAACAAGTAGAG-1-0,TP53_CALR_het
GGGATGACACCACAAAAAGTAGAG-1-0,TP53_CALR_het
GGGATGACAGGCAACTAAGTAGAG-1-0,TP53_EZH2_CALR_mut
GGGATGACATAGTCAGAAGTAGAG-1-0,
GGGATGACATCTATGCAAGTAGAG-1-0,
GGGATGGAGATTCCCAAAGTAGAG-1-0,
GGGATGGAGCATCTTGAAGTAGAG-1-0,TP53_CALR_het
GGGATGGAGCATTACTAAGTAGAG-1-0,TP53_CALR_het
GGGATGGAGCCACTCGAAGTAGAG-1-0,
GGGATGGAGCTAAACAAAGTAGAG-1-0,TP53_EZH2_CALR_mut
GGGATGGAGGCGAGAGAAGTAGAG-1-0,
GGGATGGAGGGCGGTTAAGTAGAG-1-0,
GGGATGGAGGTCAAGTAAGTAGAG-1-0,
GGGATTTAGAAAGGCAAAGTAGAG-1-0,TP53_EZH2_CALR_mut
GGGATTTAGCCTAAGGAAGTAGAG-1-0,
GGGATTTAGCCTGCCAAAGTAGAG-1-0,
GGGATTTAGCTCATTGAAGTAGAG-1-0,
GGGATTTAGGAAACTCAAGTAGAG-1-0,
GGGATTTAGGAACCATAAGTAGAG-1-0,TP53_CALR_het
GGGATTTAGGTAAGCTAAGTAGAG-1-0,
GGGCAATGTAATGCGAAAGTAGAG-1-0,
GGGCAATGTACGTTCGAAGTAGAG-1-0,
GGGCAATGTCACAGGGAAGTAGAG-1-0,TP53_EZH2_CALR_mut
GGGCAATGTCATCCTCAAGTAGAG-1-0,TP53_EZH2_CALR_mut
GGGCAATGTGTTTGCGAAGTAGAG-1-0,ZRSR2_CALR_mut
GGGCAATGTGTTTGGTAAGTAGAG-1-0,TP53_EZH2_CALR_mut
GGGCAATGTTGTTTAGAAGTAGAG-1-0,TP53_EZH2_CALR_mut
GGGCTAATCAAGCGATAAGTAGAG-1-0,
GGGCTAATCAGGCATGAAGTAGAG-1-0,
GGGCTAATCATGCATTAAGTAGAG-1-0,
GGGCTAATCCTAATCGAAGTAGAG-1-0,
GGGCTAATCTTTGGTGAAGTAGAG-1-0,
GGGCTTAAGCAAGTTAAAGTAGAG-1-0,TP53_CALR_het
GGGCTTAAGCAATCGGAAGTAGAG-1-0,TP53_CALR_het
GGGCTTAAGCCACTCGAAGTAGAG-1-0,
GGGCTTAAGCTAGCCTAAGTAGAG-1-0,
GGGCTTAAGGTATGGTAAGTAGAG-1-0,
GGGCTTAAGGTTACTTAAGTAGAG-1-0,
GGGCTTAAGTAAGCACAAGTAGAG-1-0,TP53_CALR_het
GGGTGAGAGATATTGGAAGTAGAG-1-0,
GGGTGAGAGCTTACCAAAGTAGAG-1-0,TP53_CALR_het
GGGTGAGAGGAACCTGAAGTAGAG-1-0,ZRSR2_CALR_mut
GGGTGAGAGGATCCAGAAGTAGAG-1-0,
GGGTGAGAGGATGCATAAGTAGAG-1-0,TP53_EZH2_CALR_mut
GGGTGAGAGTCAAACAAAGTAGAG-1-0,TP53_CALR_het
GGGTGAGAGTGAGTTAAAGTAGAG-1-0,ZRSR2_CALR_mut
GGGTGGAAGCACGCAAAAGTAGAG-1-0,
GGGTGGAAGCACTACCAAGTAGAG-1-0,
GGGTGGAAGCCGCTATAAGTAGAG-1-0,
GGGTGGAAGCTCGATCAAGTAGAG-1-0,TP53_EZH2_CALR_mut
GGGTGGAAGGGCCTTTAAGTAGAG-1-0,
GGGTGGAAGTGCCCTGAAGTAGAG-1-0,TP53_CALR_het
GGGTTAGTCAGCACCTAAGTAGAG-1-0,
GGGTTAGTCCGTCAACAAGTAGAG-1-0,TP53_CALR_het
GGGTTAGTCCTCTAAGAAGTAGAG-1-0,
GGGTTAGTCGGTAAGTAAGTAGAG-1-0,TP53_CALR_het
GGGTTAGTCTAAGTAGAAGTAGAG-1-0,TP53_CALR_het
GGGTTATAGAACCTCCAAGTAGAG-1-0,
GGGTTATAGACTCCTAAAGTAGAG-1-0,TP53_EZH2_CALR_mut
GGGTTATAGCATTTCGAAGTAGAG-1-0,
GGGTTATAGCCGCTATAAGTAGAG-1-0,ZRSR2_CALR_mut
GGGTTATAGCGTGCTTAAGTAGAG-1-0,
GGGTTATAGGTAAGCTAAGTAGAG-1-0,
GGGTTATAGGTGAGCCAAGTAGAG-1-0,
GGGTTATAGGTTCCGTAAGTAGAG-1-0,
GGGTTGGGTACGTCCAAAGTAGAG-1-0,
GGGTTGGGTATAGCGAAAGTAGAG-1-0,TP53_EZH2_CALR_mut
GGGTTGGGTTGAGTCTAAGTAGAG-1-0,TP53_EZH2_CALR_mut
GGGTTGGGTTTGCATAAAGTAGAG-1-0,
GGGTTTCTCACTAGGGAAGTAGAG-1-0,TP53_EZH2_CALR_mut
GGGTTTCTCAGGCATGAAGTAGAG-1-0,
GGGTTTCTCAGGGCACAAGTAGAG-1-0,TP53_EZH2_CALR_mut
GGGTTTCTCATTAGTCAAGTAGAG-1-0,TP53_CALR_het
GGGTTTCTCCTCCCACAAGTAGAG-1-0,
GGGTTTCTCCTTTCTAAAGTAGAG-1-0,ZRSR2_CALR_mut
GGGTTTCTCGACTCACAAGTAGAG-1-0,TP53_EZH2_CALR_mut
GGGTTTCTCGGGATGCAAGTAGAG-1-0,
GGGTTTCTCTGCAACCAAGTAGAG-1-0,TP53_CALR_het
GGGTTTCTCTGTCAGCAAGTAGAG-1-0,TP53_EZH2_CALR_mut
GGTAACCCAAAGGGATAAGTAGAG-1-0,
GGTAACCCAACAGAGGAAGTAGAG-1-0,
GGTAACCCAATCATCCAAGTAGAG-1-0,TP53_EZH2_CALR_mut
GGTAACCCACAATAGTAAGTAGAG-1-0,
GGTAACCCACATTCGTAAGTAGAG-1-0,
GGTAACCCACGTTACTAAGTAGAG-1-0,TP53_EZH2_CALR_mut
GGTAACCCACTCCCAAAAGTAGAG-1-0,
GGTAACCCACTTTATGAAGTAGAG-1-0,
GGTAACCCAGATTCGAAAGTAGAG-1-0,TP53_CALR_het
GGTAACCCATCATGTCAAGTAGAG-1-0,
GGTAACCCATCCGTCAAAGTAGAG-1-0,
GGTAACCCATTGGACAAAGTAGAG-1-0,TP53_EZH2_CALR_mut
GGTAAGGCAATGTGGCAAGTAGAG-1-0,ZRSR2_CALR_mut
GGTAAGGCAATTGAACAAGTAGAG-1-0,TP53_CALR_het
GGTAAGGCACCAGCCTAAGTAGAG-1-0,
GGTAATGGTGAACGGTAAGTAGAG-1-0,TP53_CALR_het
GGTAATGGTGTTTCGGAAGTAGAG-1-0,TP53_EZH2_CALR_mut
GGTAATGGTTAGTGAGAAGTAGAG-1-0,
GGTAATGGTTGTCCAGAAGTAGAG-1-0,
GGTAATGGTTGTTGTAAAGTAGAG-1-0,
GGTACCGCAGCTAGCGAAGTAGAG-1-0,TP53_CALR_het
GGTACCGCAGGATTGCAAGTAGAG-1-0,
GGTACCGCATATCGCTAAGTAGAG-1-0,TP53_CALR_het
GGTACCGCATGACCAAAAGTAGAG-1-0,TP53_CALR_het
GGTACGTCAACAGGGAAAGTAGAG-1-0,
GGTACGTCAATAAGGAAAGTAGAG-1-0,ZRSR2_CALR_mut
GGTACGTCACCAGCCTAAGTAGAG-1-0,
GGTACGTCACGAACGTAAGTAGAG-1-0,
GGTACGTCATGGCGCAAAGTAGAG-1-0,
GGTACTGAGAAACCCGAAGTAGAG-1-0,TP53_EZH2_CALR_mut
GGTACTGAGACCTTGCAAGTAGAG-1-0,
GGTACTGAGAGGAGGTAAGTAGAG-1-0,
GGTACTGAGAGGTTCGAAGTAGAG-1-0,
GGTACTGAGGGTGGGAAAGTAGAG-1-0,TP53_CALR_het
GGTACTGAGTTTGCATAAGTAGAG-1-0,
GGTAGTTAGACGCATGAAGTAGAG-1-0,TP53_EZH2_CALR_mut
GGTAGTTAGATAACTGAAGTAGAG-1-0,
GGTAGTTAGCATCCCGAAGTAGAG-1-0,TP53_CALR_het
GGTAGTTAGGCCTCTGAAGTAGAG-1-0,
GGTAGTTAGGTAGTTAAAGTAGAG-1-0,
GGTAGTTAGGTCACTCAAGTAGAG-1-0,TP53_CALR_het
GGTAGTTAGGTTGCTCAAGTAGAG-1-0,
GGTAGTTAGTCATGAAAAGTAGAG-1-0,
GGTAGTTAGTTAACAGAAGTAGAG-1-0,TP53_EZH2_CALR_mut
GGTAGTTAGTTTCACGAAGTAGAG-1-0,
GGTCACGCAAGATGCCAAGTAGAG-1-0,TP53_CALR_het
GGTCACGCAAGGTGTCAAGTAGAG-1-0,
GGTCACGCACTATGTCAAGTAGAG-1-0,
GGTCACGCACTGACTTAAGTAGAG-1-0,
GGTCACGCAGGCTGTGAAGTAGAG-1-0,TP53_CALR_het
GGTCACGCATCCGCTAAAGTAGAG-1-0,
GGTCACGCATCGGGCAAAGTAGAG-1-0,ZRSR2_CALR_mut
GGTCACGCATGCAATGAAGTAGAG-1-0,
GGTCATTGTAGCCACCAAGTAGAG-1-0,TP53_CALR_het
GGTCATTGTAGCTTTAAAGTAGAG-1-0,
GGTCATTGTATTTCGAAAGTAGAG-1-0,
GGTCATTGTTGAGTCTAAGTAGAG-1-0,
GGTCCGTGTCGAGGCAAAGTAGAG-1-0,TP53_CALR_het
GGTCCGTGTCGGTTTGAAGTAGAG-1-0,
GGTCCGTGTGCACAAAAAGTAGAG-1-0,
GGTCCGTGTGCAGCTCAAGTAGAG-1-0,TP53_CALR_het
GGTCCGTGTGCTTCGAAAGTAGAG-1-0,TP53_CALR_het
GGTCCGTGTGTCCAGCAAGTAGAG-1-0,
GGTCCGTGTGTGATGAAAGTAGAG-1-0,
GGTCCGTGTTAGGTGAAAGTAGAG-1-0,
GGTCTAACAATCATCCAAGTAGAG-1-0,TP53_EZH2_CALR_mut
GGTCTAACATAACCGAAAGTAGAG-1-0,
GGTCTAACATCCCTCTAAGTAGAG-1-0,TP53_EZH2_CALR_mut
GGTCTAACATTGTACCAAGTAGAG-1-0,
GGTGAACGTAATGAACAAGTAGAG-1-0,ZRSR2_CALR_mut
GGTGAACGTCTCAGCAAAGTAGAG-1-0,TP53_EZH2_CALR_mut
GGTGAACGTGAAGCACAAGTAGAG-1-0,TP53_EZH2_CALR_mut
GGTGAACGTGAGTAATAAGTAGAG-1-0,
GGTGAACGTGTTGCTGAAGTAGAG-1-0,TP53_EZH2_CALR_mut
GGTGAACGTTTGCTCCAAGTAGAG-1-0,
GGTGAAGCAACTAAGTAAGTAGAG-1-0,
GGTGAAGCAACTTGTCAAGTAGAG-1-0,
GGTGAAGCAAGCTTTCAAGTAGAG-1-0,
GGTGAAGCAAGTGGCTAAGTAGAG-1-0,
GGTGAAGCAATTGAACAAGTAGAG-1-0,
GGTGAAGCACCGGTAGAAGTAGAG-1-0,
GGTGAAGCACGCAATAAAGTAGAG-1-0,
GGTGAAGCACTAAGCAAAGTAGAG-1-0,
GGTGAAGCATGCGCAGAAGTAGAG-1-0,TP53_EZH2_CALR_mut
GGTGAAGCATTGTGAGAAGTAGAG-1-0,TP53_CALR_het
GGTGAAGCATTTCGACAAGTAGAG-1-0,TP53_CALR_het
GGTGATTAGCCCTGATAAGTAGAG-1-0,
GGTGATTAGGCAGGCTAAGTAGAG-1-0,TP53_EZH2_CALR_mut
GGTGATTAGGCCATGAAAGTAGAG-1-0,TP53_EZH2_CALR_mut
GGTGATTAGGTGAATCAAGTAGAG-1-0,TP53_CALR_het
GGTGATTAGTTAACAGAAGTAGAG-1-0,TP53_EZH2_CALR_mut
GGTGCACAGCATCTTGAAGTAGAG-1-0,
GGTGCACAGTTTCCAGAAGTAGAG-1-0,
GGTGCTGCAAACCTGAAAGTAGAG-1-0,
GGTGCTGCACAAGCGTAAGTAGAG-1-0,
GGTGCTGCAGGTGACTAAGTAGAG-1-0,
GGTGCTGCATCGAACAAAGTAGAG-1-0,
GGTGCTTTCAACCAAAAAGTAGAG-1-0,
GGTGCTTTCAAGCCAGAAGTAGAG-1-0,TP53_CALR_het
GGTGCTTTCACAAAGCAAGTAGAG-1-0,ZRSR2_CALR_mut
GGTGCTTTCCTCCCACAAGTAGAG-1-0,
GGTGCTTTCGAGCTAGAAGTAGAG-1-0,ZRSR2_CALR_mut
GGTGCTTTCGGCTAGAAAGTAGAG-1-0,
GGTGCTTTCTAGCCTAAAGTAGAG-1-0,
GGTGGATGTAAAGGCCAAGTAGAG-1-0,
GGTGGATGTAGCTTGTAAGTAGAG-1-0,
GGTGGATGTCACACCAAAGTAGAG-1-0,TP53_CALR_het
GGTGGATGTCGAGGCAAAGTAGAG-1-0,TP53_EZH2_CALR_mut
GGTGGATGTTAAGTCCAAGTAGAG-1-0,TP53_EZH2_CALR_mut
GGTGGATGTTAGGTAGAAGTAGAG-1-0,TP53_CALR_het
GGTGTCGCAAACCTGAAAGTAGAG-1-0,
GGTGTCGCAAGCTATGAAGTAGAG-1-0,ZRSR2_CALR_mut
GGTGTCGCAATCATCCAAGTAGAG-1-0,
GGTGTCGCAATTGCGAAAGTAGAG-1-0,TP53_EZH2_CALR_mut
GGTGTCGCACAATAGTAAGTAGAG-1-0,
GGTGTCGCATTGGGTAAAGTAGAG-1-0,TP53_CALR_het
GGTGTCGCATTTCATGAAGTAGAG-1-0,
GGTGTGATCAAGGTCGAAGTAGAG-1-0,ZRSR2_CALR_mut
GGTGTGATCACCTGTAAAGTAGAG-1-0,TP53_CALR_het
GGTGTGATCCGCCTCTAAGTAGAG-1-0,
GGTGTGATCCTCAAGCAAGTAGAG-1-0,
GGTGTGATCCTGGAAGAAGTAGAG-1-0,TP53_CALR_het
GGTGTGATCGTCCATAAAGTAGAG-1-0,TP53_CALR_het
GGTGTGATCTATTCGGAAGTAGAG-1-0,
GGTGTGATCTGCAACCAAGTAGAG-1-0,TP53_EZH2_CALR_mut
GGTGTGCAGACAAAGGAAGTAGAG-1-0,ZRSR2_CALR_mut
GGTGTGCAGATGCTAAAAGTAGAG-1-0,
GGTGTGCAGGATCCAGAAGTAGAG-1-0,TP53_CALR_het
GGTGTGCAGGGTTGCAAAGTAGAG-1-0,
GGTGTGCAGGTAATGCAAGTAGAG-1-0,TP53_EZH2_CALR_mut
GGTGTGCAGTGATCAAAAGTAGAG-1-0,
GGTGTGCAGTTACAGAAAGTAGAG-1-0,
GGTGTTACAAGTGGCTAAGTAGAG-1-0,
GGTGTTACACCTAAAGAAGTAGAG-1-0,TP53_CALR_het
GGTGTTACACTATGGAAAGTAGAG-1-0,TP53_CALR_het
GGTGTTACATACCTTAAAGTAGAG-1-0,
GGTGTTACATTGTGTCAAGTAGAG-1-0,TP53_EZH2_CALR_mut
GGTGTTTGTAAACCCTAAGTAGAG-1-0,TP53_CALR_het
GGTGTTTGTACCGCACAAGTAGAG-1-0,
GGTGTTTGTACGATTCAAGTAGAG-1-0,TP53_CALR_het
GGTGTTTGTACTGCCAAAGTAGAG-1-0,TP53_CALR_het
GGTGTTTGTAGGTTTCAAGTAGAG-1-0,
GGTGTTTGTCAATACCAAGTAGAG-1-0,
GGTGTTTGTCATCCTCAAGTAGAG-1-0,
GGTGTTTGTGCATTACAAGTAGAG-1-0,TP53_CALR_het
GGTGTTTGTTGTTTGAAAGTAGAG-1-0,
GGTGTTTGTTTACGACAAGTAGAG-1-0,
GGTTAAATCAAAGGCTAAGTAGAG-1-0,TP53_EZH2_CALR_mut
GGTTAAATCAACTTGTAAGTAGAG-1-0,
GGTTAAATCAAGTTTCAAGTAGAG-1-0,
GGTTAAATCATGTCATAAGTAGAG-1-0,
GGTTAAATCCTTAGGCAAGTAGAG-1-0,ZRSR2_CALR_mut
GGTTAAATCCTTTGTCAAGTAGAG-1-0,TP53_CALR_het
GGTTAAATCGGGACTAAAGTAGAG-1-0,
GGTTAAATCTATCGGCAAGTAGAG-1-0,TP53_EZH2_CALR_mut
GGTTAAATCTTTAAGCAAGTAGAG-1-0,
GGTTAATCAACCGGATAAGTAGAG-1-0,
GGTTAATCAACCTGTTAAGTAGAG-1-0,
GGTTAATCAGAAAGGTAAGTAGAG-1-0,TP53_CALR_het
GGTTAATCATGAGCTAAAGTAGAG-1-0,
GGTTAATCATTCAACCAAGTAGAG-1-0,
GGTTAATCATTGAAGTAAGTAGAG-1-0,TP53_CALR_het
GGTTAATCATTTAGCCAAGTAGAG-1-0,
GGTTACCTCCAAACGGAAGTAGAG-1-0,
GGTTACCTCCTAAGGGAAGTAGAG-1-0,
GGTTACCTCGACTTGCAAGTAGAG-1-0,TP53_CALR_het
GGTTACCTCTGTGACCAAGTAGAG-1-0,
GGTTAGTAGACAGACTAAGTAGAG-1-0,TP53_CALR_het
GGTTAGTAGAGGTTTAAAGTAGAG-1-0,
GGTTAGTAGCGAATACAAGTAGAG-1-0,TP53_CALR_het
GGTTAGTAGCTACGTCAAGTAGAG-1-0,
GGTTAGTAGCTTTACGAAGTAGAG-1-0,TP53_CALR_het
GGTTAGTAGGCTCCATAAGTAGAG-1-0,TP53_CALR_het
GGTTAGTAGTAAGCTAAAGTAGAG-1-0,TP53_CALR_het
GGTTCACTCAACTTGTAAGTAGAG-1-0,
GGTTCACTCATCACATAAGTAGAG-1-0,
GGTTCACTCCGGCTCAAAGTAGAG-1-0,TP53_CALR_het
GGTTCACTCTCAGCACAAGTAGAG-1-0,
GGTTCACTCTTGAAGAAAGTAGAG-1-0,TP53_CALR_het
GGTTGACCACCACAAAAAGTAGAG-1-0,
GGTTGACCAGGCCTCTAAGTAGAG-1-0,
GGTTGACCAGGCTTAAAAGTAGAG-1-0,
GGTTGAGTCATCGATTAAGTAGAG-1-0,TP53_EZH2_CALR_mut
GGTTGAGTCCCTCGCTAAGTAGAG-1-0,
GGTTGAGTCCTGGTTAAAGTAGAG-1-0,TP53_CALR_het
GGTTGAGTCGCAACGAAAGTAGAG-1-0,
GGTTGAGTCGGTAACGAAGTAGAG-1-0,
GGTTGAGTCGTGATTTAAGTAGAG-1-0,
GGTTGAGTCTATTGCGAAGTAGAG-1-0,
GGTTGAGTCTCACCTTAAGTAGAG-1-0,
GGTTGAGTCTCACTAGAAGTAGAG-1-0,ZRSR2_CALR_mut
GGTTGAGTCTCTATGGAAGTAGAG-1-0,
GGTTTAAAGACTCAAAAAGTAGAG-1-0,
GGTTTAAAGCATTACTAAGTAGAG-1-0,TP53_EZH2_CALR_mut
GGTTTAAAGCTGATGGAAGTAGAG-1-0,TP53_CALR_het
GGTTTAAAGGACAAAGAAGTAGAG-1-0,
GGTTTAAAGGCTGTGAAAGTAGAG-1-0,TP53_CALR_het
GGTTTAAAGGGATTTAAAGTAGAG-1-0,
GGTTTAAAGGTCAATAAAGTAGAG-1-0,
GGTTTAAAGGTTACTTAAGTAGAG-1-0,
GGTTTAAAGGTTCTTGAAGTAGAG-1-0,
GGTTTAAAGTAGCTAAAAGTAGAG-1-0,
GGTTTAAAGTGCTGAGAAGTAGAG-1-0,TP53_EZH2_CALR_mut
GGTTTACGTGTTTGCGAAGTAGAG-1-0,
GGTTTACGTTCCTTTGAAGTAGAG-1-0,
GGTTTACGTTTGTCCCAAGTAGAG-1-0,
GGTTTAGCAAGATGCCAAGTAGAG-1-0,TP53_CALR_het
GGTTTAGCAAGTCGCGAAGTAGAG-1-0,
GGTTTAGCAGGCTGTGAAGTAGAG-1-0,TP53_CALR_het
GGTTTAGCATCCGTCAAAGTAGAG-1-0,ZRSR2_CALR_mut
GGTTTAGCATTCATGCAAGTAGAG-1-0,TP53_EZH2_CALR_mut
GGTTTAGCATTTCATGAAGTAGAG-1-0,TP53_EZH2_CALR_mut
GGTTTATTCACCCTCCAAGTAGAG-1-0,TP53_EZH2_CALR_mut
GGTTTATTCATGGAACAAGTAGAG-1-0,
GGTTTATTCCCGCTGAAAGTAGAG-1-0,
GGTTTATTCCTGGATCAAGTAGAG-1-0,
GGTTTATTCGTGATTTAAGTAGAG-1-0,TP53_EZH2_CALR_het
GGTTTATTCTTTAAGCAAGTAGAG-1-0,TP53_EZH2_CALR_mut
GGTTTCCAGAAGCATCAAGTAGAG-1-0,TP53_CALR_het
GGTTTCCAGAGAGCAAAAGTAGAG-1-0,
GGTTTCCAGAGGAGTAAAGTAGAG-1-0,
GGTTTCCAGCAACTTTAAGTAGAG-1-0,
GGTTTCCAGCAGGTTGAAGTAGAG-1-0,TP53_CALR_het
GGTTTCCAGCCATAAAAAGTAGAG-1-0,TP53_EZH2_CALR_mut
GGTTTCCAGCTCGACTAAGTAGAG-1-0,
GGTTTCCAGGCTTAAAAAGTAGAG-1-0,
GGTTTCCAGGTTGGGCAAGTAGAG-1-0,
GGTTTCCAGTAAAGGGAAGTAGAG-1-0,
GGTTTCCAGTATGGTAAAGTAGAG-1-0,TP53_EZH2_CALR_mut
GGTTTCTCAACAGAGGAAGTAGAG-1-0,TP53_CALR_het
GGTTTCTCAACAGCTAAAGTAGAG-1-0,
GGTTTCTCAACTAAGTAAGTAGAG-1-0,
GGTTTCTCAATACTGGAAGTAGAG-1-0,
GGTTTCTCACTAAGCAAAGTAGAG-1-0,TP53_EZH2_CALR_mut
GGTTTCTCAGCATTTCAAGTAGAG-1-0,
GGTTTCTCAGCTTTCGAAGTAGAG-1-0,
GGTTTCTCAGGAATAAAAGTAGAG-1-0,
GGTTTCTCAGGGATGAAAGTAGAG-1-0,
GGTTTCTCATGGCTTTAAGTAGAG-1-0,
GGTTTGACAAGATGCCAAGTAGAG-1-0,
GGTTTGTGTACAGCAAAAGTAGAG-1-0,TP53_CALR_het
GGTTTGTGTAGACTGAAAGTAGAG-1-0,TP53_CALR_het
GGTTTGTGTCACGATTAAGTAGAG-1-0,TP53_CALR_het
GGTTTGTGTCAGGGCAAAGTAGAG-1-0,
GGTTTGTGTCGGTTTGAAGTAGAG-1-0,
GGTTTGTGTGACATTCAAGTAGAG-1-0,
GGTTTGTGTTCCAGCAAAGTAGAG-1-0,ZRSR2_CALR_mut
GGTTTGTGTTCCTTTGAAGTAGAG-1-0,ZRSR2_CALR_mut
GGTTTGTGTTTACGACAAGTAGAG-1-0,
GGTTTGTGTTTCAGGTAAGTAGAG-1-0,TP53_CALR_het
GTAAACCAGCTGGACAAAGTAGAG-1-0,TP53_CALR_het
GTAAACCAGGAGGATAAAGTAGAG-1-0,
GTAAACCAGGCGATATAAGTAGAG-1-0,
GTAAACCAGGCGCAGTAAGTAGAG-1-0,
GTAAACCAGTCGCGAAAAGTAGAG-1-0,
GTAAACCAGTGAGTTAAAGTAGAG-1-0,
GTAAACGGTACGCACCAAGTAGAG-1-0,
GTAAACGGTAGCCATTAAGTAGAG-1-0,TP53_EZH2_CALR_mut
GTAAACGGTAGTAACGAAGTAGAG-1-0,TP53_EZH2_CALR_mut
GTAAACGGTCTGTCAGAAGTAGAG-1-0,TP53_CALR_het
GTAAACGGTGATCCTGAAGTAGAG-1-0,
GTAAACGGTTAACGAGAAGTAGAG-1-0,
GTAAACGGTTAGCGGGAAGTAGAG-1-0,
GTAAAGCTCAACATTCAAGTAGAG-1-0,
GTAAAGCTCAAGTTTCAAGTAGAG-1-0,
GTAAAGCTCAATCGCCAAGTAGAG-1-0,TP53_EZH2_CALR_mut
GTAAAGCTCACCTTTCAAGTAGAG-1-0,
GTAAAGCTCAGTCTATAAGTAGAG-1-0,ZRSR2_CALR_mut
GTAAAGCTCATGGAACAAGTAGAG-1-0,
GTAAAGCTCCACTAATAAGTAGAG-1-0,TP53_EZH2_CALR_mut
GTAAAGCTCCCGCTGAAAGTAGAG-1-0,TP53_EZH2_CALR_mut
GTAAAGCTCCGCAATCAAGTAGAG-1-0,
GTAAAGCTCGATTGAAAAGTAGAG-1-0,
GTAAAGCTCTCAAGAAAAGTAGAG-1-0,
GTAAAGGAGCACCTTAAAGTAGAG-1-0,TP53_CALR_het
GTAAAGGAGGATCCAGAAGTAGAG-1-0,
GTAACCACAAAGGGATAAGTAGAG-1-0,TP53_EZH2_CALR_mut
GTAACCACAACAGGGAAAGTAGAG-1-0,
GTAACCACACAATCGAAAGTAGAG-1-0,ZRSR2_CALR_mut
GTAACCACAGAATGAAAAGTAGAG-1-0,TP53_CALR_het
GTAACCACAGCACGTGAAGTAGAG-1-0,
GTAACCACATCTATCAAAGTAGAG-1-0,
GTAACCACATTCAGGAAAGTAGAG-1-0,TP53_EZH2_CALR_mut
GTAACCACATTTAGCCAAGTAGAG-1-0,
GTAACCTGTACACCCAAAGTAGAG-1-0,ZRSR2_CALR_mut
GTAACCTGTACCGCACAAGTAGAG-1-0,TP53_CALR_het
GTAACCTGTACCTAGTAAGTAGAG-1-0,TP53_EZH2_CALR_mut
GTAACCTGTCACCAGCAAGTAGAG-1-0,ZRSR2_CALR_mut
GTAACCTGTGGGAACTAAGTAGAG-1-0,ZRSR2_CALR_mut
GTAACCTGTTCCTTTGAAGTAGAG-1-0,
GTAACCTGTTTACTGAAAGTAGAG-1-0,
GTAACGGTCACAGATAAAGTAGAG-1-0,
GTAACGGTCAGTCTATAAGTAGAG-1-0,
GTAACGGTCATGAGGTAAGTAGAG-1-0,TP53_EZH2_CALR_mut
GTAACGGTCCAGATAAAAGTAGAG-1-0,
GTAACGGTCCTCACGGAAGTAGAG-1-0,TP53_EZH2_CALR_mut
GTAACGGTCCTCTAAGAAGTAGAG-1-0,
GTAACGGTCGTTAACTAAGTAGAG-1-0,
GTAACGGTCTGTGACCAAGTAGAG-1-0,TP53_EZH2_CALR_mut
GTAACGGTCTGTGCACAAGTAGAG-1-0,
GTAACGGTCTTGAAAGAAGTAGAG-1-0,ZRSR2_CALR_mut
GTAACTAAGACATAGCAAGTAGAG-1-0,
GTAACTAAGATTATCCAAGTAGAG-1-0,
GTAACTAAGCCACTCGAAGTAGAG-1-0,TP53_CALR_het
GTAACTAAGCTGATTTAAGTAGAG-1-0,
GTAAGAACAAAGGTAAAAGTAGAG-1-0,TP53_CALR_het
GTAAGAACAACAAGCCAAGTAGAG-1-0,TP53_CALR_het
GTAAGAACAAGGGTCTAAGTAGAG-1-0,
GTAAGAACACAGCCAGAAGTAGAG-1-0,TP53_CALR_het
GTAAGAACACCAACAAAAGTAGAG-1-0,TP53_CALR_het
GTAAGAACACCAGCTCAAGTAGAG-1-0,
GTAAGAACAGGCGAAAAAGTAGAG-1-0,TP53_CALR_het
GTAAGAACATACTTGCAAGTAGAG-1-0,
GTAAGAACATAGACGCAAGTAGAG-1-0,
GTAAGGTTCAATTGGAAAGTAGAG-1-0,
GTAAGGTTCCGTGACTAAGTAGAG-1-0,
GTAAGGTTCCTCACTTAAGTAGAG-1-0,
GTAAGGTTCCTTGAGCAAGTAGAG-1-0,TP53_CALR_het
GTAAGGTTCGATTACTAAGTAGAG-1-0,
GTAAGGTTCTCGCCTCAAGTAGAG-1-0,TP53_EZH2_CALR_mut
GTAAGGTTCTCTCGCCAAGTAGAG-1-0,
GTAATCCGTAATGAACAAGTAGAG-1-0,
GTAATCCGTACTTACAAAGTAGAG-1-0,
GTAATCCGTATTGGGAAAGTAGAG-1-0,TP53_CALR_het
GTAATCCGTCATCCTCAAGTAGAG-1-0,
GTAATCCGTCCATTAAAAGTAGAG-1-0,TP53_EZH2_CALR_mut
GTAATCCGTGTAATGGAAGTAGAG-1-0,
GTAATGGGTAACGTGAAAGTAGAG-1-0,
GTAATGGGTAATAGGTAAGTAGAG-1-0,TP53_EZH2_CALR_mut
GTAATGGGTATTGCGTAAGTAGAG-1-0,
GTAATGGGTCTCAGCAAAGTAGAG-1-0,
GTAATGGGTGGACCCTAAGTAGAG-1-0,ZRSR2_CALR_mut
GTAATGGGTGTCCAGCAAGTAGAG-1-0,TP53_CALR_het
GTAATGGGTTATGAGGAAGTAGAG-1-0,TP53_CALR_het
GTACCTATCGCAGCAAAAGTAGAG-1-0,
GTACGCAAGAAGCAAGAAGTAGAG-1-0,
GTACGCAAGAGGTTTAAAGTAGAG-1-0,ZRSR2_CALR_mut
GTACGCAAGATGAAGGAAGTAGAG-1-0,
GTACGCAAGATTGAGCAAGTAGAG-1-0,
GTACGCAAGCTCGATCAAGTAGAG-1-0,TP53_CALR_het
GTACGCAAGGGTTTGGAAGTAGAG-1-0,TP53_CALR_het
GTACGCAAGGTTAGGTAAGTAGAG-1-0,
GTACGCAAGTAACGGTAAGTAGAG-1-0,
GTACGCAAGTCAACTTAAGTAGAG-1-0,
GTACGCAAGTGTCCACAAGTAGAG-1-0,TP53_CALR_het
GTACGCAAGTTGGATAAAGTAGAG-1-0,TP53_CALR_het
GTACTGACAATATGCGAAGTAGAG-1-0,
GTACTGACACATTGTCAAGTAGAG-1-0,TP53_EZH2_CALR_het
GTACTGACAGCGATCGAAGTAGAG-1-0,TP53_CALR_het
GTACTGACAGGGATGAAAGTAGAG-1-0,ZRSR2_CALR_mut
GTACTGACATAACCAGAAGTAGAG-1-0,TP53_CALR_het
GTACTGACATACCTTAAAGTAGAG-1-0,
GTACTGACATTAGTGGAAGTAGAG-1-0,
GTACTTAGTAGTTGTCAAGTAGAG-1-0,
GTACTTAGTCAATTCAAAGTAGAG-1-0,
GTACTTAGTGGTGCAGAAGTAGAG-1-0,
GTACTTAGTGTTAGAGAAGTAGAG-1-0,TP53_EZH2_CALR_mut
GTACTTAGTTAGTAGGAAGTAGAG-1-0,
GTACTTAGTTGAATCCAAGTAGAG-1-0,
GTACTTAGTTGTGACTAAGTAGAG-1-0,
GTAGCCCGTAACTAGGAAGTAGAG-1-0,TP53_CALR_het
GTAGCCCGTAATGCGAAAGTAGAG-1-0,TP53_CALR_het
GTAGCCCGTCACAGAAAAGTAGAG-1-0,TP53_CALR_het
GTAGCCCGTCATTATGAAGTAGAG-1-0,TP53_CALR_het
GTAGCCCGTCATTTAGAAGTAGAG-1-0,TP53_EZH2_CALR_mut
GTAGCCCGTCCAGCTAAAGTAGAG-1-0,
GTAGCCCGTCCATCCTAAGTAGAG-1-0,
GTAGCCCGTGGTGAGTAAGTAGAG-1-0,
GTAGCCCGTTGTGACTAAGTAGAG-1-0,TP53_CALR_het
GTAGGCGGTACCTCAGAAGTAGAG-1-0,TP53_EZH2_CALR_mut
GTAGGCGGTACGGTTTAAGTAGAG-1-0,TP53_CALR_het
GTAGGCGGTATTGGGAAAGTAGAG-1-0,TP53_EZH2_CALR_mut
GTAGGCGGTCACAGAAAAGTAGAG-1-0,TP53_CALR_het
GTAGGCGGTCATTTAGAAGTAGAG-1-0,
GTAGGCGGTCCTCCATAAGTAGAG-1-0,TP53_CALR_het
GTAGTAGGTACGTCCAAAGTAGAG-1-0,
GTAGTAGGTAGTCATCAAGTAGAG-1-0,
GTAGTAGGTCACACCAAAGTAGAG-1-0,TP53_CALR_het
GTAGTAGGTCATGCATAAGTAGAG-1-0,
GTAGTAGGTCCATCCTAAGTAGAG-1-0,TP53_CALR_het
GTAGTAGGTGAAGCACAAGTAGAG-1-0,TP53_CALR_het
GTAGTCCTCAACCGCTAAGTAGAG-1-0,
GTAGTCCTCAGCGGGTAAGTAGAG-1-0,TP53_CALR_het
GTAGTCCTCAGGTTGGAAGTAGAG-1-0,TP53_EZH2_CALR_mut
GTAGTCCTCCAAATTCAAGTAGAG-1-0,
GTAGTCCTCCAACAGGAAGTAGAG-1-0,
GTAGTCCTCCAATTACAAGTAGAG-1-0,ZRSR2_CALR_mut
GTAGTCCTCCCATAATAAGTAGAG-1-0,
GTAGTCCTCCCTGGATAAGTAGAG-1-0,TP53_CALR_het
GTAGTCCTCCTTTAGGAAGTAGAG-1-0,
GTAGTCCTCGAAGGCCAAGTAGAG-1-0,TP53_CALR_het
GTAGTCCTCGCTCAGTAAGTAGAG-1-0,
GTAGTCCTCGCTTGACAAGTAGAG-1-0,ZRSR2_CALR_mut
GTAGTCCTCGGTACGAAAGTAGAG-1-0,TP53_CALR_het
GTAGTCCTCGTTAGGGAAGTAGAG-1-0,
GTAGTCCTCTAATCGTAAGTAGAG-1-0,
GTAGTCCTCTTACTCCAAGTAGAG-1-0,TP53_EZH2_CALR_mut
GTAGTCCTCTTCGCCCAAGTAGAG-1-0,TP53_EZH2_CALR_mut
GTATACTTCCCACATAAAGTAGAG-1-0,ZRSR2_CALR_mut
GTATACTTCCCTCATTAAGTAGAG-1-0,ZRSR2_CALR_mut
GTATACTTCGAGCTAGAAGTAGAG-1-0,TP53_EZH2_CALR_mut
GTATACTTCGTAAAGCAAGTAGAG-1-0,
GTATACTTCGTTGCACAAGTAGAG-1-0,TP53_EZH2_CALR_mut
GTATACTTCTGGCTACAAGTAGAG-1-0,
GTATGGGTCACTGTCAAAGTAGAG-1-0,
GTATGGGTCATGAATGAAGTAGAG-1-0,ZRSR2_CALR_mut
GTATGGGTCCAGATAAAAGTAGAG-1-0,
GTATGGGTCGTTGCACAAGTAGAG-1-0,
GTATGGGTCTTAAGCTAAGTAGAG-1-0,
GTATGGGTCTTGAGGGAAGTAGAG-1-0,TP53_CALR_het
GTATGTAAGATGGATCAAGTAGAG-1-0,TP53_CALR_het
GTATGTAAGATTGCAAAAGTAGAG-1-0,
GTATGTAAGCTTGATTAAGTAGAG-1-0,TP53_CALR_het
GTATGTAAGGCGGATCAAGTAGAG-1-0,
GTATGTAAGGTCACTCAAGTAGAG-1-0,TP53_CALR_het
GTATGTAAGTAACGTAAAGTAGAG-1-0,TP53_CALR_het
GTATTACTCAGCTACCAAGTAGAG-1-0,TP53_EZH2_CALR_mut
GTATTACTCATGCATTAAGTAGAG-1-0,TP53_EZH2_CALR_mut
GTATTACTCCGAATTTAAGTAGAG-1-0,TP53_CALR_het
GTATTACTCGCACACTAAGTAGAG-1-0,TP53_EZH2_CALR_mut
GTATTACTCGGGACTAAAGTAGAG-1-0,TP53_EZH2_CALR_mut
GTATTACTCTCACCGGAAGTAGAG-1-0,TP53_CALR_het
GTATTCGTCAACTGTTAAGTAGAG-1-0,TP53_EZH2_CALR_mut
GTATTCGTCAAGATGCAAGTAGAG-1-0,TP53_EZH2_CALR_mut
GTATTCGTCACTTGATAAGTAGAG-1-0,TP53_CALR_het
GTATTCGTCCAAAGGTAAGTAGAG-1-0,
GTATTCGTCCAATAGAAAGTAGAG-1-0,TP53_EZH2_CALR_mut
GTATTCGTCCGAAAGTAAGTAGAG-1-0,
GTATTCGTCGAAATGCAAGTAGAG-1-0,
GTATTCGTCTCTATGGAAGTAGAG-1-0,
GTCAAAGGTAACCGCCAAGTAGAG-1-0,TP53_CALR_het
GTCAAAGGTACGGTTTAAGTAGAG-1-0,TP53_CALR_het
GTCAAAGGTATTGACCAAGTAGAG-1-0,TP53_CALR_het
GTCAAAGGTCAATACCAAGTAGAG-1-0,
GTCAAAGGTGACATTCAAGTAGAG-1-0,TP53_CALR_het
GTCAAAGGTGAGAAGGAAGTAGAG-1-0,
GTCAAAGGTGGCTTTGAAGTAGAG-1-0,
GTCAAAGGTGTTTGTAAAGTAGAG-1-0,
GTCAAAGGTTAGCGGGAAGTAGAG-1-0,TP53_CALR_het
GTCAAAGGTTCGGTATAAGTAGAG-1-0,TP53_CALR_het
GTCAAAGGTTTCCTGCAAGTAGAG-1-0,TP53_EZH2_CALR_mut
GTCAACTGTACCGCACAAGTAGAG-1-0,
GTCAACTGTACCTCAGAAGTAGAG-1-0,
GTCAACTGTCAAAGATAAGTAGAG-1-0,
GTCAACTGTCAGGATAAAGTAGAG-1-0,
GTCAACTGTCTATCTTAAGTAGAG-1-0,TP53_CALR_het
GTCAACTGTGTGAGACAAGTAGAG-1-0,
GTCAACTGTTAGCTCGAAGTAGAG-1-0,TP53_EZH2_CALR_mut
GTCAACTGTTAGGCGGAAGTAGAG-1-0,
GTCAACTGTTCCGTGAAAGTAGAG-1-0,
GTCAAGCCAACAGGCTAAGTAGAG-1-0,TP53_CALR_het
GTCAAGCCATATGGTGAAGTAGAG-1-0,
GTCAAGCCATGGCGCAAAGTAGAG-1-0,
GTCAAGCCATTGAACGAAGTAGAG-1-0,
GTCACAACACGAACGTAAGTAGAG-1-0,TP53_CALR_het
GTCACAACACGTTACTAAGTAGAG-1-0,TP53_CALR_het
GTCACAACATAATGACAAGTAGAG-1-0,TP53_CALR_het
GTCACAACATCCCAATAAGTAGAG-1-0,TP53_CALR_het
GTCACAACATTGGACAAAGTAGAG-1-0,
GTCACAACATTTATCGAAGTAGAG-1-0,
GTCACACTCAGCACAGAAGTAGAG-1-0,
GTCACACTCGCGGATAAAGTAGAG-1-0,
GTCACACTCGGTCAAGAAGTAGAG-1-0,TP53_EZH2_CALR_mut
GTCACACTCTGCCATAAAGTAGAG-1-0,
GTCACTCAGAGCCGGTAAGTAGAG-1-0,
GTCACTCAGATAACCAAAGTAGAG-1-0,
GTCACTCAGATTCGTTAAGTAGAG-1-0,ZRSR2_CALR_mut
GTCACTCAGTAAACCAAAGTAGAG-1-0,
GTCACTCAGTGATGGTAAGTAGAG-1-0,TP53_CALR_het
GTCACTCAGTTGCAAAAAGTAGAG-1-0,
GTCACTCAGTTTCAGTAAGTAGAG-1-0,TP53_CALR_het
GTCACTCAGTTTGGTTAAGTAGAG-1-0,
GTCAGTGAGCAATCGGAAGTAGAG-1-0,TP53_CALR_het
GTCAGTGAGCATTACTAAGTAGAG-1-0,
GTCAGTGAGTAACTTCAAGTAGAG-1-0,TP53_CALR_het
GTCAGTGAGTCTGTGCAAGTAGAG-1-0,
GTCATAAAGCATCTATAAGTAGAG-1-0,
GTCATAAAGCCTTAATAAGTAGAG-1-0,
GTCATCCAGAATGGGAAAGTAGAG-1-0,
GTCATCCAGATGATTGAAGTAGAG-1-0,
GTCATCCAGCAAGACTAAGTAGAG-1-0,
GTCATCCAGCACCTTAAAGTAGAG-1-0,
GTCATCCAGCTTCTAGAAGTAGAG-1-0,ZRSR2_CALR_mut
GTCATCCAGGTTGCTCAAGTAGAG-1-0,TP53_CALR_het
GTCATCCAGTCACTATAAGTAGAG-1-0,TP53_CALR_het
GTCATCCAGTCTACCAAAGTAGAG-1-0,TP53_CALR_het
GTCATCCAGTGATCAAAAGTAGAG-1-0,
GTCATCCAGTGTGATAAAGTAGAG-1-0,TP53_EZH2_CALR_mut
GTCATCCAGTGTTTGTAAGTAGAG-1-0,
GTCATCCAGTTTCGCAAAGTAGAG-1-0,TP53_EZH2_CALR_mut
GTCATTAGTAGCGGATAAGTAGAG-1-0,
GTCATTAGTAGCTTGTAAGTAGAG-1-0,
GTCATTAGTGTCCAATAAGTAGAG-1-0,TP53_EZH2_CALR_mut
GTCATTAGTTCTTACTAAGTAGAG-1-0,
GTCATTAGTTTCCACCAAGTAGAG-1-0,
GTCATTGTCACGGACAAAGTAGAG-1-0,
GTCATTGTCATGACCCAAGTAGAG-1-0,TP53_CALR_het
GTCATTGTCCAATTACAAGTAGAG-1-0,ZRSR2_CALR_mut
GTCATTGTCCACTAATAAGTAGAG-1-0,
GTCATTGTCGATGAACAAGTAGAG-1-0,
GTCATTGTCGCCTATAAAGTAGAG-1-0,TP53_EZH2_CALR_mut
GTCATTGTCTATTGCGAAGTAGAG-1-0,
GTCATTGTCTGGTCTAAAGTAGAG-1-0,
GTCCAAACAAGCTCAAAAGTAGAG-1-0,
GTCCAAACACGGGCTAAAGTAGAG-1-0,TP53_EZH2_CALR_mut
GTCCAAACACGTAGGTAAGTAGAG-1-0,
GTCCAAACAGCGGATTAAGTAGAG-1-0,ZRSR2_CALR_mut
GTCCAAACAGTAATACAAGTAGAG-1-0,TP53_CALR_het
GTCCAAACATAACCAGAAGTAGAG-1-0,
GTCCAAACATGCAATGAAGTAGAG-1-0,
GTCCAAACATGTGGGTAAGTAGAG-1-0,
GTCCCTCTCACTCGCGAAGTAGAG-1-0,TP53_CALR_het
GTCCCTCTCACTTGATAAGTAGAG-1-0,
GTCCCTCTCAGCATGGAAGTAGAG-1-0,TP53_CALR_het
GTCCCTCTCATTTAGCAAGTAGAG-1-0,TP53_CALR_het
GTCCCTCTCCACAACCAAGTAGAG-1-0,
GTCCCTCTCCATCCTTAAGTAGAG-1-0,
GTCCCTCTCCTGGATCAAGTAGAG-1-0,
GTCCCTCTCCTTTGAGAAGTAGAG-1-0,TP53_CALR_het
GTCCCTCTCTAATTGCAAGTAGAG-1-0,
GTCCCTCTCTATTGACAAGTAGAG-1-0,ZRSR2_CALR_mut
GTCCCTCTCTGCCATAAAGTAGAG-1-0,TP53_EZH2_CALR_mut
GTCCCTCTCTGGCTACAAGTAGAG-1-0,
GTCCCTCTCTTAAGGAAAGTAGAG-1-0,
GTCCCTGAGAGCCGGTAAGTAGAG-1-0,
GTCCCTGAGAGGCGAGAAGTAGAG-1-0,TP53_CALR_het
GTCCCTGAGAGGTTTAAAGTAGAG-1-0,
GTCCCTGAGATAATCGAAGTAGAG-1-0,
GTCCCTGAGCAAATTGAAGTAGAG-1-0,
GTCCCTGAGCACGGTAAAGTAGAG-1-0,
GTCCCTGAGGCCATTCAAGTAGAG-1-0,
GTCCCTGAGGTTTCCAAAGTAGAG-1-0,TP53_EZH2_CALR_mut
GTCCCTGAGTAACGTAAAGTAGAG-1-0,TP53_CALR_het
GTCCCTGAGTCATAAGAAGTAGAG-1-0,TP53_CALR_het
GTCCCTGAGTTACCCAAAGTAGAG-1-0,
GTCCCTGAGTTGCAGGAAGTAGAG-1-0,
GTCCGTAGTCAGGATAAAGTAGAG-1-0,TP53_EZH2_CALR_mut
GTCCGTAGTCGGTTATAAGTAGAG-1-0,
GTCCGTAGTGACATTCAAGTAGAG-1-0,
GTCCGTAGTGTTAGTCAAGTAGAG-1-0,
GTCCGTAGTGTTTCGGAAGTAGAG-1-0,
GTCCGTAGTTGACCCAAAGTAGAG-1-0,
GTCCGTAGTTGCACTGAAGTAGAG-1-0,TP53_CALR_het
GTCCGTTAGACATAGCAAGTAGAG-1-0,TP53_EZH2_CALR_mut
GTCCGTTAGACTCAAAAAGTAGAG-1-0,
GTCCGTTAGCACTACCAAGTAGAG-1-0,TP53_CALR_het
GTCCGTTAGCTTGAGGAAGTAGAG-1-0,ZRSR2_CALR_mut
GTCCGTTAGTCGCGAAAAGTAGAG-1-0,ZRSR2_CALR_mut
GTCCGTTAGTTTCCAGAAGTAGAG-1-0,
GTCCTCACAAGATAAGAAGTAGAG-1-0,TP53_EZH2_CALR_mut
GTCCTCACAAGGGTCTAAGTAGAG-1-0,
GTCCTCACACGGATACAAGTAGAG-1-0,
GTCCTCACATCCGGAGAAGTAGAG-1-0,
GTCCTCACATGTGGGTAAGTAGAG-1-0,
GTCCTCACATTCAGGAAAGTAGAG-1-0,TP53_EZH2_CALR_mut
GTCCTGAGTAACCGCCAAGTAGAG-1-0,
GTCCTGAGTCCATTAAAAGTAGAG-1-0,
GTCCTGAGTGTGAGACAAGTAGAG-1-0,TP53_CALR_het
GTCCTGAGTTCGATGTAAGTAGAG-1-0,TP53_CALR_het
GTCCTTAAGCTAAACAAAGTAGAG-1-0,
GTCCTTAAGCTATATCAAGTAGAG-1-0,TP53_EZH2_CALR_mut
GTCCTTAAGCTTGATTAAGTAGAG-1-0,TP53_EZH2_CALR_mut
GTCCTTAAGGATCCAGAAGTAGAG-1-0,TP53_EZH2_CALR_mut
GTCCTTAAGGCTTAGGAAGTAGAG-1-0,TP53_CALR_het
GTCCTTAAGGTAAGTCAAGTAGAG-1-0,
GTCCTTAAGGTTTCGCAAGTAGAG-1-0,TP53_CALR_het
GTCCTTAAGTAAGCTAAAGTAGAG-1-0,
GTCCTTAAGTTAACAGAAGTAGAG-1-0,TP53_CALR_het
GTCGATTGTACGTCCAAAGTAGAG-1-0,TP53_CALR_het
GTCGATTGTATTACCAAAGTAGAG-1-0,TP53_CALR_het
GTCGATTGTGCTGAAAAAGTAGAG-1-0,TP53_EZH2_CALR_mut
GTCGATTGTGTCCAGCAAGTAGAG-1-0,TP53_EZH2_CALR_mut
GTCGATTGTTAACGAGAAGTAGAG-1-0,ZRSR2_CALR_mut
GTCGATTGTTCCAGCAAAGTAGAG-1-0,
GTCGATTGTTGCTCCTAAGTAGAG-1-0,
GTCGGTTTCACAATGAAAGTAGAG-1-0,
GTCGGTTTCATGATGAAAGTAGAG-1-0,
GTCGGTTTCCTCACTTAAGTAGAG-1-0,
GTCGGTTTCGAGAGAAAAGTAGAG-1-0,TP53_CALR_het
GTCGGTTTCTAATGAGAAGTAGAG-1-0,TP53_CALR_het
GTCGTTATCAGTTAGAAAGTAGAG-1-0,TP53_EZH2_CALR_mut
GTCGTTATCCACAATTAAGTAGAG-1-0,TP53_EZH2_CALR_mut
GTCGTTATCCATTAACAAGTAGAG-1-0,
GTCGTTATCCCAGTACAAGTAGAG-1-0,
GTCGTTATCGATATAGAAGTAGAG-1-0,
GTCGTTATCGCCTAGTAAGTAGAG-1-0,TP53_CALR_het
GTCGTTATCGGTACCTAAGTAGAG-1-0,TP53_EZH2_CALR_mut
GTCGTTATCGTTGCACAAGTAGAG-1-0,TP53_CALR_het
GTCTTGCAGCTAGCCTAAGTAGAG-1-0,
GTCTTGCAGCTGGACAAAGTAGAG-1-0,
GTCTTGCAGGTCACTCAAGTAGAG-1-0,TP53_CALR_het
GTCTTGCAGTCCTGACAAGTAGAG-1-0,TP53_EZH2_CALR_mut
GTCTTGCAGTCGCATCAAGTAGAG-1-0,TP53_CALR_het
GTCTTGCAGTCGCGAAAAGTAGAG-1-0,
GTCTTGCAGTGGACCAAAGTAGAG-1-0,TP53_CALR_het
GTGAAACTCAAGTTAGAAGTAGAG-1-0,TP53_CALR_het
GTGAAACTCAGGTCGAAAGTAGAG-1-0,TP53_EZH2_CALR_mut
GTGAAACTCCTGATCAAAGTAGAG-1-0,TP53_CALR_het
GTGAAACTCGATATGAAAGTAGAG-1-0,
GTGAAACTCGCAGCAAAAGTAGAG-1-0,ZRSR2_CALR_mut
GTGAGTTAGATGATTGAAGTAGAG-1-0,TP53_EZH2_CALR_mut
GTGAGTTAGCGATAACAAGTAGAG-1-0,TP53_CALR_het
GTGAGTTAGCTATCCAAAGTAGAG-1-0,TP53_EZH2_CALR_mut
GTGAGTTAGGAGCCGTAAGTAGAG-1-0,
GTGAGTTAGGCTTAGGAAGTAGAG-1-0,
GTGAGTTAGGCTTTATAAGTAGAG-1-0,TP53_EZH2_CALR_mut
GTGAGTTAGTCTAACTAAGTAGAG-1-0,
GTGCAAGTCAACCGCTAAGTAGAG-1-0,TP53_CALR_het
GTGCAAGTCCAACAGGAAGTAGAG-1-0,
GTGCAAGTCCCATTGAAAGTAGAG-1-0,TP53_CALR_het
GTGCAAGTCGGTACCTAAGTAGAG-1-0,
GTGCAAGTCTCAAGAAAAGTAGAG-1-0,TP53_EZH2_CALR_mut
GTGCAAGTCTCCATCTAAGTAGAG-1-0,
GTGCCTTAGCATTTCGAAGTAGAG-1-0,TP53_CALR_het
GTGCCTTAGCGCTCCAAAGTAGAG-1-0,TP53_EZH2_CALR_mut
GTGCCTTAGGATGTTAAAGTAGAG-1-0,TP53_CALR_het
GTGCCTTAGGGAGGCAAAGTAGAG-1-0,TP53_CALR_het
GTGCCTTAGGTCACAGAAGTAGAG-1-0,
GTGCCTTAGGTCTTTGAAGTAGAG-1-0,
GTGCCTTAGTCATTCGAAGTAGAG-1-0,
GTGCGGTAGATTGAGCAAGTAGAG-1-0,TP53_CALR_het
GTGCGGTAGCCAGAGCAAGTAGAG-1-0,
GTGCGGTAGCGCGAACAAGTAGAG-1-0,TP53_EZH2_CALR_mut
GTGCGGTAGCGTGCTTAAGTAGAG-1-0,
GTGCGGTAGGTTAGCGAAGTAGAG-1-0,ZRSR2_CALR_mut
GTGCGGTAGTATGGGTAAGTAGAG-1-0,ZRSR2_CALR_mut
GTGCGGTAGTTGCGGAAAGTAGAG-1-0,
GTGCTCAGTATTCGTAAAGTAGAG-1-0,TP53_EZH2_CALR_mut
GTGCTCAGTCCTCCTGAAGTAGAG-1-0,
GTGCTCAGTGCATTACAAGTAGAG-1-0,
GTGCTCAGTGCGGCTTAAGTAGAG-1-0,
GTGCTCAGTTAGCGCCAAGTAGAG-1-0,
GTGCTCAGTTTGCTCCAAGTAGAG-1-0,TP53_CALR_het
GTGCTTATCAAACTTCAAGTAGAG-1-0,
GTGCTTATCACCTTTCAAGTAGAG-1-0,TP53_CALR_het
GTGCTTATCATGCGGAAAGTAGAG-1-0,TP53_EZH2_CALR_mut
GTGCTTATCTTAAGCTAAGTAGAG-1-0,TP53_CALR_het
GTGGAAGCAAATAACCAAGTAGAG-1-0,
GTGGAAGCAGCCATTTAAGTAGAG-1-0,ZRSR2_CALR_mut
GTGGAAGCAGGTTTCTAAGTAGAG-1-0,
GTGGACATCAATCGCCAAGTAGAG-1-0,
GTGGACATCCATGATTAAGTAGAG-1-0,
GTGGACATCCTCTAAGAAGTAGAG-1-0,ZRSR2_CALR_mut
GTGGACATCGGTCAAGAAGTAGAG-1-0,ZRSR2_CALR_mut
GTGGACATCTCAAACTAAGTAGAG-1-0,
GTGGACATCTGTGCACAAGTAGAG-1-0,TP53_CALR_het
GTGGACCAGATGAAGGAAGTAGAG-1-0,
GTGGACCAGCAACTTTAAGTAGAG-1-0,TP53_EZH2_CALR_mut
GTGGACCAGCCTAGTCAAGTAGAG-1-0,TP53_EZH2_CALR_mut
GTGGACCAGCGCAAGCAAGTAGAG-1-0,TP53_EZH2_CALR_mut
GTGGACCAGGTAGACTAAGTAGAG-1-0,
GTGGACCAGGTGTCCTAAGTAGAG-1-0,
GTGGACCAGGTTATGAAAGTAGAG-1-0,TP53_EZH2_CALR_mut
GTGGACCAGTGATCAAAAGTAGAG-1-0,
GTGGACCAGTTATGGAAAGTAGAG-1-0,
GTGGATTAGCACTAGGAAGTAGAG-1-0,
GTGGATTAGCATGTGGAAGTAGAG-1-0,
GTGGATTAGCTATATCAAGTAGAG-1-0,
GTGGATTAGCTTGAGGAAGTAGAG-1-0,
GTGGATTAGGAACCGCAAGTAGAG-1-0,
GTGGATTAGTTGACCCAAGTAGAG-1-0,TP53_EZH2_CALR_het
GTGGATTAGTTTGACTAAGTAGAG-1-0,
GTGGCGAGTAGCCCGTAAGTAGAG-1-0,TP53_EZH2_CALR_mut
GTGGCGAGTCGTCCAAAAGTAGAG-1-0,
GTGGCGAGTGCTCCTTAAGTAGAG-1-0,TP53_EZH2_CALR_mut
GTGGCGAGTTAGGTAGAAGTAGAG-1-0,
GTGGCGTAGCGAGCTAAAGTAGAG-1-0,
GTGGCGTAGGACTTAAAAGTAGAG-1-0,TP53_CALR_het
GTGGCGTAGGAGGATAAAGTAGAG-1-0,TP53_CALR_het
GTGGCGTAGGCAAGCCAAGTAGAG-1-0,TP53_CALR_het
GTGGCGTAGGCCCATTAAGTAGAG-1-0,
GTGGCGTAGGCGCGATAAGTAGAG-1-0,
GTGGCGTAGTCAACAAAAGTAGAG-1-0,TP53_CALR_het
GTGGCGTAGTCAACTTAAGTAGAG-1-0,
GTGGCTAAGAGGCGAGAAGTAGAG-1-0,TP53_EZH2_CALR_mut
GTGGCTAAGATTATCCAAGTAGAG-1-0,TP53_EZH2_CALR_mut
GTGGCTAAGGCGCGATAAGTAGAG-1-0,TP53_EZH2_CALR_mut
GTGGCTAAGTCGAAGTAAGTAGAG-1-0,
GTGGCTAAGTTACCCAAAGTAGAG-1-0,
GTGGCTAAGTTTACCGAAGTAGAG-1-0,
GTGGGAACAACATGATAAGTAGAG-1-0,TP53_CALR_het
GTGGGAACAAGACATTAAGTAGAG-1-0,
GTGGGAACAATAGCTGAAGTAGAG-1-0,
GTGGGAACAATCTCTAAAGTAGAG-1-0,TP53_CALR_het
GTGGGAACACATACCTAAGTAGAG-1-0,ZRSR2_CALR_mut
GTGGGAACACATAGTGAAGTAGAG-1-0,
GTGGGAACACTATGGAAAGTAGAG-1-0,TP53_EZH2_CALR_mut
GTGGGAACAGCCCTTAAAGTAGAG-1-0,
GTGGGAACAGCTCGCTAAGTAGAG-1-0,TP53_CALR_het
GTGGTTACAAGCTCAAAAGTAGAG-1-0,TP53_CALR_het
GTGGTTACAATATGCGAAGTAGAG-1-0,
GTGGTTACAATGGATTAAGTAGAG-1-0,
GTGGTTACACAATAGTAAGTAGAG-1-0,
GTGGTTACACCAGCTCAAGTAGAG-1-0,
GTGGTTACACCATCCAAAGTAGAG-1-0,TP53_CALR_het
GTGGTTACACGAACGTAAGTAGAG-1-0,TP53_CALR_het
GTGGTTACAGCTCGAGAAGTAGAG-1-0,TP53_CALR_het
GTGGTTACAGGTATATAAGTAGAG-1-0,TP53_CALR_het
GTGGTTACATATTTCGAAGTAGAG-1-0,TP53_EZH2_CALR_mut
GTGGTTACATCGGGCAAAGTAGAG-1-0,
GTGGTTCTCAATGTGAAAGTAGAG-1-0,TP53_EZH2_CALR_mut
GTGGTTCTCACAGATAAAGTAGAG-1-0,
GTGGTTCTCACAGCCTAAGTAGAG-1-0,
GTGGTTCTCACCACACAAGTAGAG-1-0,
GTGGTTCTCGAGGCACAAGTAGAG-1-0,
GTGGTTCTCGGGACTAAAGTAGAG-1-0,TP53_EZH2_CALR_mut
GTGGTTCTCGGGCAGTAAGTAGAG-1-0,TP53_CALR_het
GTGGTTCTCGTCAACCAAGTAGAG-1-0,
GTGGTTCTCTGTGCACAAGTAGAG-1-0,TP53_CALR_het
GTGTGAGTCAGGTAGTAAGTAGAG-1-0,
GTGTGAGTCCAAAGACAAGTAGAG-1-0,
GTGTGAGTCCAAATAGAAGTAGAG-1-0,TP53_CALR_het
GTGTGAGTCCGCAACTAAGTAGAG-1-0,
GTGTGAGTCGACTTTGAAGTAGAG-1-0,
GTGTGAGTCGCGTTCGAAGTAGAG-1-0,TP53_CALR_het
GTGTGAGTCGTGATTTAAGTAGAG-1-0,ZRSR2_CALR_mut
GTGTGAGTCTTAAGGAAAGTAGAG-1-0,
GTGTGCGCACACTGGGAAGTAGAG-1-0,TP53_EZH2_CALR_mut
GTGTGCGCACTGTCATAAGTAGAG-1-0,ZRSR2_CALR_mut
GTGTGCGCAGGTGACTAAGTAGAG-1-0,
GTGTGCGCATAAGCCAAAGTAGAG-1-0,TP53_EZH2_CALR_mut
GTGTTAAAGAATGGCTAAGTAGAG-1-0,
GTGTTAAAGACCATTTAAGTAGAG-1-0,TP53_EZH2_CALR_mut
GTGTTAAAGATGAAGGAAGTAGAG-1-0,
GTGTTAAAGCATGTGGAAGTAGAG-1-0,ZRSR2_CALR_mut
GTGTTAAAGCGCTAGAAAGTAGAG-1-0,
GTGTTAAAGGATGAAGAAGTAGAG-1-0,ZRSR2_CALR_mut
GTGTTAAAGGTGCACAAAGTAGAG-1-0,
GTTAACCGTACCTTAAAAGTAGAG-1-0,TP53_EZH2_CALR_mut
GTTAACCGTCCATTAAAAGTAGAG-1-0,
GTTAACCGTCCTGCAAAAGTAGAG-1-0,TP53_CALR_het
GTTAACCGTCTCACTCAAGTAGAG-1-0,TP53_CALR_het
GTTAACCGTGCACTATAAGTAGAG-1-0,TP53_CALR_het
GTTAACCGTTAGGTGAAAGTAGAG-1-0,TP53_CALR_het
GTTAACCGTTAGTAGGAAGTAGAG-1-0,TP53_CALR_het
GTTAACCGTTATGTGCAAGTAGAG-1-0,
GTTAACCGTTGTGACTAAGTAGAG-1-0,TP53_CALR_het
GTTAACCGTTTAACCAAAGTAGAG-1-0,
GTTAACTTCAAAGGGAAAGTAGAG-1-0,TP53_CALR_het
GTTAACTTCAAGGGTTAAGTAGAG-1-0,
GTTAACTTCCCGCTGAAAGTAGAG-1-0,
GTTAACTTCCGAATTTAAGTAGAG-1-0,
GTTAACTTCCTTAGATAAGTAGAG-1-0,TP53_EZH2_CALR_mut
GTTAACTTCGACCCATAAGTAGAG-1-0,TP53_EZH2_CALR_mut
GTTAACTTCTCACCTTAAGTAGAG-1-0,ZRSR2_CALR_mut
GTTAAGGGTAACCCATAAGTAGAG-1-0,TP53_CALR_het
GTTAAGGGTACGAATGAAGTAGAG-1-0,TP53_CALR_het
GTTAAGGGTAGACTGAAAGTAGAG-1-0,
GTTAAGGGTATCCGCAAAGTAGAG-1-0,TP53_EZH2_CALR_mut
GTTAAGGGTCCTTATTAAGTAGAG-1-0,
GTTAAGGGTCTTTATCAAGTAGAG-1-0,TP53_CALR_het
GTTAAGGGTGGTTCGCAAGTAGAG-1-0,TP53_CALR_het
GTTAAGGGTGTAATGGAAGTAGAG-1-0,
GTTAAGGGTTAGTGGAAAGTAGAG-1-0,ZRSR2_CALR_mut
GTTAAGGGTTCACTCCAAGTAGAG-1-0,
GTTAAGGGTTGTCATAAAGTAGAG-1-0,
GTTAAGGGTTGTTGGTAAGTAGAG-1-0,
GTTAAGGGTTTATCGAAAGTAGAG-1-0,TP53_EZH2_CALR_mut
GTTAATGAGACAAGCTAAGTAGAG-1-0,
GTTAATGAGACTAATGAAGTAGAG-1-0,TP53_CALR_het
GTTAATGAGATGCAACAAGTAGAG-1-0,TP53_CALR_het
GTTAATGAGATTGCAAAAGTAGAG-1-0,TP53_CALR_het
GTTAATGAGCAAACTAAAGTAGAG-1-0,
GTTAATGAGCAACTTTAAGTAGAG-1-0,
GTTAATGAGCATTACTAAGTAGAG-1-0,TP53_EZH2_CALR_mut
GTTAATGAGGGAGGCAAAGTAGAG-1-0,
GTTAATGAGGTGAGCCAAGTAGAG-1-0,ZRSR2_CALR_mut
GTTAATGAGGTTCGAGAAGTAGAG-1-0,
GTTAATGAGGTTGGGCAAGTAGAG-1-0,
GTTAATGAGTTATCCGAAGTAGAG-1-0,
GTTACCGGTAACCCATAAGTAGAG-1-0,
GTTACCGGTCTACCAGAAGTAGAG-1-0,
GTTACCGGTGTCCTTCAAGTAGAG-1-0,
GTTACCGGTTGCCTGAAAGTAGAG-1-0,
GTTACCGGTTTGTTGAAAGTAGAG-1-0,TP53_EZH2_CALR_mut
GTTAGAATCAAACCGGAAGTAGAG-1-0,TP53_CALR_het
GTTAGAATCAACTGTTAAGTAGAG-1-0,
GTTAGAATCATTGAAGAAGTAGAG-1-0,
GTTAGAATCCATAGGGAAGTAGAG-1-0,TP53_EZH2_CALR_mut
GTTAGAATCCATCCAAAAGTAGAG-1-0,TP53_CALR_het
GTTAGAATCTGGCCCAAAGTAGAG-1-0,ZRSR2_CALR_mut
GTTAGCGAGAAGGTTCAAGTAGAG-1-0,
GTTAGCGAGATAACTGAAGTAGAG-1-0,
GTTAGCGAGATGCCTCAAGTAGAG-1-0,TP53_CALR_het
GTTAGCGAGCCAGAGCAAGTAGAG-1-0,
GTTAGCGAGCTAACTTAAGTAGAG-1-0,
GTTAGCGAGGACACGCAAGTAGAG-1-0,ZRSR2_CALR_mut
GTTAGCGAGGAGTCATAAGTAGAG-1-0,TP53_EZH2_CALR_mut
GTTAGCGAGGATTAGCAAGTAGAG-1-0,
GTTAGGCCAAGTTTCCAAGTAGAG-1-0,TP53_EZH2_CALR_mut
GTTAGGCCAATCAAACAAGTAGAG-1-0,
GTTAGGCCAATCGTTCAAGTAGAG-1-0,
GTTAGGCCACCAGCTCAAGTAGAG-1-0,TP53_CALR_het
GTTAGGCCAGCTAGCGAAGTAGAG-1-0,
GTTAGGCCATCAGGTAAAGTAGAG-1-0,
GTTAGTCGTAATAGGTAAGTAGAG-1-0,TP53_CALR_het
GTTAGTCGTACGATTCAAGTAGAG-1-0,TP53_CALR_het
GTTAGTCGTCAAAGGCAAGTAGAG-1-0,
GTTAGTCGTCGTTGCAAAGTAGAG-1-0,ZRSR2_CALR_mut
GTTAGTCGTGTTCCAGAAGTAGAG-1-0,TP53_EZH2_CALR_mut
GTTATCTAGCCCGTTGAAGTAGAG-1-0,TP53_CALR_het
GTTATCTAGCTATCCAAAGTAGAG-1-0,
GTTATCTAGGACAAAGAAGTAGAG-1-0,TP53_CALR_het
GTTATCTAGGCGGATCAAGTAGAG-1-0,
GTTATCTAGGCTTAAAAAGTAGAG-1-0,TP53_EZH2_CALR_mut
GTTATCTAGGTTAGTAAAGTAGAG-1-0,TP53_CALR_het
GTTATCTAGTTGCAAAAAGTAGAG-1-0,
GTTATTGGTCATGCATAAGTAGAG-1-0,
GTTATTGGTGTTTGCGAAGTAGAG-1-0,
GTTATTGGTTAGGCGGAAGTAGAG-1-0,
GTTATTGGTTGTGAGAAAGTAGAG-1-0,TP53_CALR_het
GTTATTGGTTTATCGAAAGTAGAG-1-0,
GTTATTGGTTTATGGCAAGTAGAG-1-0,ZRSR2_CALR_mut
GTTCACCAGAGCAATCAAGTAGAG-1-0,
GTTCACCAGCATGTGGAAGTAGAG-1-0,
GTTCACCAGCCTATATAAGTAGAG-1-0,TP53_CALR_het
GTTCACCAGCGATGGCAAGTAGAG-1-0,TP53_EZH2_CALR_mut
GTTCACCAGGGCGGAAAAGTAGAG-1-0,TP53_CALR_het
GTTCACCAGGGTTTGGAAGTAGAG-1-0,
GTTCACCAGTATGGTAAAGTAGAG-1-0,ZRSR2_CALR_mut
GTTCACCAGTCGCGAAAAGTAGAG-1-0,
GTTCACCAGTCTAATCAAGTAGAG-1-0,
GTTCACCAGTGTTTCGAAGTAGAG-1-0,TP53_EZH2_CALR_mut
GTTCACCAGTTAGGCGAAGTAGAG-1-0,
GTTCACCAGTTGCAGGAAGTAGAG-1-0,
GTTCACCAGTTGCGGAAAGTAGAG-1-0,
GTTCATCCAAAGGGATAAGTAGAG-1-0,TP53_CALR_het
GTTCATCCAACAGCTAAAGTAGAG-1-0,TP53_CALR_het
GTTCATCCAAGAAATGAAGTAGAG-1-0,
GTTCATCCAATTAGACAAGTAGAG-1-0,
GTTCATCCAATTCGGAAAGTAGAG-1-0,TP53_EZH2_CALR_mut
GTTCATCCACGATTAGAAGTAGAG-1-0,
GTTCATCCATACTTCAAAGTAGAG-1-0,TP53_EZH2_CALR_mut
GTTCATCCATTCATGCAAGTAGAG-1-0,
GTTCATTAGCACTAGGAAGTAGAG-1-0,
GTTCATTAGTCATGAAAAGTAGAG-1-0,
GTTCCAGGTATATTCGAAGTAGAG-1-0,
GTTCCAGGTCCGGGTTAAGTAGAG-1-0,TP53_CALR_het
GTTCCAGGTGCGTACCAAGTAGAG-1-0,TP53_CALR_het
GTTCCAGGTTCAAGGAAAGTAGAG-1-0,TP53_EZH2_CALR_mut
GTTCCAGGTTTAGTTGAAGTAGAG-1-0,TP53_CALR_het
GTTCCATCAAATCACGAAGTAGAG-1-0,
GTTCCATCAATCGTTCAAGTAGAG-1-0,TP53_CALR_het
GTTCCATCAATCTCTAAAGTAGAG-1-0,ZRSR2_CALR_mut
GTTCCATCACCAGCTCAAGTAGAG-1-0,
GTTCCATCACTGACAAAAGTAGAG-1-0,
GTTCCATCAGGAATAAAAGTAGAG-1-0,
GTTCGATGTACGGGCAAAGTAGAG-1-0,
GTTCGATGTCACTAGTAAGTAGAG-1-0,
GTTCGATGTCTCACTCAAGTAGAG-1-0,
GTTCGATGTGAGAAGGAAGTAGAG-1-0,
GTTCGATGTGCGGCTTAAGTAGAG-1-0,TP53_EZH2_CALR_mut
GTTCGATGTTGACCCAAAGTAGAG-1-0,TP53_CALR_het
GTTCGCGTCACAGGATAAGTAGAG-1-0,
GTTCGCGTCGCTTGCGAAGTAGAG-1-0,
GTTCGCGTCGGTCAAGAAGTAGAG-1-0,
GTTCGCGTCTCTATGGAAGTAGAG-1-0,
GTTCGCGTCTGGCTACAAGTAGAG-1-0,
GTTCGGGCACTAAGCAAAGTAGAG-1-0,
GTTCGGGCAGGCTTAAAAGTAGAG-1-0,
GTTCGGGCATGGCCGAAAGTAGAG-1-0,TP53_CALR_het
GTTCGGGCATTTAGCCAAGTAGAG-1-0,
GTTCGGGCATTTGGAGAAGTAGAG-1-0,TP53_EZH2_CALR_mut
GTTCGTTCAAGATGCCAAGTAGAG-1-0,TP53_CALR_het
GTTCGTTCAAGGTGCTAAGTAGAG-1-0,
GTTCGTTCAATTAGGTAAGTAGAG-1-0,TP53_CALR_het
GTTCGTTCAATTGCGAAAGTAGAG-1-0,
GTTCGTTCACGGTCGAAAGTAGAG-1-0,
GTTCGTTCACTAGTAGAAGTAGAG-1-0,TP53_CALR_het
GTTCGTTCACTTAACCAAGTAGAG-1-0,
GTTCGTTCAGGCAACTAAGTAGAG-1-0,TP53_CALR_het
GTTCGTTCAGGTATTGAAGTAGAG-1-0,TP53_EZH2_CALR_mut
GTTCTGTCACCTAAAGAAGTAGAG-1-0,
GTTCTGTCACCTGGTCAAGTAGAG-1-0,
GTTCTGTCATAAGCCAAAGTAGAG-1-0,
GTTCTGTCATAGACCAAAGTAGAG-1-0,
GTTCTGTCATAGCGACAAGTAGAG-1-0,TP53_CALR_het
GTTCTGTCATCAAGCAAAGTAGAG-1-0,TP53_CALR_het
GTTCTGTCATCTATGCAAGTAGAG-1-0,
GTTCTGTCATGGCTAAAAGTAGAG-1-0,TP53_CALR_het
GTTGAATCAACTAAGTAAGTAGAG-1-0,
GTTGAATCAAGAACAAAAGTAGAG-1-0,
GTTGAATCACCGTTTGAAGTAGAG-1-0,TP53_EZH2_CALR_mut
GTTGAATCAGAAAGGTAAGTAGAG-1-0,TP53_CALR_het
GTTGAATCAGATAGCCAAGTAGAG-1-0,
GTTGAATCAGATTCGAAAGTAGAG-1-0,ZRSR2_CALR_mut
GTTGAATCATAGGCGTAAGTAGAG-1-0,
GTTGAATCATGCGCCTAAGTAGAG-1-0,TP53_EZH2_CALR_mut
GTTGAGCCAAACGGTCAAGTAGAG-1-0,
GTTGAGCCAACCGTAAAAGTAGAG-1-0,
GTTGAGCCAAGCGAAGAAGTAGAG-1-0,
GTTGAGCCAATCGTGAAAGTAGAG-1-0,TP53_CALR_het
GTTGAGCCACCTACTGAAGTAGAG-1-0,
GTTGAGCCACTATCACAAGTAGAG-1-0,
GTTGAGCCAGAGAGCAAAGTAGAG-1-0,
GTTGAGCCAGGATTATAAGTAGAG-1-0,TP53_CALR_het
GTTGAGCCATAATGACAAGTAGAG-1-0,TP53_CALR_het
GTTGAGGTCACCAGCTAAGTAGAG-1-0,
GTTGAGGTCACTTCGAAAGTAGAG-1-0,
GTTGAGGTCAGCATGGAAGTAGAG-1-0,
GTTGAGGTCAGGCTGAAAGTAGAG-1-0,ZRSR2_CALR_mut
GTTGAGGTCATAGGCGAAGTAGAG-1-0,TP53_CALR_het
GTTGAGGTCATGATGAAAGTAGAG-1-0,
GTTGAGGTCATGGAACAAGTAGAG-1-0,
GTTGAGGTCCCGTTCCAAGTAGAG-1-0,TP53_CALR_het
GTTGAGGTCGACTTGCAAGTAGAG-1-0,TP53_CALR_het
GTTGAGGTCGCAAATAAAGTAGAG-1-0,TP53_CALR_het
GTTGAGGTCGGTTATTAAGTAGAG-1-0,
GTTGCATGTAGTTGTCAAGTAGAG-1-0,ZRSR2_CALR_mut
GTTGCATGTATAGTGGAAGTAGAG-1-0,TP53_CALR_het
GTTGCATGTATGGTGAAAGTAGAG-1-0,TP53_CALR_het
GTTGCATGTCAGTGCCAAGTAGAG-1-0,
GTTGCATGTCCATTAAAAGTAGAG-1-0,TP53_EZH2_CALR_mut
GTTGCATGTTAGCTCGAAGTAGAG-1-0,TP53_CALR_het
GTTGCATGTTCTCAAAAAGTAGAG-1-0,
GTTGCATGTTTGGCCAAAGTAGAG-1-0,TP53_EZH2_CALR_mut
GTTGCGCGTATGGTCTAAGTAGAG-1-0,TP53_EZH2_CALR_mut
GTTGCGCGTATTCGTAAAGTAGAG-1-0,
GTTGCGCGTCGAATCTAAGTAGAG-1-0,
GTTGCGCGTGAATCTCAAGTAGAG-1-0,
GTTGCGCGTGACATGAAAGTAGAG-1-0,
GTTGCGCGTGATGCAAAAGTAGAG-1-0,
GTTGCGCGTGTTGCTGAAGTAGAG-1-0,TP53_CALR_het
GTTGCGCGTTCGAATCAAGTAGAG-1-0,TP53_EZH2_CALR_mut
GTTGGATAGAGGCGGAAAGTAGAG-1-0,
GTTGGATAGCTCGACTAAGTAGAG-1-0,
GTTGGATAGGAACCGCAAGTAGAG-1-0,ZRSR2_CALR_mut
GTTGGATAGGGTTGCAAAGTAGAG-1-0,TP53_CALR_het
GTTGGATAGGTTCCGTAAGTAGAG-1-0,TP53_CALR_het
GTTGGGTCAAGGTGTCAAGTAGAG-1-0,TP53_EZH2_CALR_mut
GTTGGGTCAATGAAGAAAGTAGAG-1-0,
GTTGGGTCACATTGAGAAGTAGAG-1-0,
GTTGGGTCACCTACTGAAGTAGAG-1-0,TP53_CALR_het
GTTGGGTCACGCCACTAAGTAGAG-1-0,
GTTGGGTCACGGATACAAGTAGAG-1-0,
GTTGGGTCAGGACTACAAGTAGAG-1-0,TP53_CALR_het
GTTGGGTCATCACTCGAAGTAGAG-1-0,ZRSR2_CALR_mut
GTTGTAAAGATTCCCAAAGTAGAG-1-0,
GTTGTAAAGCTTAGTTAAGTAGAG-1-0,
GTTGTAAAGGGCCTTTAAGTAGAG-1-0,TP53_CALR_het
GTTGTAAAGTAAGCTAAAGTAGAG-1-0,
GTTGTAAAGTCTAATCAAGTAGAG-1-0,TP53_EZH2_CALR_mut
GTTGTAAAGTTATGGAAAGTAGAG-1-0,
GTTGTCCAGCTCAACCAAGTAGAG-1-0,TP53_EZH2_CALR_mut
GTTGTCCAGGCCTTCGAAGTAGAG-1-0,ZRSR2_CALR_mut
GTTGTCCAGGCTTATTAAGTAGAG-1-0,
GTTGTGACAAGATGCCAAGTAGAG-1-0,TP53_CALR_het
GTTGTGACAATTGCGAAAGTAGAG-1-0,TP53_CALR_het
GTTGTGACACGGATACAAGTAGAG-1-0,TP53_EZH2_CALR_mut
GTTGTGACACTTTACAAAGTAGAG-1-0,TP53_EZH2_CALR_mut
GTTGTGACAGAAAGGTAAGTAGAG-1-0,TP53_CALR_het
GTTGTGACAGCTCGCTAAGTAGAG-1-0,
GTTGTGACATCACAGAAAGTAGAG-1-0,ZRSR2_CALR_mut
GTTGTTCCAAGGTTATAAGTAGAG-1-0,
GTTGTTCCAATAGCTGAAGTAGAG-1-0,TP53_EZH2_CALR_mut
GTTGTTCCACATAGATAAGTAGAG-1-0,TP53_CALR_het
GTTGTTCCACGTAAATAAGTAGAG-1-0,TP53_EZH2_CALR_mut
GTTGTTCCACTAACGAAAGTAGAG-1-0,TP53_EZH2_CALR_mut
GTTGTTCCAGCTTAAGAAGTAGAG-1-0,TP53_EZH2_CALR_mut
GTTGTTCCATAGGGTCAAGTAGAG-1-0,
GTTGTTCCATGACATGAAGTAGAG-1-0,TP53_CALR_het
GTTGTTCCATGCCTCAAAGTAGAG-1-0,
GTTGTTCCATGGCCGAAAGTAGAG-1-0,TP53_EZH2_CALR_mut
GTTGTTGTCAATGTTCAAGTAGAG-1-0,
GTTGTTGTCACATTACAAGTAGAG-1-0,
GTTGTTGTCCCTCAAAAAGTAGAG-1-0,TP53_CALR_het
GTTGTTGTCCGTCCAGAAGTAGAG-1-0,
GTTGTTGTCCTTTCGTAAGTAGAG-1-0,
GTTGTTGTCCTTTCTAAAGTAGAG-1-0,
GTTGTTGTCGAACCTCAAGTAGAG-1-0,TP53_CALR_het
GTTGTTGTCGCTTCAAAAGTAGAG-1-0,
GTTGTTGTCGCTTCGGAAGTAGAG-1-0,ZRSR2_CALR_mut
GTTGTTGTCTCAAACTAAGTAGAG-1-0,TP53_CALR_het
GTTTACGTCAGCACCTAAGTAGAG-1-0,
GTTTACGTCCTGGAAGAAGTAGAG-1-0,TP53_EZH2_CALR_mut
GTTTACGTCTAGCGGAAAGTAGAG-1-0,TP53_EZH2_CALR_mut
GTTTACGTCTCACTAGAAGTAGAG-1-0,TP53_CALR_het
GTTTACGTCTGGCTACAAGTAGAG-1-0,TP53_CALR_het
GTTTAGCGTAACTTGCAAGTAGAG-1-0,TP53_EZH2_CALR_mut
GTTTAGCGTACCTAGTAAGTAGAG-1-0,
GTTTAGCGTCAAAGATAAGTAGAG-1-0,TP53_CALR_het
GTTTAGCGTGGTGCAGAAGTAGAG-1-0,
GTTTAGCGTGTTTGTAAAGTAGAG-1-0,
GTTTAGCGTTCGGTCAAAGTAGAG-1-0,TP53_CALR_het
GTTTAGTTCAGCACCTAAGTAGAG-1-0,TP53_CALR_het
GTTTAGTTCAGGTCGAAAGTAGAG-1-0,
GTTTAGTTCATTGTACAAGTAGAG-1-0,TP53_CALR_het
GTTTAGTTCCGAATTTAAGTAGAG-1-0,
GTTTAGTTCCTCTAAGAAGTAGAG-1-0,TP53_EZH2_CALR_mut
GTTTAGTTCGACCGTTAAGTAGAG-1-0,
GTTTAGTTCGCACACTAAGTAGAG-1-0,
GTTTAGTTCGCCACATAAGTAGAG-1-0,TP53_CALR_het
GTTTAGTTCTAATCACAAGTAGAG-1-0,
GTTTATCAGAACCTAAAAGTAGAG-1-0,
GTTTATCAGACAAAGGAAGTAGAG-1-0,
GTTTATCAGCGCGAACAAGTAGAG-1-0,
GTTTATCAGGTCTTGCAAGTAGAG-1-0,
GTTTATCAGGTTACTTAAGTAGAG-1-0,TP53_EZH2_CALR_mut
GTTTATCAGGTTGTAAAAGTAGAG-1-0,
GTTTATCAGTGAATCAAAGTAGAG-1-0,
GTTTATCAGTTACATCAAGTAGAG-1-0,TP53_CALR_het
GTTTATCAGTTGACGGAAGTAGAG-1-0,
GTTTCACCAAACTTCCAAGTAGAG-1-0,
GTTTCACCACCTTCAGAAGTAGAG-1-0,TP53_CALR_het
GTTTCACCAGCTCATTAAGTAGAG-1-0,TP53_CALR_het
GTTTCACCATTGCCCAAAGTAGAG-1-0,
GTTTGAGCAAGCGATCAAGTAGAG-1-0,
GTTTGAGCACAATAGTAAGTAGAG-1-0,TP53_CALR_het
GTTTGAGCACAGGCTGAAGTAGAG-1-0,TP53_CALR_het
GTTTGAGCACCACAAAAAGTAGAG-1-0,
GTTTGAGCACGTAAATAAGTAGAG-1-0,TP53_EZH2_CALR_mut
GTTTGAGCACTTAACCAAGTAGAG-1-0,
GTTTGAGCAGGCAACTAAGTAGAG-1-0,
GTTTGAGCATCGGGCAAAGTAGAG-1-0,
GTTTGAGCATTGCCCAAAGTAGAG-1-0,TP53_CALR_het
GTTTGCATCATTGAAGAAGTAGAG-1-0,TP53_EZH2_CALR_mut
GTTTGCATCCAGCTACAAGTAGAG-1-0,
GTTTGCATCCCTGGATAAGTAGAG-1-0,TP53_EZH2_CALR_mut
GTTTGCATCTCACTAGAAGTAGAG-1-0,
GTTTGGACAACGTTAGAAGTAGAG-1-0,TP53_EZH2_CALR_mut
GTTTGGACAATAACCGAAGTAGAG-1-0,
GTTTGGACAATTGAACAAGTAGAG-1-0,TP53_CALR_het
GTTTGGACAGTGAGGAAAGTAGAG-1-0,TP53_CALR_het
GTTTGGACATGCGCCTAAGTAGAG-1-0,
GTTTGGACATTGCATCAAGTAGAG-1-0,TP53_CALR_het
GTTTGGGAGAGGAAATAAGTAGAG-1-0,
GTTTGGGAGATGGATCAAGTAGAG-1-0,TP53_CALR_het
GTTTGGGAGCCATTTGAAGTAGAG-1-0,TP53_EZH2_CALR_het
GTTTGGGAGGGTTTCCAAGTAGAG-1-0,
GTTTGGGAGTCTGTGCAAGTAGAG-1-0,ZRSR2_CALR_mut
GTTTGGTGTATTACCAAAGTAGAG-1-0,ZRSR2_CALR_mut
GTTTGGTGTCATGAAGAAGTAGAG-1-0,
GTTTGGTGTTGCCTGAAAGTAGAG-1-0,
GTTTGGTGTTTCTAAGAAGTAGAG-1-0,TP53_EZH2_CALR_mut
GTTTGTAGTATGGTGAAAGTAGAG-1-0,TP53_CALR_het
GTTTGTAGTATTCAGCAAGTAGAG-1-0,
GTTTGTAGTATTCGACAAGTAGAG-1-0,
GTTTGTAGTCACTAGTAAGTAGAG-1-0,
GTTTGTAGTTCAAGGAAAGTAGAG-1-0,
GTTTGTAGTTCACTCCAAGTAGAG-1-0,
GTTTGTAGTTCATTGAAAGTAGAG-1-0,ZRSR2_CALR_mut
GTTTGTAGTTGTCCAGAAGTAGAG-1-0,
GTTTGTCCAACAGGGAAAGTAGAG-1-0,
GTTTGTCCAACCTGTTAAGTAGAG-1-0,
GTTTGTCCAACTAAACAAGTAGAG-1-0,
GTTTGTCCAATAACCGAAGTAGAG-1-0,TP53_EZH2_CALR_mut
GTTTGTCCACAACATGAAGTAGAG-1-0,
GTTTGTCCACGTAAATAAGTAGAG-1-0,TP53_CALR_het
TAAACCCGTAGTAGCAAAGTAGAG-1-0,TP53_EZH2_CALR_mut
TAAACCCGTCAATGTCAAGTAGAG-1-0,
TAAACCCGTCCTCATCAAGTAGAG-1-0,TP53_CALR_het
TAAACCCGTCCTGAGCAAGTAGAG-1-0,
TAAACCCGTGTTTCGGAAGTAGAG-1-0,
TAAACGGGTAGGTTTCAAGTAGAG-1-0,TP53_EZH2_CALR_mut
TAAACGGGTCGAAGGTAAGTAGAG-1-0,
TAAACGGGTGAACCAAAAGTAGAG-1-0,TP53_CALR_het
TAAACGGGTTAGTCTAAAGTAGAG-1-0,
TAAACGGGTTTCCAAAAAGTAGAG-1-0,
TAAACTGAGACTTAAGAAGTAGAG-1-0,
TAAACTGAGCGGGACTAAGTAGAG-1-0,
TAAACTGAGCTAAGTAAAGTAGAG-1-0,TP53_CALR_het
TAAACTGAGCTTAGTTAAGTAGAG-1-0,
TAAACTGAGGACAACTAAGTAGAG-1-0,
TAAACTGAGTAGCGCAAAGTAGAG-1-0,
TAAACTGAGTCAAACAAAGTAGAG-1-0,
TAAACTGAGTCCTGCGAAGTAGAG-1-0,TP53_CALR_het
TAAACTGAGTTTCGCAAAGTAGAG-1-0,ZRSR2_CALR_mut
TAAAGCCAGAAGCAAGAAGTAGAG-1-0,TP53_EZH2_CALR_mut
TAAAGCCAGAGGCGTCAAGTAGAG-1-0,TP53_CALR_het
TAAAGCCAGCTTGATTAAGTAGAG-1-0,TP53_CALR_het
TAAAGCCAGGGCAGTCAAGTAGAG-1-0,TP53_CALR_het
TAAAGCCAGTCTGTGCAAGTAGAG-1-0,
TAAAGCCAGTTACAGAAAGTAGAG-1-0,
TAAAGCCAGTTAGGGTAAGTAGAG-1-0,TP53_CALR_het
TAAAGGCTCAAAGGCTAAGTAGAG-1-0,TP53_CALR_het
TAAAGGCTCTATTGCGAAGTAGAG-1-0,
TAAAGGCTCTTAAGCTAAGTAGAG-1-0,TP53_CALR_het
TAAAGGGAGAGGATGAAAGTAGAG-1-0,ZRSR2_CALR_mut
TAAAGGGAGATGAAGGAAGTAGAG-1-0,
TAAAGGGAGGAAGGTAAAGTAGAG-1-0,TP53_CALR_het
TAAAGGGAGGGTTGCAAAGTAGAG-1-0,TP53_EZH2_CALR_mut
TAAAGGGAGGTCAATAAAGTAGAG-1-0,
TAAAGGGAGGTCTTTGAAGTAGAG-1-0,
TAAAGGGAGTAAACCAAAGTAGAG-1-0,TP53_EZH2_CALR_mut
TAAAGGGAGTCGTTCAAAGTAGAG-1-0,TP53_CALR_het
TAAATCGAGAATGGCTAAGTAGAG-1-0,
TAAATCGAGATGCAACAAGTAGAG-1-0,
TAAATCGAGATTGAGCAAGTAGAG-1-0,
TAAATCGAGCACTAGGAAGTAGAG-1-0,TP53_EZH2_CALR_mut
TAAATCGAGGACTTGGAAGTAGAG-1-0,TP53_CALR_het
TAAATCGAGTAAACCAAAGTAGAG-1-0,
TAACACGCAAACTGGCAAGTAGAG-1-0,TP53_EZH2_CALR_mut
TAACACGCAACAGATTAAGTAGAG-1-0,TP53_EZH2_CALR_mut
TAACACGCACCTATCGAAGTAGAG-1-0,
TAACACGCACGGTACGAAGTAGAG-1-0,TP53_CALR_het
TAACACGCAGTAAGGGAAGTAGAG-1-0,TP53_CALR_het
TAACACGCATCAAGTGAAGTAGAG-1-0,TP53_CALR_het
TAACACGCATCTATCAAAGTAGAG-1-0,
TAACACGCATGCTCCAAAGTAGAG-1-0,
TAACAGGGTACACCCAAAGTAGAG-1-0,
TAACAGGGTACGAATGAAGTAGAG-1-0,
TAACAGGGTAGCGGATAAGTAGAG-1-0,
TAACAGGGTCCCTCTGAAGTAGAG-1-0,TP53_CALR_het
TAACAGGGTCTTACTTAAGTAGAG-1-0,TP53_CALR_het
TAACAGGGTGCGGTTCAAGTAGAG-1-0,ZRSR2_CALR_mut
TAACAGGGTTAATTCGAAGTAGAG-1-0,
TAACAGGGTTAGCATCAAGTAGAG-1-0,
TAACAGGGTTTAACCAAAGTAGAG-1-0,
TAACAGGGTTTCACCCAAGTAGAG-1-0,
TAACCAAAGAAACTCAAAGTAGAG-1-0,
TAACCAAAGCCATAAAAAGTAGAG-1-0,
TAACCAAAGCGGCTTTAAGTAGAG-1-0,
TAACCAAAGGGCGGTTAAGTAGAG-1-0,
TAACCAAAGGTTAGACAAGTAGAG-1-0,TP53_EZH2_CALR_mut
TAACCAAAGTCACCTAAAGTAGAG-1-0,TP53_EZH2_CALR_mut
TAACCACGTAGTAACGAAGTAGAG-1-0,
TAACCACGTATTGGGAAAGTAGAG-1-0,
TAACCACGTCAAGCTTAAGTAGAG-1-0,TP53_EZH2_CALR_mut
TAACCACGTCCTTATTAAGTAGAG-1-0,TP53_CALR_het
TAACCACGTGAAGCACAAGTAGAG-1-0,TP53_EZH2_CALR_mut
TAACCACGTGCTGAAAAAGTAGAG-1-0,TP53_CALR_het
TAACCACGTGCTGCACAAGTAGAG-1-0,TP53_CALR_het
TAACCACGTGTGTCGCAAGTAGAG-1-0,
TAACCACGTGTTCCAGAAGTAGAG-1-0,
TAACCACGTTGAGTCTAAGTAGAG-1-0,
TAACCACGTTGCGAAAAAGTAGAG-1-0,
TAACCCTCAAGCGAAGAAGTAGAG-1-0,
TAACCCTCAAGGCTTAAAGTAGAG-1-0,TP53_EZH2_CALR_mut
TAACCCTCAATCCACTAAGTAGAG-1-0,TP53_CALR_het
TAACCCTCACGGTCGAAAGTAGAG-1-0,ZRSR2_CALR_mut
TAACCCTCAGATTCGAAAGTAGAG-1-0,
TAACCCTCAGCGGATTAAGTAGAG-1-0,TP53_CALR_het
TAACCCTCAGCTAGCGAAGTAGAG-1-0,
TAACCCTCAGCTTAAGAAGTAGAG-1-0,
TAACCCTCATAGACCAAAGTAGAG-1-0,TP53_CALR_het
TAACCCTCATCACGCCAAGTAGAG-1-0,
TAACCGCTCAACTGTTAAGTAGAG-1-0,ZRSR2_CALR_mut
TAACCGCTCACTATACAAGTAGAG-1-0,
TAACCGCTCCGCCATGAAGTAGAG-1-0,TP53_EZH2_CALR_mut
TAACCGCTCCGGATAGAAGTAGAG-1-0,TP53_EZH2_CALR_mut
TAACCGCTCGATATTCAAGTAGAG-1-0,TP53_EZH2_CALR_mut
TAACCGCTCGTAACTTAAGTAGAG-1-0,ZRSR2_CALR_mut
TAACCGCTCTTCGCCCAAGTAGAG-1-0,
TAACCGCTCTTGAATCAAGTAGAG-1-0,TP53_CALR_het
TAACCGTGTAACCTTAAAGTAGAG-1-0,
TAACCGTGTCAAAGGCAAGTAGAG-1-0,ZRSR2_CALR_mut
TAACCGTGTCCTCACTAAGTAGAG-1-0,
TAACCGTGTGGCGTAGAAGTAGAG-1-0,
TAACCGTGTTAGGTAGAAGTAGAG-1-0,
TAACCGTGTTCGAATCAAGTAGAG-1-0,
TAACCGTGTTGAGGACAAGTAGAG-1-0,ZRSR2_CALR_mut
TAACCGTGTTGTTGGTAAGTAGAG-1-0,
TAACCGTGTTTACGACAAGTAGAG-1-0,
TAACCTGTCAAGTTAGAAGTAGAG-1-0,TP53_CALR_het
TAACCTGTCCGCAACTAAGTAGAG-1-0,TP53_EZH2_CALR_mut
TAACCTGTCGAGGTTGAAGTAGAG-1-0,
TAACCTGTCGCCACATAAGTAGAG-1-0,TP53_EZH2_CALR_mut
TAACCTGTCGCCTGCAAAGTAGAG-1-0,
TAACCTGTCGGGCAGTAAGTAGAG-1-0,
TAACCTTAGAGGTTCGAAGTAGAG-1-0,TP53_EZH2_CALR_mut
TAACCTTAGATAACCAAAGTAGAG-1-0,TP53_CALR_het
TAACCTTAGCTCGACTAAGTAGAG-1-0,TP53_CALR_het
TAACCTTAGGCCCATTAAGTAGAG-1-0,
TAACCTTAGGCGCAGTAAGTAGAG-1-0,ZRSR2_CALR_mut
TAACCTTAGGTAATGCAAGTAGAG-1-0,
TAACGAATCACCAGCTAAGTAGAG-1-0,TP53_EZH2_CALR_mut
TAACGAATCAGCTACCAAGTAGAG-1-0,
TAACGAATCCATAAAGAAGTAGAG-1-0,
TAACGAATCCCTGGATAAGTAGAG-1-0,
TAACGAATCCGAATTTAAGTAGAG-1-0,
TAACGAATCCGTCCAGAAGTAGAG-1-0,ZRSR2_CALR_mut
TAACGAATCCTGCAACAAGTAGAG-1-0,
TAACGAATCGATTACTAAGTAGAG-1-0,
TAACGAATCTACTACGAAGTAGAG-1-0,TP53_EZH2_CALR_mut
TAACGAATCTTCAAGTAAGTAGAG-1-0,TP53_CALR_het
TAACGCCTCACAACAAAAGTAGAG-1-0,TP53_CALR_het
TAACGCCTCACATTCGAAGTAGAG-1-0,TP53_CALR_het
TAACGCCTCCCGTTGGAAGTAGAG-1-0,
TAACGCCTCCTCACGGAAGTAGAG-1-0,TP53_CALR_het
TAACGCCTCCTTAGGCAAGTAGAG-1-0,TP53_CALR_het
TAACGCCTCTATTGCGAAGTAGAG-1-0,
TAACGTTTCAAGTTAGAAGTAGAG-1-0,
TAACGTTTCACCTGTAAAGTAGAG-1-0,
TAACGTTTCAGGGATTAAGTAGAG-1-0,
TAACGTTTCCACTAATAAGTAGAG-1-0,
TAACGTTTCGAACCTCAAGTAGAG-1-0,TP53_CALR_het
TAACGTTTCGATATAGAAGTAGAG-1-0,
TAACGTTTCGGGCAACAAGTAGAG-1-0,
TAACGTTTCTAATCACAAGTAGAG-1-0,TP53_EZH2_CALR_mut
TAACGTTTCTTCGCCCAAGTAGAG-1-0,
TAACTGTTCAAACCGGAAGTAGAG-1-0,
TAACTGTTCAACTGTTAAGTAGAG-1-0,
TAACTGTTCCCTGGATAAGTAGAG-1-0,TP53_CALR_het
TAACTGTTCGTGATGGAAGTAGAG-1-0,
TAACTGTTCTAGTTACAAGTAGAG-1-0,TP53_EZH2_CALR_mut
TAACTTGGTAGGTTTCAAGTAGAG-1-0,TP53_CALR_het
TAACTTGGTTGAGTCTAAGTAGAG-1-0,TP53_CALR_het
TAAGAAGCAATTAGGTAAGTAGAG-1-0,
TAAGAAGCACGATTAGAAGTAGAG-1-0,TP53_EZH2_CALR_mut
TAAGAAGCACTCAATCAAGTAGAG-1-0,TP53_CALR_het
TAAGAAGCAGGATCCGAAGTAGAG-1-0,TP53_CALR_het
TAAGAAGCATCAAGTGAAGTAGAG-1-0,
TAAGAAGCATGGCTAAAAGTAGAG-1-0,
TAAGCTAAGATAGCTAAAGTAGAG-1-0,TP53_CALR_het
TAAGCTAAGCCTGCCAAAGTAGAG-1-0,
TAAGCTAAGCGCAAGCAAGTAGAG-1-0,
TAAGCTAAGGAAACCTAAGTAGAG-1-0,TP53_CALR_het
TAAGCTAAGGTAGTTAAAGTAGAG-1-0,
TAAGCTAAGGTTGCAGAAGTAGAG-1-0,
TAAGCTAAGGTTTCGCAAGTAGAG-1-0,
TAAGCTAAGTTATCCGAAGTAGAG-1-0,
TAAGCTTTCCAACAGGAAGTAGAG-1-0,
TAAGCTTTCCGAATTTAAGTAGAG-1-0,
TAAGCTTTCCGCTATAAAGTAGAG-1-0,ZRSR2_CALR_mut
TAAGGCTAGCAAATCAAAGTAGAG-1-0,
TAAGGCTAGCAAATTGAAGTAGAG-1-0,
TAAGGCTAGCACTAGGAAGTAGAG-1-0,TP53_CALR_het
TAAGGCTAGCGCGAACAAGTAGAG-1-0,TP53_CALR_het
TAAGGCTAGCTCAAGGAAGTAGAG-1-0,ZRSR2_CALR_mut
TAAGGCTAGGCCCATTAAGTAGAG-1-0,TP53_EZH2_CALR_mut
TAAGGCTAGGCGAGAGAAGTAGAG-1-0,ZRSR2_CALR_mut
TAAGGCTAGGGTTGGCAAGTAGAG-1-0,TP53_EZH2_CALR_mut
TAAGGCTAGGTAACTAAAGTAGAG-1-0,TP53_CALR_het
TAAGGCTAGTCTAATCAAGTAGAG-1-0,
TAAGGCTAGTGATCAAAAGTAGAG-1-0,ZRSR2_CALR_mut
TAAGGCTAGTTTGAGAAAGTAGAG-1-0,
TAAGGTTCAAGCCACGAAGTAGAG-1-0,
TAAGGTTCAAGCGAAGAAGTAGAG-1-0,TP53_CALR_het
TAAGGTTCAATTAGACAAGTAGAG-1-0,TP53_EZH2_CALR_mut
TAAGGTTCATCGAACAAAGTAGAG-1-0,ZRSR2_CALR_mut
TAAGGTTCATGACATGAAGTAGAG-1-0,
TAAGGTTCATGCGCAGAAGTAGAG-1-0,TP53_CALR_het
TAAGTACCAACCCTATAAGTAGAG-1-0,TP53_EZH2_CALR_mut
TAAGTACCAACCTTGTAAGTAGAG-1-0,ZRSR2_CALR_mut
TAAGTACCAATAACCGAAGTAGAG-1-0,TP53_EZH2_CALR_mut
TAAGTACCACATTGTCAAGTAGAG-1-0,TP53_CALR_het
TAAGTACCAGTAAGTTAAGTAGAG-1-0,TP53_CALR_het
TAAGTACCATTGCGCCAAGTAGAG-1-0,TP53_CALR_het
TAATAGCCAAATACCGAAGTAGAG-1-0,TP53_CALR_het
TAATAGCCAACCATTCAAGTAGAG-1-0,
TAATAGCCAAGGAATAAAGTAGAG-1-0,TP53_EZH2_CALR_mut
TAATAGCCAGCGATCGAAGTAGAG-1-0,TP53_CALR_het
TAATAGCCAGCTAGACAAGTAGAG-1-0,
TAATAGCCAGGCTTAAAAGTAGAG-1-0,
TAATAGCCAGTGAGGAAAGTAGAG-1-0,
TAATAGCCAGTTATGGAAGTAGAG-1-0,TP53_CALR_het
TAATAGCCATACTTCAAAGTAGAG-1-0,TP53_EZH2_CALR_mut
TAATAGCCATGAAGCCAAGTAGAG-1-0,
TAATAGCCATTGGACAAAGTAGAG-1-0,
TAATAGGTCAACCTCAAAGTAGAG-1-0,TP53_EZH2_CALR_mut
TAATAGGTCAGGCAATAAGTAGAG-1-0,
TAATAGGTCCGCCACAAAGTAGAG-1-0,
TAATAGGTCCTGATCAAAGTAGAG-1-0,TP53_CALR_het
TAATAGGTCGAACGTGAAGTAGAG-1-0,TP53_CALR_het
TAATAGGTCGATATAGAAGTAGAG-1-0,
TAATGCGCAAATAAGGAAGTAGAG-1-0,ZRSR2_CALR_mut
TAATGCGCAACTATCCAAGTAGAG-1-0,TP53_EZH2_CALR_mut
TAATGCGCACGCAATAAAGTAGAG-1-0,
TAATGCGCACTAGCGGAAGTAGAG-1-0,TP53_EZH2_CALR_mut
TAATGCGCACTAGTAGAAGTAGAG-1-0,TP53_CALR_het
TAATGCGCAGATAGCCAAGTAGAG-1-0,
TAATGTGAGACCTTGCAAGTAGAG-1-0,TP53_CALR_het
TAATGTGAGCTTAGTTAAGTAGAG-1-0,
TAATGTGAGTTGACGGAAGTAGAG-1-0,
TAATGTGAGTTTCGGCAAGTAGAG-1-0,
TACAAACCAAATGACTAAGTAGAG-1-0,ZRSR2_CALR_mut
TACAAACCAAGCGAAGAAGTAGAG-1-0,
TACAAACCAATGAATCAAGTAGAG-1-0,TP53_CALR_het
TACAAACCACTTTGTAAAGTAGAG-1-0,
TACAAACCAGCACTAAAAGTAGAG-1-0,TP53_CALR_het
TACAAACCAGGAATAAAAGTAGAG-1-0,
TACAAACCAGGTTTCTAAGTAGAG-1-0,
TACAACAAGACCAGGCAAGTAGAG-1-0,
TACAACAAGACCATTTAAGTAGAG-1-0,TP53_EZH2_CALR_mut
TACAACAAGATAGCTAAAGTAGAG-1-0,TP53_CALR_het
TACAACAAGGAGTCATAAGTAGAG-1-0,
TACAACAAGGGTTGCAAAGTAGAG-1-0,
TACAACAAGTTGCAGGAAGTAGAG-1-0,TP53_CALR_het
TACAATGAGACCATGGAAGTAGAG-1-0,TP53_CALR_het
TACAATGAGAGCAATCAAGTAGAG-1-0,
TACAATGAGCAAACCGAAGTAGAG-1-0,
TACAATGAGCACGTTCAAGTAGAG-1-0,
TACAATGAGGGCGGTTAAGTAGAG-1-0,
TACAATGAGGTTGCTCAAGTAGAG-1-0,
TACAATGAGTGTCCACAAGTAGAG-1-0,TP53_EZH2_CALR_mut
TACAATGAGTTGCGCTAAGTAGAG-1-0,
TACACCGGTACCTAGTAAGTAGAG-1-0,
TACACCGGTCATCCCTAAGTAGAG-1-0,
TACACCGGTGAACGGTAAGTAGAG-1-0,TP53_CALR_het
TACACCGGTTCTCAAAAAGTAGAG-1-0,TP53_CALR_het
TACAGAATCAACATTCAAGTAGAG-1-0,
TACAGAATCAGCCTTAAAGTAGAG-1-0,
TACAGAATCATGATGAAAGTAGAG-1-0,TP53_EZH2_CALR_mut
TACAGAATCCAGCTTAAAGTAGAG-1-0,TP53_EZH2_CALR_mut
TACAGAATCCATAAAGAAGTAGAG-1-0,ZRSR2_CALR_mut
TACAGAATCGACCGTTAAGTAGAG-1-0,
TACAGAATCGGTTCACAAGTAGAG-1-0,TP53_CALR_het
TACAGAATCTTCGCCCAAGTAGAG-1-0,TP53_CALR_het
TACAGGTAGAATGGCTAAGTAGAG-1-0,TP53_CALR_het
TACAGGTAGAGCAACTAAGTAGAG-1-0,
TACAGGTAGCACTAGGAAGTAGAG-1-0,
TACAGGTAGCCCTTGGAAGTAGAG-1-0,
TACAGGTAGCTATCCAAAGTAGAG-1-0,TP53_CALR_het
TACAGGTAGCTCGACTAAGTAGAG-1-0,
TACAGGTAGTCTTGCAAAGTAGAG-1-0,TP53_CALR_het
TACATACTCACAGCCTAAGTAGAG-1-0,TP53_EZH2_CALR_mut
TACATACTCCGCTATAAAGTAGAG-1-0,TP53_EZH2_CALR_mut
TACATACTCCTTATGGAAGTAGAG-1-0,TP53_EZH2_CALR_mut
TACATACTCGACCGTTAAGTAGAG-1-0,TP53_CALR_het
TACATACTCTCGCCTCAAGTAGAG-1-0,
TACCAGCTCAATCCTGAAGTAGAG-1-0,
TACCAGCTCACGAACGAAGTAGAG-1-0,TP53_CALR_het
TACCAGCTCATTACCGAAGTAGAG-1-0,
TACCAGCTCCTCTAAGAAGTAGAG-1-0,
TACCAGCTCGGGCAACAAGTAGAG-1-0,TP53_CALR_het
TACCAGCTCTGTCAGCAAGTAGAG-1-0,
TACCATCCAACAGGCTAAGTAGAG-1-0,TP53_CALR_het
TACCATCCAAGCCACGAAGTAGAG-1-0,
TACCATCCAATTAGCGAAGTAGAG-1-0,TP53_EZH2_CALR_mut
TACCATCCACAGCAACAAGTAGAG-1-0,TP53_CALR_het
TACCATCCATACTTGCAAGTAGAG-1-0,TP53_EZH2_CALR_mut
TACCATCCATTGAGATAAGTAGAG-1-0,TP53_CALR_het
TACCCGGTCATGTCATAAGTAGAG-1-0,
TACCCGGTCCCATAATAAGTAGAG-1-0,TP53_EZH2_CALR_mut
TACCCGGTCCTCAAGCAAGTAGAG-1-0,
TACCCGGTCGATTCTGAAGTAGAG-1-0,
TACCCGGTCGCTCAGTAAGTAGAG-1-0,
TACCCGGTCGGTACGAAAGTAGAG-1-0,TP53_CALR_het
TACCCGGTCTAATCACAAGTAGAG-1-0,TP53_CALR_het
TACCCGGTCTAGCGGAAAGTAGAG-1-0,TP53_CALR_het
TACCCGGTCTATCACGAAGTAGAG-1-0,TP53_CALR_het
TACCGAACAAACTTCCAAGTAGAG-1-0,TP53_EZH2_CALR_mut
TACCGAACAAGGCTTAAAGTAGAG-1-0,TP53_EZH2_CALR_mut
TACCGAACAATCGTGAAAGTAGAG-1-0,ZRSR2_CALR_mut
TACCGAACAATCTCTAAAGTAGAG-1-0,
TACCGAACACATAAGTAAGTAGAG-1-0,
TACCGAACACTGACAAAAGTAGAG-1-0,TP53_CALR_het
TACCGAACAGCCTTCAAAGTAGAG-1-0,TP53_CALR_het
TACCGAACATGAGGGAAAGTAGAG-1-0,TP53_EZH2_CALR_mut
TACCGAACATTCATGCAAGTAGAG-1-0,TP53_CALR_het
TACCGAACATTGCGCCAAGTAGAG-1-0,
TACCGAACATTTGGGAAAGTAGAG-1-0,TP53_CALR_het
TACCGCCCAAGTGGCTAAGTAGAG-1-0,TP53_CALR_het
TACCGCCCACTCAATCAAGTAGAG-1-0,ZRSR2_CALR_mut
TACCGCCCACTGTCATAAGTAGAG-1-0,
TACCGCCCATTGAACGAAGTAGAG-1-0,TP53_EZH2_CALR_mut
TACCGCCCATTGGACAAAGTAGAG-1-0,
TACCGCCCATTTGTTGAAGTAGAG-1-0,TP53_CALR_het
TACCGGCGTATGGTGAAAGTAGAG-1-0,TP53_EZH2_CALR_mut
TACCGGCGTATTGTCAAAGTAGAG-1-0,TP53_CALR_het
TACCGGCGTCATGCATAAGTAGAG-1-0,
TACCGGCGTTCATTAGAAGTAGAG-1-0,TP53_CALR_het
TACCGGGCAAGCCTCCAAGTAGAG-1-0,
TACCGGGCAAGCTATGAAGTAGAG-1-0,
TACCGGGCACAGCAACAAGTAGAG-1-0,TP53_CALR_het
TACCGGGCACCGGCAAAAGTAGAG-1-0,TP53_EZH2_CALR_mut
TACCGGGCAGGGATGAAAGTAGAG-1-0,TP53_CALR_het
TACCGGGCATGGGTTAAAGTAGAG-1-0,TP53_EZH2_CALR_mut
TACCGGGCATGTGGGTAAGTAGAG-1-0,
TACCGGGCATTCTGTAAAGTAGAG-1-0,ZRSR2_CALR_mut
TACCGGGCATTGGACAAAGTAGAG-1-0,
TACCGGGCATTGTACCAAGTAGAG-1-0,TP53_CALR_het
TACCGTTCAAACAAGAAAGTAGAG-1-0,
TACCGTTCAAATAACCAAGTAGAG-1-0,
TACCGTTCAAATACCGAAGTAGAG-1-0,
TACCGTTCAAGCTCAAAAGTAGAG-1-0,
TACCGTTCAAGTTGCAAAGTAGAG-1-0,
TACCGTTCAATAACCGAAGTAGAG-1-0,
TACCGTTCAGCCTGAGAAGTAGAG-1-0,
TACCGTTCAGCTCATTAAGTAGAG-1-0,TP53_CALR_het
TACCGTTCATAGCCGGAAGTAGAG-1-0,
TACCGTTCATTGCGCCAAGTAGAG-1-0,TP53_CALR_het
TACCTGCAGATTCATCAAGTAGAG-1-0,
TACCTGCAGGGTCTAGAAGTAGAG-1-0,
TACCTGCAGTTAGTTCAAGTAGAG-1-0,
TACCTTTGTAGACTGAAAGTAGAG-1-0,
TACCTTTGTAGCCCGTAAGTAGAG-1-0,TP53_CALR_het
TACCTTTGTCACGATTAAGTAGAG-1-0,ZRSR2_CALR_mut
TACCTTTGTCGTTCGAAAGTAGAG-1-0,
TACCTTTGTCTACCAGAAGTAGAG-1-0,TP53_CALR_het
TACCTTTGTGGATGCGAAGTAGAG-1-0,
TACGCAACAAAGTGCCAAGTAGAG-1-0,
TACGCAACACCACATTAAGTAGAG-1-0,
TACGCAACATAAGCTGAAGTAGAG-1-0,TP53_EZH2_CALR_mut
TACGCAACATAGCCTTAAGTAGAG-1-0,
TACGCAACATCATCACAAGTAGAG-1-0,
TACGCCTAGACTAACAAAGTAGAG-1-0,TP53_EZH2_CALR_mut
TACGCCTAGCGAAGTTAAGTAGAG-1-0,TP53_CALR_het
TACGCCTAGCGAGTTGAAGTAGAG-1-0,TP53_CALR_het
TACGCCTAGCGCTACTAAGTAGAG-1-0,
TACGCCTAGGGCACTAAAGTAGAG-1-0,
TACGCCTAGTGGACCAAAGTAGAG-1-0,
TACGGACCAATGGCCGAAGTAGAG-1-0,TP53_EZH2_CALR_het
TACGGACCACTGACTTAAGTAGAG-1-0,
TACGGACCAGCTCGAGAAGTAGAG-1-0,
TACGGACCATCCAAGAAAGTAGAG-1-0,TP53_CALR_het
TACGGGCAGACTGAGTAAGTAGAG-1-0,ZRSR2_CALR_mut
TACGGGCAGAGGCGTCAAGTAGAG-1-0,
TACGGGCAGCGCCTTGAAGTAGAG-1-0,
TACGGGCAGGTTCTTGAAGTAGAG-1-0,
TACGGGTCAAACACGCAAGTAGAG-1-0,TP53_CALR_het
TACGGGTCAAAGGTAAAAGTAGAG-1-0,
TACGGGTCAAATGACTAAGTAGAG-1-0,TP53_CALR_het
TACGGGTCAATGGGAGAAGTAGAG-1-0,
TACGGGTCACCAGCTCAAGTAGAG-1-0,TP53_EZH2_CALR_mut
TACGGGTCACTAGTCTAAGTAGAG-1-0,
TACGGGTCAGATTGCAAAGTAGAG-1-0,
TACGGGTCAGCTACCCAAGTAGAG-1-0,TP53_CALR_het
TACGGGTCATATTTCGAAGTAGAG-1-0,TP53_EZH2_CALR_mut
TACGGGTCATGCCTCAAAGTAGAG-1-0,TP53_EZH2_CALR_mut
TACGGGTCATGGCGCAAAGTAGAG-1-0,TP53_CALR_het
TACGTCCAGACTATTCAAGTAGAG-1-0,TP53_EZH2_CALR_mut
TACGTCCAGCAGCCAAAAGTAGAG-1-0,
TACGTCCAGCCATCGTAAGTAGAG-1-0,TP53_EZH2_CALR_mut
TACGTCCAGCGAGTTGAAGTAGAG-1-0,
TACGTCCAGGAGTCATAAGTAGAG-1-0,
TACGTCCAGTTTGCTGAAGTAGAG-1-0,TP53_EZH2_CALR_mut
TACGTTAGTAAAGCATAAGTAGAG-1-0,
TACGTTAGTAACTAGGAAGTAGAG-1-0,TP53_CALR_het
TACGTTAGTCAAAGGCAAGTAGAG-1-0,TP53_EZH2_CALR_mut
TACGTTAGTCTTACTTAAGTAGAG-1-0,TP53_CALR_het
TACGTTAGTGTCCAGCAAGTAGAG-1-0,TP53_CALR_het
TACGTTAGTTAGGCGGAAGTAGAG-1-0,
TACGTTAGTTCTTGAAAAGTAGAG-1-0,
TACGTTAGTTTGTCCCAAGTAGAG-1-0,TP53_CALR_het
TACGTTAGTTTGTTTCAAGTAGAG-1-0,
TACGTTCCAACTATCCAAGTAGAG-1-0,
TACGTTCCACGGTTCCAAGTAGAG-1-0,
TACGTTCCAGGCCTCTAAGTAGAG-1-0,
TACGTTCCATGCCTCAAAGTAGAG-1-0,TP53_CALR_het
TACGTTCCATTGCCGCAAGTAGAG-1-0,
TACGTTCCATTTCATGAAGTAGAG-1-0,
TACTAGTTCAACATTCAAGTAGAG-1-0,
TACTAGTTCATTTGCGAAGTAGAG-1-0,TP53_EZH2_CALR_mut
TACTAGTTCCGTGACTAAGTAGAG-1-0,
TACTAGTTCGTAAAGCAAGTAGAG-1-0,
TACTCACCAACTATCCAAGTAGAG-1-0,
TACTCACCAGAGGCTTAAGTAGAG-1-0,TP53_EZH2_CALR_mut
TACTCACCATAGCGACAAGTAGAG-1-0,
TACTCACCATCATGTCAAGTAGAG-1-0,TP53_EZH2_CALR_mut
TACTCACCATCCGTCAAAGTAGAG-1-0,ZRSR2_CALR_mut
TACTCACCATTTGGAGAAGTAGAG-1-0,ZRSR2_CALR_mut
TACTTTCGTAAGGCCGAAGTAGAG-1-0,TP53_EZH2_CALR_mut
TACTTTCGTAATGCGAAAGTAGAG-1-0,
TACTTTCGTATTTACGAAGTAGAG-1-0,
TACTTTCGTGAGTAATAAGTAGAG-1-0,
TACTTTCGTTGGTTTAAAGTAGAG-1-0,
TACTTTCGTTTGTGACAAGTAGAG-1-0,TP53_EZH2_CALR_mut
TAGAAACGTACGGTTTAAGTAGAG-1-0,
TAGAAACGTAGCCACCAAGTAGAG-1-0,
TAGAAACGTATTCGTAAAGTAGAG-1-0,
TAGAAACGTCCATCCTAAGTAGAG-1-0,TP53_CALR_het
TAGAAACGTCCGTGACAAGTAGAG-1-0,TP53_EZH2_CALR_mut
TAGAAACGTGATTACCAAGTAGAG-1-0,
TAGAAACGTGCCCTTTAAGTAGAG-1-0,
TAGAAACGTGCTGAAAAAGTAGAG-1-0,
TAGAAACGTTCAAGCTAAGTAGAG-1-0,
TAGAAAGCAAATAAGGAAGTAGAG-1-0,
TAGAAAGCAAGAAATGAAGTAGAG-1-0,TP53_CALR_het
TAGAAAGCAAGGTGCTAAGTAGAG-1-0,TP53_EZH2_CALR_mut
TAGAAAGCACATTCGTAAGTAGAG-1-0,TP53_EZH2_CALR_mut
TAGAAAGCACTAGTAGAAGTAGAG-1-0,
TAGAAAGCACTCAAAGAAGTAGAG-1-0,TP53_CALR_het
TAGAAAGCAGGCTATAAAGTAGAG-1-0,
TAGAGGCGTGTTAGAGAAGTAGAG-1-0,TP53_CALR_het
TAGAGGTTCAAGCTCCAAGTAGAG-1-0,
TAGAGGTTCAAGTTAGAAGTAGAG-1-0,
TAGAGGTTCACCCTCCAAGTAGAG-1-0,
TAGAGGTTCAGGTAGTAAGTAGAG-1-0,TP53_EZH2_CALR_mut
TAGAGGTTCCCTGGTGAAGTAGAG-1-0,
TAGAGGTTCCGCACCAAAGTAGAG-1-0,ZRSR2_CALR_mut
TAGAGGTTCCTTTAGGAAGTAGAG-1-0,
TAGAGGTTCGATTGGGAAGTAGAG-1-0,TP53_EZH2_CALR_mut
TAGAGGTTCGGTACAGAAGTAGAG-1-0,
TAGAGGTTCTAAGTCTAAGTAGAG-1-0,
TAGAGGTTCTATTGACAAGTAGAG-1-0,
TAGAGGTTCTGTCAGCAAGTAGAG-1-0,TP53_EZH2_CALR_mut
TAGCAAATCCAGAAACAAGTAGAG-1-0,
TAGCAAATCGAAGCATAAGTAGAG-1-0,
TAGCAAATCGATTAAGAAGTAGAG-1-0,
TAGCAAATCGCGTTACAAGTAGAG-1-0,ZRSR2_CALR_mut
TAGCAAATCGGCTAAGAAGTAGAG-1-0,ZRSR2_CALR_mut
TAGCAAATCGTTATGTAAGTAGAG-1-0,
TAGCAAATCGTTCAATAAGTAGAG-1-0,TP53_CALR_het
TAGCAAATCTATTGGTAAGTAGAG-1-0,
TAGCAAATCTTCAAGTAAGTAGAG-1-0,TP53_CALR_het
TAGCAAGGTAAAGCGCAAGTAGAG-1-0,
TAGCAAGGTAACGTTCAAGTAGAG-1-0,
TAGCAAGGTCATCAGTAAGTAGAG-1-0,TP53_EZH2_CALR_mut
TAGCAAGGTTAGCGCCAAGTAGAG-1-0,TP53_EZH2_CALR_mut
TAGCAAGGTTGCCTGAAAGTAGAG-1-0,
TAGCAAGGTTTATGGCAAGTAGAG-1-0,TP53_EZH2_CALR_mut
TAGCAAGGTTTGGCCAAAGTAGAG-1-0,
TAGCAGGTCAACTGGGAAGTAGAG-1-0,
TAGCAGGTCAAGGGCCAAGTAGAG-1-0,ZRSR2_CALR_mut
TAGCAGGTCAGGTTAAAAGTAGAG-1-0,
TAGCAGGTCCAAAGACAAGTAGAG-1-0,TP53_CALR_het
TAGCAGGTCCAATGAAAAGTAGAG-1-0,
TAGCAGGTCCCTCGTCAAGTAGAG-1-0,
TAGCAGGTCCTAAATCAAGTAGAG-1-0,
TAGCAGGTCCTCAATGAAGTAGAG-1-0,TP53_EZH2_CALR_het
TAGCAGGTCGATTACTAAGTAGAG-1-0,TP53_CALR_het
TAGCAGGTCGTGATGGAAGTAGAG-1-0,TP53_CALR_het
TAGCAGGTCTCTATGGAAGTAGAG-1-0,ZRSR2_CALR_mut
TAGCCAGAGACCATGGAAGTAGAG-1-0,TP53_EZH2_CALR_mut
TAGCCAGAGACTAACAAAGTAGAG-1-0,TP53_EZH2_CALR_mut
TAGCCAGAGCGAGTTGAAGTAGAG-1-0,
TAGCCAGAGCTAACTTAAGTAGAG-1-0,TP53_CALR_het
TAGCCAGAGTCAATGAAAGTAGAG-1-0,TP53_EZH2_CALR_mut
TAGCCCGTCACCACACAAGTAGAG-1-0,
TAGCCCGTCACCTAATAAGTAGAG-1-0,
TAGCCCGTCAGGTCGAAAGTAGAG-1-0,TP53_CALR_het
TAGCCCGTCCAGAACGAAGTAGAG-1-0,
TAGCCCGTCCGCACCAAAGTAGAG-1-0,TP53_CALR_het
TAGCCCGTCGAGGCGTAAGTAGAG-1-0,TP53_CALR_het
TAGCCCGTCGCCTATAAAGTAGAG-1-0,
TAGCCCGTCGCGAAATAAGTAGAG-1-0,
TAGCCCGTCTCAGCTAAAGTAGAG-1-0,TP53_EZH2_CALR_mut
TAGCCCGTCTGTGACCAAGTAGAG-1-0,
TAGCCTATCAATGGGTAAGTAGAG-1-0,
TAGCCTATCACAACAAAAGTAGAG-1-0,TP53_EZH2_CALR_mut
TAGCCTATCATGCATTAAGTAGAG-1-0,
TAGCCTATCCAATAGAAAGTAGAG-1-0,
TAGCCTATCCTTATGGAAGTAGAG-1-0,TP53_EZH2_CALR_mut
TAGCCTATCGCAACGAAAGTAGAG-1-0,
TAGCCTATCGGTCAAGAAGTAGAG-1-0,TP53_EZH2_CALR_mut
TAGCCTATCTAACCTGAAGTAGAG-1-0,TP53_CALR_het
TAGCCTATCTGTGCACAAGTAGAG-1-0,
TAGCCTGGTAATGCGAAAGTAGAG-1-0,TP53_CALR_het
TAGCCTGGTACCTAGTAAGTAGAG-1-0,TP53_CALR_het
TAGCCTGGTAGCCCGTAAGTAGAG-1-0,TP53_EZH2_CALR_mut
TAGCCTGGTCCTGCAAAAGTAGAG-1-0,TP53_CALR_het
TAGCCTGGTTGAGTCTAAGTAGAG-1-0,TP53_CALR_het
TAGCCTGGTTTGTTGAAAGTAGAG-1-0,
TAGCCTTCAAGATGCCAAGTAGAG-1-0,TP53_CALR_het
TAGCCTTCAAGGCGTTAAGTAGAG-1-0,
TAGCCTTCAGAAAGGTAAGTAGAG-1-0,TP53_CALR_het
TAGCCTTCAGAGGCTTAAGTAGAG-1-0,
TAGCCTTCAGGCTTAAAAGTAGAG-1-0,TP53_EZH2_CALR_mut
TAGCCTTCAGGTGACTAAGTAGAG-1-0,
TAGCCTTCATCAGGTAAAGTAGAG-1-0,TP53_EZH2_CALR_mut
TAGCCTTCATGGCGCAAAGTAGAG-1-0,TP53_EZH2_CALR_mut
TAGCGCGCAAATATGCAAGTAGAG-1-0,
TAGCGCGCAAATGACTAAGTAGAG-1-0,
TAGCGCGCAAGTTAACAAGTAGAG-1-0,
TAGCGCGCAATCAAGTAAGTAGAG-1-0,
TAGCGCGCACAATGGCAAGTAGAG-1-0,
TAGCGCGCACCTGGTCAAGTAGAG-1-0,TP53_CALR_het
TAGCGCGCACTCCCAAAAGTAGAG-1-0,TP53_CALR_het
TAGCGCGCAGGATTATAAGTAGAG-1-0,
TAGCGCGCAGTGAGGAAAGTAGAG-1-0,
TAGCGCGCATAGTCAGAAGTAGAG-1-0,
TAGCGGATCCATCCGGAAGTAGAG-1-0,TP53_EZH2_CALR_mut
TAGCGGATCCTCCCACAAGTAGAG-1-0,TP53_CALR_het
TAGCGGATCGCACACTAAGTAGAG-1-0,TP53_EZH2_CALR_mut
TAGCGGATCTAATCGTAAGTAGAG-1-0,
TAGCGGATCTATTGGTAAGTAGAG-1-0,
TAGCGGATCTTACTCCAAGTAGAG-1-0,ZRSR2_CALR_mut
TAGCGGATCTTGATCGAAGTAGAG-1-0,TP53_EZH2_CALR_mut
TAGCGGTCAAATATGCAAGTAGAG-1-0,TP53_CALR_het
TAGCGGTCAAATGACTAAGTAGAG-1-0,
TAGCGGTCAACTATCCAAGTAGAG-1-0,
TAGCGGTCAAGTTCCTAAGTAGAG-1-0,TP53_EZH2_CALR_mut
TAGCGGTCAATAAGCTAAGTAGAG-1-0,TP53_CALR_het
TAGCGGTCACCACAAAAAGTAGAG-1-0,TP53_EZH2_CALR_mut
TAGCGGTCACGGTCGAAAGTAGAG-1-0,
TAGCTAAAGATGAACCAAGTAGAG-1-0,TP53_EZH2_CALR_mut
TAGCTAAAGCAAGACTAAGTAGAG-1-0,
TAGCTAAAGCAGGTTGAAGTAGAG-1-0,TP53_EZH2_CALR_mut
TAGCTAAAGCGCTTACAAGTAGAG-1-0,TP53_CALR_het
TAGCTAAAGGTGAGGGAAGTAGAG-1-0,TP53_CALR_het
TAGCTACGTACTTAGCAAGTAGAG-1-0,
TAGCTACGTCAACAAGAAGTAGAG-1-0,
TAGCTACGTCATGATCAAGTAGAG-1-0,TP53_CALR_het
TAGCTACGTGATTAGGAAGTAGAG-1-0,TP53_EZH2_CALR_mut
TAGCTACGTTAGCATCAAGTAGAG-1-0,TP53_EZH2_CALR_mut
TAGCTGCTCAATCCTGAAGTAGAG-1-0,TP53_EZH2_CALR_mut
TAGCTGCTCAGGCCAAAAGTAGAG-1-0,TP53_CALR_het
TAGCTGCTCCAAATTCAAGTAGAG-1-0,TP53_CALR_het
TAGCTGCTCCATGATTAAGTAGAG-1-0,TP53_EZH2_CALR_mut
TAGCTGCTCGATGAACAAGTAGAG-1-0,TP53_CALR_het
TAGCTGCTCGCTATATAAGTAGAG-1-0,TP53_CALR_het
TAGCTGCTCTCACAATAAGTAGAG-1-0,TP53_CALR_het
TAGCTTCCAATTAGCGAAGTAGAG-1-0,TP53_EZH2_CALR_mut
TAGCTTCCACGATTAGAAGTAGAG-1-0,
TAGCTTCCACGCAATAAAGTAGAG-1-0,TP53_EZH2_CALR_mut
TAGCTTCCACGTAATGAAGTAGAG-1-0,TP53_CALR_het
TAGCTTCCATGCGCCTAAGTAGAG-1-0,TP53_EZH2_CALR_mut
TAGCTTGTCACCCTGGAAGTAGAG-1-0,
TAGCTTGTCAGCGAATAAGTAGAG-1-0,
TAGCTTGTCGTCCATAAAGTAGAG-1-0,
TAGCTTGTCTGGGAATAAGTAGAG-1-0,
TAGCTTGTCTTTGGATAAGTAGAG-1-0,
TAGCTTTAGAAGGTCTAAGTAGAG-1-0,
TAGCTTTAGACAACTAAAGTAGAG-1-0,
TAGCTTTAGCGAATCGAAGTAGAG-1-0,ZRSR2_CALR_mut
TAGCTTTAGCTCGACTAAGTAGAG-1-0,ZRSR2_CALR_mut
TAGCTTTAGGCTTAGGAAGTAGAG-1-0,TP53_CALR_het
TAGCTTTAGGCTTATTAAGTAGAG-1-0,
TAGCTTTAGGTTACTTAAGTAGAG-1-0,TP53_CALR_het
TAGCTTTAGTCGTTCAAAGTAGAG-1-0,
TAGCTTTAGTGAGGAAAAGTAGAG-1-0,
TAGCTTTAGTTGCAGGAAGTAGAG-1-0,TP53_CALR_het
TAGGAGGCAATAGAAGAAGTAGAG-1-0,
TAGGAGGCAGGATTGCAAGTAGAG-1-0,TP53_CALR_het
TAGGAGGCATACCTTAAAGTAGAG-1-0,TP53_CALR_het
TAGGAGGCATATGGTGAAGTAGAG-1-0,TP53_CALR_het
TAGGAGGCATCAAGCAAAGTAGAG-1-0,TP53_CALR_het
TAGGCGCAGCAATCGGAAGTAGAG-1-0,
TAGGCGCAGCTATTACAAGTAGAG-1-0,
TAGGCGCAGGGTTTCCAAGTAGAG-1-0,TP53_CALR_het
TAGGCTGAGAAAGGCAAAGTAGAG-1-0,TP53_EZH2_CALR_mut
TAGGCTGAGCACGTTCAAGTAGAG-1-0,TP53_EZH2_CALR_mut
TAGGCTGAGCGGCTTTAAGTAGAG-1-0,
TAGGCTGAGGACAACTAAGTAGAG-1-0,ZRSR2_CALR_mut
TAGGCTGAGGCGCATAAAGTAGAG-1-0,TP53_CALR_het
TAGGCTGAGGGCGGAAAAGTAGAG-1-0,
TAGGCTGAGGTCACTCAAGTAGAG-1-0,
TAGGCTGAGTAAAGGGAAGTAGAG-1-0,
TAGGCTGAGTCTTGCAAAGTAGAG-1-0,
TAGGCTTGTATGTTGCAAGTAGAG-1-0,
TAGGCTTGTGAACGGTAAGTAGAG-1-0,
TAGGCTTGTGAGTAATAAGTAGAG-1-0,TP53_EZH2_CALR_het
TAGGCTTGTGTGTCGCAAGTAGAG-1-0,
TAGGTCGAGATAGCCGAAGTAGAG-1-0,
TAGGTCGAGCTTACCAAAGTAGAG-1-0,
TAGGTCGAGCTTGAAAAAGTAGAG-1-0,
TAGGTCGAGGGCGGTTAAGTAGAG-1-0,TP53_CALR_het
TAGGTCGAGGTAGACTAAGTAGAG-1-0,
TAGGTCGAGGTTCTTGAAGTAGAG-1-0,
TAGGTCGAGGTTTCCAAAGTAGAG-1-0,TP53_CALR_het
TAGGTTAAGAAACTCAAAGTAGAG-1-0,
TAGGTTAAGCACGGTAAAGTAGAG-1-0,TP53_CALR_het
TAGGTTAAGGAAGGTAAAGTAGAG-1-0,TP53_EZH2_CALR_mut
TAGGTTAAGGGATTTAAAGTAGAG-1-0,
TAGGTTAAGGGTTGCAAAGTAGAG-1-0,TP53_EZH2_CALR_mut
TAGGTTAAGGTAATGCAAGTAGAG-1-0,TP53_CALR_het
TAGGTTAAGTACGGGCAAGTAGAG-1-0,TP53_EZH2_CALR_mut
TAGGTTAAGTTTCGCAAAGTAGAG-1-0,TP53_EZH2_CALR_mut
TAGGTTCGTAAGCTAGAAGTAGAG-1-0,TP53_CALR_het
TAGGTTCGTAGCCATTAAGTAGAG-1-0,
TAGGTTCGTAGGTGACAAGTAGAG-1-0,
TAGGTTCGTATGGTCTAAGTAGAG-1-0,ZRSR2_CALR_mut
TAGGTTCGTCCATTAAAAGTAGAG-1-0,TP53_EZH2_CALR_mut
TAGGTTCGTCGCAACCAAGTAGAG-1-0,
TAGGTTCGTGCCCGATAAGTAGAG-1-0,
TAGGTTCGTTAAGGATAAGTAGAG-1-0,
TAGGTTCGTTTCAGGTAAGTAGAG-1-0,
TAGGTTGCAACAAAGAAAGTAGAG-1-0,TP53_EZH2_CALR_mut
TAGGTTGCAAGGCGTTAAGTAGAG-1-0,
TAGGTTGCAAGGTGTCAAGTAGAG-1-0,
TAGGTTGCAAGTTCCTAAGTAGAG-1-0,TP53_EZH2_CALR_het
TAGGTTGCACATTGAGAAGTAGAG-1-0,TP53_CALR_het
TAGGTTGCACTCAGTTAAGTAGAG-1-0,
TAGTAGTCAAATATGCAAGTAGAG-1-0,TP53_CALR_het
TAGTAGTCAAGTGGCTAAGTAGAG-1-0,
TAGTAGTCAATACCCTAAGTAGAG-1-0,
TAGTAGTCACAGCAACAAGTAGAG-1-0,TP53_CALR_het
TAGTAGTCAGCCTATTAAGTAGAG-1-0,TP53_EZH2_CALR_mut
TAGTAGTCATAAGTCGAAGTAGAG-1-0,ZRSR2_CALR_mut
TAGTAGTCATTTGGCTAAGTAGAG-1-0,
TAGTCCTCAAACTTGGAAGTAGAG-1-0,
TAGTCCTCAACTAGTGAAGTAGAG-1-0,TP53_CALR_het
TAGTCCTCAAGTCGCGAAGTAGAG-1-0,TP53_CALR_het
TAGTCCTCAATCGTGAAAGTAGAG-1-0,
TAGTCCTCAATGGCCGAAGTAGAG-1-0,
TAGTCCTCACCTAAGAAAGTAGAG-1-0,
TAGTCCTCACTATGGAAAGTAGAG-1-0,TP53_EZH2_CALR_mut
TAGTCCTCACTGACAAAAGTAGAG-1-0,
TAGTCCTCATCATGTCAAGTAGAG-1-0,TP53_CALR_het
TAGTCCTCATGCGCAGAAGTAGAG-1-0,
TAGTCTCCACACTAAGAAGTAGAG-1-0,ZRSR2_CALR_mut
TAGTCTCCAGTAAGTTAAGTAGAG-1-0,
TAGTCTCCATTACTCAAAGTAGAG-1-0,
TAGTCTCCATTCGGTTAAGTAGAG-1-0,TP53_EZH2_CALR_mut
TAGTCTCCATTTGGCTAAGTAGAG-1-0,TP53_CALR_het
TAGTGAGGTACGTCCAAAGTAGAG-1-0,TP53_CALR_het
TAGTGAGGTACTAACCAAGTAGAG-1-0,
TAGTGAGGTAGCGCGAAAGTAGAG-1-0,
TAGTGAGGTCGAAGGTAAGTAGAG-1-0,TP53_EZH2_CALR_mut
TAGTGAGGTTAAGCTCAAGTAGAG-1-0,TP53_CALR_het
TAGTGAGGTTACTTCTAAGTAGAG-1-0,
TAGTGAGGTTAGAGGCAAGTAGAG-1-0,
TAGTGAGGTTTCCTCAAAGTAGAG-1-0,
TAGTGAGGTTTGTCCCAAGTAGAG-1-0,
TAGTGATCAACGTTAGAAGTAGAG-1-0,
TAGTGATCAACTAAACAAGTAGAG-1-0,
TAGTGATCAAGCTTTCAAGTAGAG-1-0,
TAGTGATCAATCAAGTAAGTAGAG-1-0,
TAGTGATCACATAAGTAAGTAGAG-1-0,
TAGTGATCACCATCATAAGTAGAG-1-0,
TAGTGATCATATCGCTAAGTAGAG-1-0,TP53_EZH2_CALR_mut
TAGTGATCATGGATTGAAGTAGAG-1-0,TP53_CALR_het
TAGTGCACAACAAAGAAAGTAGAG-1-0,TP53_CALR_het
TAGTGCACAAGTGGCTAAGTAGAG-1-0,
TAGTGCACAATAGAAGAAGTAGAG-1-0,TP53_EZH2_CALR_mut
TAGTGCACACAGCAACAAGTAGAG-1-0,ZRSR2_CALR_mut
TAGTGCACACCATCATAAGTAGAG-1-0,TP53_CALR_het
TAGTGCACACGTAAATAAGTAGAG-1-0,
TAGTGCACACTTTATGAAGTAGAG-1-0,
TAGTGCACAGCCTGAGAAGTAGAG-1-0,TP53_CALR_het
TAGTGCACATTCAGGAAAGTAGAG-1-0,
TAGTGCTGTAGCCTTGAAGTAGAG-1-0,
TAGTGCTGTAGGTGACAAGTAGAG-1-0,TP53_EZH2_CALR_mut
TAGTGCTGTCCTGACAAAGTAGAG-1-0,
TAGTGCTGTTAAGGATAAGTAGAG-1-0,
TAGTGCTGTTTGCAACAAGTAGAG-1-0,
TAGTGGCCAACCTGTTAAGTAGAG-1-0,TP53_EZH2_CALR_mut
TAGTGGCCAGGATGCTAAGTAGAG-1-0,TP53_EZH2_CALR_mut
TAGTGGCCAGGTAGCTAAGTAGAG-1-0,TP53_CALR_het
TAGTGGCCATCCCAATAAGTAGAG-1-0,
TAGTGGCCATGCGCCTAAGTAGAG-1-0,TP53_CALR_het
TAGTGGCCATTGCCTGAAGTAGAG-1-0,
TAGTGTGCAAAGTGCCAAGTAGAG-1-0,TP53_EZH2_CALR_mut
TAGTGTGCAAATATGCAAGTAGAG-1-0,TP53_CALR_het
TAGTGTGCAACAGGCTAAGTAGAG-1-0,TP53_CALR_het
TAGTGTGCAATGGATTAAGTAGAG-1-0,
TAGTGTGCAATGGCCGAAGTAGAG-1-0,TP53_EZH2_CALR_mut
TAGTGTGCACCTGGTCAAGTAGAG-1-0,TP53_CALR_het
TAGTGTGCATCAAGCAAAGTAGAG-1-0,TP53_CALR_het
TAGTGTGCATGACCAAAAGTAGAG-1-0,
TAGTGTGCATGGGTTAAAGTAGAG-1-0,TP53_EZH2_CALR_mut
TAGTGTGCATTACTTGAAGTAGAG-1-0,ZRSR2_CALR_mut
TAGTTACTCAAACCGGAAGTAGAG-1-0,
TAGTTACTCAACTGTTAAGTAGAG-1-0,TP53_CALR_het
TAGTTACTCACAGGATAAGTAGAG-1-0,
TAGTTACTCCCTCTCAAAGTAGAG-1-0,
TAGTTACTCGCTCAGTAAGTAGAG-1-0,TP53_EZH2_CALR_mut
TAGTTACTCTATTGCGAAGTAGAG-1-0,
TAGTTACTCTCAGCACAAGTAGAG-1-0,ZRSR2_CALR_mut
TAGTTGAAGTCGAAACAAGTAGAG-1-0,
TAGTTGAAGTTTGACTAAGTAGAG-1-0,
TAGTTGCGTAACGTTCAAGTAGAG-1-0,TP53_CALR_het
TAGTTGCGTACCGTTGAAGTAGAG-1-0,TP53_EZH2_CALR_mut
TAGTTGCGTCATGAAGAAGTAGAG-1-0,TP53_CALR_het
TAGTTGCGTCGTAATCAAGTAGAG-1-0,
TAGTTGCGTGAACCAAAAGTAGAG-1-0,TP53_EZH2_CALR_mut
TAGTTGCGTTTGGGCCAAGTAGAG-1-0,
TAGTTGTTCACCTGTAAAGTAGAG-1-0,
TAGTTGTTCCAAATTCAAGTAGAG-1-0,
TAGTTGTTCCTCACGGAAGTAGAG-1-0,TP53_CALR_het
TAGTTGTTCCTCCCACAAGTAGAG-1-0,
TAGTTGTTCGATATTCAAGTAGAG-1-0,TP53_CALR_het
TAGTTGTTCGTCAACCAAGTAGAG-1-0,
TAGTTGTTCTAATCACAAGTAGAG-1-0,TP53_CALR_het
TAGTTGTTCTATCGGCAAGTAGAG-1-0,TP53_CALR_het
TAGTTTCAGCCCGTTGAAGTAGAG-1-0,TP53_CALR_het
TAGTTTCAGCGCTACTAAGTAGAG-1-0,TP53_CALR_het
TAGTTTCAGCTAAACAAAGTAGAG-1-0,
TAGTTTCAGCTGGGTAAAGTAGAG-1-0,TP53_EZH2_CALR_mut
TAGTTTCAGGCGCATAAAGTAGAG-1-0,
TAGTTTCAGGCTTAAAAAGTAGAG-1-0,TP53_EZH2_CALR_mut
TAGTTTCAGGTGCACAAAGTAGAG-1-0,TP53_CALR_het
TAGTTTCAGTCTAACTAAGTAGAG-1-0,
TAGTTTGGTATAGTGGAAGTAGAG-1-0,
TAGTTTGGTATTTGTGAAGTAGAG-1-0,TP53_CALR_het
TAGTTTGGTCGTTCTCAAGTAGAG-1-0,
TAGTTTGGTGACATGAAAGTAGAG-1-0,TP53_CALR_het
TAGTTTGGTGGCGTAGAAGTAGAG-1-0,TP53_EZH2_CALR_mut
TAGTTTGGTGGTTACTAAGTAGAG-1-0,ZRSR2_CALR_mut
TAGTTTGGTTTCCTCAAAGTAGAG-1-0,TP53_EZH2_CALR_mut
TATAACGAGAGGCGGAAAGTAGAG-1-0,TP53_CALR_het
TATAACGAGAGGTTCGAAGTAGAG-1-0,
TATAACGAGATTGAGCAAGTAGAG-1-0,TP53_CALR_het
TATAACGAGCGAGGGAAAGTAGAG-1-0,TP53_EZH2_CALR_mut
TATAACGAGCGCTAGAAAGTAGAG-1-0,
TATAACGAGCTGATGGAAGTAGAG-1-0,
TATAACGAGCTTACTGAAGTAGAG-1-0,
TATAACGAGCTTGATTAAGTAGAG-1-0,TP53_CALR_het
TATAACGAGGCCTCTGAAGTAGAG-1-0,
TATAACGAGGTTAGCGAAGTAGAG-1-0,TP53_CALR_het
TATAACGAGTAATGGCAAGTAGAG-1-0,TP53_EZH2_CALR_mut
TATAACGAGTCGTTCAAAGTAGAG-1-0,
TATACCTAGAGGTTTAAAGTAGAG-1-0,TP53_EZH2_CALR_mut
TATACCTAGATAACTGAAGTAGAG-1-0,
TATACCTAGATGCCTCAAGTAGAG-1-0,TP53_CALR_het
TATACCTAGCCTGCCAAAGTAGAG-1-0,TP53_CALR_het
TATACCTAGCGCGAACAAGTAGAG-1-0,
TATACCTAGCTCAAGGAAGTAGAG-1-0,
TATACCTAGCTTACATAAGTAGAG-1-0,
TATACCTAGGAAGCAAAAGTAGAG-1-0,
TATACCTAGGCCTCTGAAGTAGAG-1-0,
TATACCTAGGCGATATAAGTAGAG-1-0,
TATACCTAGGCGCAGTAAGTAGAG-1-0,
TATACCTAGGGCAGTCAAGTAGAG-1-0,TP53_CALR_het
TATACCTAGGTAACTAAAGTAGAG-1-0,
TATACCTAGGTTAGCGAAGTAGAG-1-0,
TATATCCAGGAACCATAAGTAGAG-1-0,TP53_CALR_het
TATATCCAGGGTTTGGAAGTAGAG-1-0,
TATATCCAGGTTACTTAAGTAGAG-1-0,TP53_CALR_het
TATATGCTCACTATGTAAGTAGAG-1-0,TP53_CALR_het
TATATGCTCCATCCAAAAGTAGAG-1-0,TP53_CALR_het
TATATGCTCCTTTCGTAAGTAGAG-1-0,TP53_CALR_het
TATATGCTCGTAACTTAAGTAGAG-1-0,
TATATGCTCTATTCGGAAGTAGAG-1-0,
TATATGCTCTCACCGGAAGTAGAG-1-0,TP53_CALR_het
TATATGCTCTCTCGCCAAGTAGAG-1-0,
TATCCTGAGAGGAGTAAAGTAGAG-1-0,TP53_EZH2_CALR_mut
TATCCTGAGATAGCCGAAGTAGAG-1-0,
TATCCTGAGCACGCAAAAGTAGAG-1-0,TP53_EZH2_CALR_mut
TATCCTGAGCCCGTTGAAGTAGAG-1-0,TP53_EZH2_CALR_mut
TATCCTGAGCGGGACTAAGTAGAG-1-0,
TATCCTGAGCTTAAAGAAGTAGAG-1-0,TP53_CALR_het
TATCCTGAGGTTAGTAAAGTAGAG-1-0,TP53_EZH2_CALR_mut
TATCCTGAGTTATCCGAAGTAGAG-1-0,TP53_CALR_het
TATCCTGAGTTGGATAAAGTAGAG-1-0,
TATCCTGAGTTTACCGAAGTAGAG-1-0,TP53_CALR_het
TATCGAGCAACATAGTAAGTAGAG-1-0,
TATCGAGCAGCTCGAGAAGTAGAG-1-0,TP53_CALR_het
TATCGAGCAGGAATAAAAGTAGAG-1-0,
TATCGAGCATGAGCTAAAGTAGAG-1-0,
TATCGAGCATGAGTCAAAGTAGAG-1-0,TP53_EZH2_CALR_mut
TATCGAGCATTAGTGGAAGTAGAG-1-0,TP53_CALR_het
TATCGATTCACATTCGAAGTAGAG-1-0,TP53_CALR_het
TATCGATTCATGGATAAAGTAGAG-1-0,
TATCGATTCCAGCTACAAGTAGAG-1-0,
TATCGATTCCATCCTTAAGTAGAG-1-0,
TATCGATTCCATTAGTAAGTAGAG-1-0,
TATCGATTCGGTTCCGAAGTAGAG-1-0,
TATCGATTCTTACTCCAAGTAGAG-1-0,
TATCGCATCAGGTTGGAAGTAGAG-1-0,TP53_CALR_het
TATCGCATCATAGGCGAAGTAGAG-1-0,TP53_CALR_het
TATCGCATCATGGATAAAGTAGAG-1-0,TP53_CALR_het
TATCGCATCCAAATAGAAGTAGAG-1-0,TP53_CALR_het
TATCGCATCCCATTGAAAGTAGAG-1-0,TP53_EZH2_CALR_het
TATCGCATCCCGTTGGAAGTAGAG-1-0,
TATCGCATCCTCAATGAAGTAGAG-1-0,
TATCGCATCCTGGATCAAGTAGAG-1-0,
TATCGCATCGTCCCGAAAGTAGAG-1-0,
TATCGCTCAACTAGTGAAGTAGAG-1-0,
TATCGCTCAAGTGCACAAGTAGAG-1-0,
TATCGCTCACAATAGTAAGTAGAG-1-0,
TATCGCTCATAGACCAAAGTAGAG-1-0,
TATCGCTCATGCCTCAAAGTAGAG-1-0,
TATCGCTCATTTCATGAAGTAGAG-1-0,TP53_CALR_het
TATCTTGCAAAGTGCCAAGTAGAG-1-0,TP53_CALR_het
TATCTTGCAACTATCCAAGTAGAG-1-0,
TATCTTGCAACTTCGTAAGTAGAG-1-0,
TATCTTGCAAGCGATCAAGTAGAG-1-0,TP53_EZH2_CALR_mut
TATCTTGCACACTAAGAAGTAGAG-1-0,TP53_EZH2_CALR_mut
TATCTTGCAGCGGATTAAGTAGAG-1-0,
TATCTTGCATAACCAGAAGTAGAG-1-0,
TATCTTGCATCAAGTGAAGTAGAG-1-0,
TATCTTGCATGGGTTAAAGTAGAG-1-0,
TATCTTGCATTTCATGAAGTAGAG-1-0,TP53_CALR_het
TATGACTTCCAACAGGAAGTAGAG-1-0,
TATGACTTCCACAATTAAGTAGAG-1-0,
TATGACTTCCATTAGTAAGTAGAG-1-0,TP53_EZH2_CALR_mut
TATGACTTCGCCTAACAAGTAGAG-1-0,
TATGACTTCGCCTAGTAAGTAGAG-1-0,TP53_EZH2_CALR_mut
TATGACTTCGGGCAACAAGTAGAG-1-0,TP53_CALR_het
TATGACTTCGTAACTTAAGTAGAG-1-0,
TATGACTTCTTGAAAGAAGTAGAG-1-0,TP53_CALR_het
TATGAGCAGACTGAGTAAGTAGAG-1-0,
TATGAGCAGCAACTTTAAGTAGAG-1-0,
TATGAGCAGCACGTTCAAGTAGAG-1-0,TP53_CALR_het
TATGAGCAGCTGGACAAAGTAGAG-1-0,TP53_EZH2_CALR_mut
TATGAGCAGGAAGGTAAAGTAGAG-1-0,ZRSR2_CALR_mut
TATGAGCAGTGATGGTAAGTAGAG-1-0,
TATGAGCAGTGTTTCGAAGTAGAG-1-0,TP53_CALR_het
TATGAGGGTACAAAGTAAGTAGAG-1-0,TP53_EZH2_CALR_mut
TATGAGGGTCCGCTAAAAGTAGAG-1-0,
TATGAGGGTGTGAGTAAAGTAGAG-1-0,TP53_EZH2_CALR_het
TATGAGGGTTAAGGCAAAGTAGAG-1-0,TP53_EZH2_CALR_mut
TATGAGGGTTAGCATCAAGTAGAG-1-0,
TATGAGGGTTAGTCTAAAGTAGAG-1-0,TP53_CALR_het
TATGAGGGTTCCGCAAAAGTAGAG-1-0,
TATGAGGGTTGAGCTTAAGTAGAG-1-0,
TATGAGGGTTGCACTGAAGTAGAG-1-0,
TATGATGAGACAAAGGAAGTAGAG-1-0,
TATGATGAGAGAGCAAAAGTAGAG-1-0,TP53_CALR_het
TATGATGAGGCGAGTCAAGTAGAG-1-0,TP53_EZH2_CALR_mut
TATGATGAGGGATTTAAAGTAGAG-1-0,
TATGATGAGTCAATGAAAGTAGAG-1-0,
TATGCATTCACGAACGAAGTAGAG-1-0,
TATGCATTCGGCTAGAAAGTAGAG-1-0,
TATGCATTCTATGGCCAAGTAGAG-1-0,
TATGCATTCTGGCCATAAGTAGAG-1-0,
TATGGGAGTCACAGGGAAGTAGAG-1-0,
TATGGGAGTCAGGATAAAGTAGAG-1-0,
TATGGGAGTCATCCTCAAGTAGAG-1-0,
TATGGGAGTCTACCAGAAGTAGAG-1-0,ZRSR2_CALR_mut
TATGGGAGTTAATTCGAAGTAGAG-1-0,
TATGGTAAGAACCTCCAAGTAGAG-1-0,
TATGGTAAGATTCGTTAAGTAGAG-1-0,
TATGGTAAGCAGGCTAAAGTAGAG-1-0,TP53_CALR_het
TATGGTAAGGAACTTAAAGTAGAG-1-0,TP53_EZH2_CALR_mut
TATGGTAAGGCGCATAAAGTAGAG-1-0,
TATGGTAAGGCGCGATAAGTAGAG-1-0,TP53_CALR_het
TATGGTAAGGCTACTCAAGTAGAG-1-0,
TATGGTAAGGGTCTAGAAGTAGAG-1-0,TP53_CALR_het
TATGGTAAGGTTGTGGAAGTAGAG-1-0,TP53_CALR_het
TATGGTAAGTATGGTAAAGTAGAG-1-0,TP53_EZH2_CALR_mut
TATGGTAAGTCGAAACAAGTAGAG-1-0,TP53_CALR_het
TATGGTGCAACAGGGAAAGTAGAG-1-0,
TATGGTGCACCAACAAAAGTAGAG-1-0,TP53_EZH2_CALR_mut
TATGTCCCAACCCTATAAGTAGAG-1-0,TP53_EZH2_CALR_mut
TATGTCCCACCATCATAAGTAGAG-1-0,TP53_EZH2_CALR_mut
TATGTCCCACCGGCAAAAGTAGAG-1-0,
TATGTCCCAGCATTTCAAGTAGAG-1-0,
TATGTCCCAGGATGCTAAGTAGAG-1-0,TP53_CALR_het
TATGTCCCATCACGAAAAGTAGAG-1-0,
TATGTCCCATCAGGTAAAGTAGAG-1-0,
TATGTTGGTACTAACCAAGTAGAG-1-0,TP53_CALR_het
TATGTTGGTATCCGCAAAGTAGAG-1-0,TP53_CALR_het
TATGTTGGTATTGTCAAAGTAGAG-1-0,TP53_CALR_het
TATGTTGGTCAATTCAAAGTAGAG-1-0,
TATGTTGGTGAAGCACAAGTAGAG-1-0,TP53_CALR_het
TATGTTGGTGCACAAAAAGTAGAG-1-0,
TATGTTGGTTAAGCTCAAGTAGAG-1-0,
TATGTTGGTTGCGGGAAAGTAGAG-1-0,TP53_CALR_het
TATGTTGGTTGGTTTAAAGTAGAG-1-0,
TATGTTGGTTTCCTGCAAGTAGAG-1-0,ZRSR2_CALR_mut
TATTACCAGATTCATCAAGTAGAG-1-0,
TATTACCAGCCGCTATAAGTAGAG-1-0,TP53_EZH2_CALR_mut
TATTACCAGCTTACTGAAGTAGAG-1-0,
TATTACCAGGCTCCATAAGTAGAG-1-0,ZRSR2_CALR_mut
TATTACCAGTAACGGTAAGTAGAG-1-0,
TATTACCAGTAAGCTAAAGTAGAG-1-0,
TATTACCAGTGATCAAAAGTAGAG-1-0,
TATTAGGAGAGCCGGTAAGTAGAG-1-0,
TATTAGGAGCTATTACAAGTAGAG-1-0,
TATTAGGAGGCCTCTGAAGTAGAG-1-0,
TATTAGGAGGTCTTTGAAGTAGAG-1-0,
TATTAGGAGTCGAAACAAGTAGAG-1-0,TP53_CALR_het
TATTAGGAGTTTGACTAAGTAGAG-1-0,
TATTCCTGTAACGGGTAAGTAGAG-1-0,
TATTCCTGTACGAACAAAGTAGAG-1-0,TP53_EZH2_CALR_mut
TATTCCTGTCCGGTACAAGTAGAG-1-0,
TATTCCTGTCGTCCAAAAGTAGAG-1-0,ZRSR2_CALR_mut
TATTCCTGTGATTACCAAGTAGAG-1-0,TP53_EZH2_CALR_mut
TATTCCTGTGCGGCAAAAGTAGAG-1-0,TP53_CALR_het
TATTCCTGTGTTAGCTAAGTAGAG-1-0,TP53_CALR_het
TATTCGGTCAATGTGAAAGTAGAG-1-0,TP53_CALR_het
TATTCGGTCATAACCTAAGTAGAG-1-0,
TATTCGGTCATAGGTAAAGTAGAG-1-0,
TATTCGGTCATGCCTAAAGTAGAG-1-0,
TATTCGGTCCAAAGACAAGTAGAG-1-0,ZRSR2_CALR_mut
TATTGACTCAACCGCTAAGTAGAG-1-0,TP53_CALR_het
TATTGACTCACATTCGAAGTAGAG-1-0,ZRSR2_CALR_mut
TATTGACTCACGTTATAAGTAGAG-1-0,TP53_EZH2_CALR_mut
TATTGACTCAGTCTATAAGTAGAG-1-0,
TATTGACTCATGAATGAAGTAGAG-1-0,TP53_CALR_het
TATTGACTCCAGGAATAAGTAGAG-1-0,
TATTGACTCCATAACTAAGTAGAG-1-0,TP53_EZH2_CALR_mut
TATTGACTCCTGAGGAAAGTAGAG-1-0,TP53_CALR_het
TATTGACTCGATTAAGAAGTAGAG-1-0,
TATTGACTCTCAGCTAAAGTAGAG-1-0,TP53_CALR_het
TATTGCAGTAAAGCATAAGTAGAG-1-0,TP53_EZH2_CALR_mut
TATTGCAGTAAGCGTAAAGTAGAG-1-0,ZRSR2_CALR_mut
TATTGCAGTACTTATGAAGTAGAG-1-0,TP53_CALR_het
TATTGCAGTGATCCTGAAGTAGAG-1-0,TP53_EZH2_CALR_mut
TATTGCAGTGATTAGGAAGTAGAG-1-0,
TATTGCAGTGCGATAAAAGTAGAG-1-0,TP53_CALR_het
TATTGCAGTTGGCGAGAAGTAGAG-1-0,
TATTGCAGTTGTTTAGAAGTAGAG-1-0,TP53_CALR_het
TATTGCCCAACATAGTAAGTAGAG-1-0,TP53_EZH2_CALR_mut
TATTGCCCAAGGTGCTAAGTAGAG-1-0,TP53_CALR_het
TATTGCCCACATAGTGAAGTAGAG-1-0,
TATTGCCCAGAATCGCAAGTAGAG-1-0,TP53_EZH2_CALR_mut
TATTGCCCATTACTTGAAGTAGAG-1-0,TP53_EZH2_CALR_mut
TATTGCCCATTGTGAGAAGTAGAG-1-0,
TATTGGCGTACAAACGAAGTAGAG-1-0,
TATTGGCGTCAAAGATAAGTAGAG-1-0,TP53_EZH2_CALR_mut
TATTGGCGTCAGGATAAAGTAGAG-1-0,
TATTGGCGTGTGTCGCAAGTAGAG-1-0,
TATTGGCGTTAAGCTCAAGTAGAG-1-0,TP53_CALR_het
TATTGGCGTTCGGTCAAAGTAGAG-1-0,TP53_CALR_het
TATTGGCGTTTCTAAGAAGTAGAG-1-0,
TATTGGGCAAACCCAAAAGTAGAG-1-0,
TATTGGGCAACAGCTAAAGTAGAG-1-0,
TATTGGGCAACCTGTTAAGTAGAG-1-0,TP53_CALR_het
TATTGGGCACAATAGTAAGTAGAG-1-0,ZRSR2_CALR_mut
TATTGGGCACAATCGAAAGTAGAG-1-0,ZRSR2_CALR_mut
TATTGGGCACACAAATAAGTAGAG-1-0,TP53_CALR_het
TATTGGGCAGTAAGGGAAGTAGAG-1-0,
TATTGGGCATGGCCGAAAGTAGAG-1-0,ZRSR2_CALR_mut
TATTGGGCATTACTTGAAGTAGAG-1-0,TP53_EZH2_CALR_mut
TATTTGCAGAGCAATCAAGTAGAG-1-0,TP53_CALR_het
TATTTGCAGCAGGTTGAAGTAGAG-1-0,
TATTTGCAGCCATTTGAAGTAGAG-1-0,ZRSR2_CALR_mut
TATTTGCAGGACAAAGAAGTAGAG-1-0,
TATTTGCAGGGTTAACAAGTAGAG-1-0,ZRSR2_CALR_mut
TATTTGCAGTCCTGCGAAGTAGAG-1-0,TP53_CALR_het
TCAAACCGTAATGGTGAAGTAGAG-1-0,TP53_CALR_het
TCAAACCGTACGATTCAAGTAGAG-1-0,TP53_CALR_het
TCAAACCGTCCAGCACAAGTAGAG-1-0,TP53_EZH2_CALR_mut
TCAAACCGTGAGAAGGAAGTAGAG-1-0,
TCAAACCGTGCGTACCAAGTAGAG-1-0,TP53_CALR_het
TCAAACCGTGGTTCTGAAGTAGAG-1-0,
TCAAACCGTGTGTCGCAAGTAGAG-1-0,
TCAAACCGTTTCAGGTAAGTAGAG-1-0,TP53_CALR_het
TCAACAAAGAGCAACTAAGTAGAG-1-0,
TCAACAAAGAGGTTCGAAGTAGAG-1-0,
TCAACAAAGATATTGGAAGTAGAG-1-0,
TCAACAAAGCATTACTAAGTAGAG-1-0,
TCAACAAAGCTATCGCAAGTAGAG-1-0,
TCAACAAAGCTCGATCAAGTAGAG-1-0,TP53_CALR_het
TCAACAAAGGATGAAGAAGTAGAG-1-0,TP53_EZH2_CALR_mut
TCAACAAAGGGATTTAAAGTAGAG-1-0,
TCAACAAAGGTATAGCAAGTAGAG-1-0,TP53_CALR_het
TCAACAAAGGTTAGACAAGTAGAG-1-0,TP53_CALR_het
TCAACAAAGGTTCGAGAAGTAGAG-1-0,
TCAACAAAGTAATTGGAAGTAGAG-1-0,
TCAACAAAGTCCTGCGAAGTAGAG-1-0,
TCAACAAAGTCGAAGTAAGTAGAG-1-0,TP53_EZH2_CALR_mut
TCAACATTCAATTGGAAAGTAGAG-1-0,
TCAACATTCCTTTCGTAAGTAGAG-1-0,TP53_CALR_het
TCAACATTCGCGAGTAAAGTAGAG-1-0,TP53_CALR_het
TCAACATTCGCGTTCGAAGTAGAG-1-0,
TCAACATTCTGTGATTAAGTAGAG-1-0,
TCAACCATCACAAATGAAGTAGAG-1-0,
TCAACCATCACCTTTCAAGTAGAG-1-0,
TCAACCATCAGCACGAAAGTAGAG-1-0,TP53_EZH2_CALR_mut
TCAACCATCCAACATTAAGTAGAG-1-0,TP53_EZH2_CALR_mut
TCAACCATCCATTAACAAGTAGAG-1-0,TP53_CALR_het
TCAACCATCCTGGAAGAAGTAGAG-1-0,ZRSR2_CALR_mut
TCAACCATCGCGGAACAAGTAGAG-1-0,
TCAACCATCGGCTAGAAAGTAGAG-1-0,TP53_EZH2_CALR_mut
TCAACCATCGGTACCTAAGTAGAG-1-0,TP53_CALR_het
TCAACCGGTGCACAAAAAGTAGAG-1-0,TP53_EZH2_CALR_mut
TCAACCGGTGTTAGAGAAGTAGAG-1-0,TP53_CALR_het
TCAACCGGTTAAGCTCAAGTAGAG-1-0,
TCAACCGGTTGAGCTTAAGTAGAG-1-0,
TCAACCGGTTGCGGCTAAGTAGAG-1-0,TP53_CALR_het
TCAACCTCAAACTTGGAAGTAGAG-1-0,
TCAACCTCAAGTTGGCAAGTAGAG-1-0,TP53_EZH2_CALR_mut
TCAACCTCAATGTGGCAAGTAGAG-1-0,TP53_CALR_het
TCAACCTCACCTCGACAAGTAGAG-1-0,TP53_CALR_het
TCAACCTCACTATCACAAGTAGAG-1-0,
TCAACCTCAGAGAGCAAAGTAGAG-1-0,
TCAACCTCAGATAACTAAGTAGAG-1-0,ZRSR2_CALR_mut
TCAACCTCATCAGGACAAGTAGAG-1-0,ZRSR2_CALR_mut
TCAACTAGTACCTAGTAAGTAGAG-1-0,TP53_CALR_het
TCAACTAGTAGTAGCAAAGTAGAG-1-0,TP53_EZH2_CALR_mut
TCAACTAGTATAGCGAAAGTAGAG-1-0,TP53_EZH2_CALR_mut
TCAACTAGTCCAATACAAGTAGAG-1-0,TP53_CALR_het
TCAACTAGTGTGAGGTAAGTAGAG-1-0,TP53_EZH2_CALR_mut
TCAACTAGTTGCGGCTAAGTAGAG-1-0,
TCAACTAGTTTCCACCAAGTAGAG-1-0,
TCAACTGTCACATTACAAGTAGAG-1-0,
TCAACTGTCCTAAAGAAAGTAGAG-1-0,TP53_EZH2_CALR_mut
TCAACTGTCGACTTGCAAGTAGAG-1-0,
TCAACTGTCGATATTCAAGTAGAG-1-0,TP53_EZH2_CALR_mut
TCAAGCGAGAGGCGTCAAGTAGAG-1-0,ZRSR2_CALR_mut
TCAAGCGAGCACGTTCAAGTAGAG-1-0,TP53_EZH2_CALR_mut
TCAAGCGAGCCCTGATAAGTAGAG-1-0,TP53_EZH2_CALR_mut
TCAAGCGAGCTCATTGAAGTAGAG-1-0,
TCAAGCGAGGCCATTCAAGTAGAG-1-0,TP53_CALR_het
TCAAGCGAGGCGAGAGAAGTAGAG-1-0,
TCAAGCGAGGCGAGTCAAGTAGAG-1-0,
TCAAGCGAGGCGATATAAGTAGAG-1-0,
TCAAGCGAGGTTGTAAAAGTAGAG-1-0,
TCAAGCGAGTTTGCTGAAGTAGAG-1-0,TP53_CALR_het
TCAAGGTAGACCAGGCAAGTAGAG-1-0,TP53_EZH2_CALR_mut
TCAAGGTAGACTAATGAAGTAGAG-1-0,
TCAAGGTAGCAAATTGAAGTAGAG-1-0,
TCAAGGTAGCTGATTTAAGTAGAG-1-0,
TCAAGGTAGGAGGATAAAGTAGAG-1-0,ZRSR2_CALR_mut
TCAAGGTAGGCTTTATAAGTAGAG-1-0,
TCAAGGTAGTAATTGGAAGTAGAG-1-0,TP53_CALR_het
TCAAGTGCAAACAAGAAAGTAGAG-1-0,TP53_CALR_het
TCAAGTGCAACTTGTCAAGTAGAG-1-0,
TCAAGTGCAATTGAACAAGTAGAG-1-0,
TCAAGTGCACTCAATCAAGTAGAG-1-0,
TCAAGTGCACTGTCATAAGTAGAG-1-0,
TCAAGTGCAGGTATTGAAGTAGAG-1-0,TP53_EZH2_CALR_mut
TCAAGTGCATCAGGTAAAGTAGAG-1-0,
TCAAGTGCATTGTACCAAGTAGAG-1-0,
TCAAGTTTCAACCGGAAAGTAGAG-1-0,
TCAAGTTTCAAGTTTCAAGTAGAG-1-0,TP53_CALR_het
TCAAGTTTCAATCCTGAAGTAGAG-1-0,
TCAAGTTTCACCCTGGAAGTAGAG-1-0,
TCAAGTTTCAGCGATGAAGTAGAG-1-0,
TCAAGTTTCCCTCAAAAAGTAGAG-1-0,TP53_EZH2_CALR_mut
TCAAGTTTCTAACCTGAAGTAGAG-1-0,
TCAAGTTTCTGTCAATAAGTAGAG-1-0,TP53_EZH2_CALR_mut
TCAAGTTTCTTAAGCTAAGTAGAG-1-0,
TCAATCTAGAGGCGTCAAGTAGAG-1-0,TP53_CALR_het
TCAATCTAGATAACGCAAGTAGAG-1-0,
TCAATCTAGCAGGTTGAAGTAGAG-1-0,
TCAATCTAGCATTTCGAAGTAGAG-1-0,TP53_CALR_het
TCAATCTAGCTATATCAAGTAGAG-1-0,
TCAATCTAGGCCATTCAAGTAGAG-1-0,TP53_EZH2_CALR_mut
TCAATCTAGTGGACCAAAGTAGAG-1-0,
TCAATGGCAAAGTGCCAAGTAGAG-1-0,
TCAATGGCAACAGGGAAAGTAGAG-1-0,TP53_CALR_het
TCAATGGCAAGATAAGAAGTAGAG-1-0,
TCAATGGCAAGTAAGAAAGTAGAG-1-0,TP53_CALR_het
TCAATGGCAATTGAGTAAGTAGAG-1-0,
TCAATGGCACCTACTGAAGTAGAG-1-0,TP53_CALR_het
TCAATGGCAGCCAGCAAAGTAGAG-1-0,TP53_EZH2_CALR_mut
TCAATGGCATACTGAGAAGTAGAG-1-0,TP53_CALR_het
TCAATGGCATTCAGGAAAGTAGAG-1-0,
TCAATGTTCAAACCAAAAGTAGAG-1-0,TP53_EZH2_CALR_mut
TCAATGTTCAACCAAAAAGTAGAG-1-0,TP53_CALR_het
TCAATGTTCACAAACAAAGTAGAG-1-0,TP53_CALR_het
TCAATGTTCAGGAGCCAAGTAGAG-1-0,TP53_CALR_het
TCAATGTTCAGGCTGAAAGTAGAG-1-0,
TCAATGTTCAGGTTAAAAGTAGAG-1-0,TP53_EZH2_CALR_mut
TCAATGTTCATGCCTAAAGTAGAG-1-0,TP53_EZH2_CALR_mut
TCAATGTTCCCGTTGGAAGTAGAG-1-0,
TCAATGTTCCTTTGTCAAGTAGAG-1-0,TP53_CALR_het
TCAATGTTCGACCCATAAGTAGAG-1-0,
TCAATGTTCGCAGGACAAGTAGAG-1-0,TP53_EZH2_CALR_mut
TCAATGTTCGCCTAGTAAGTAGAG-1-0,
TCAATGTTCTAACTACAAGTAGAG-1-0,TP53_CALR_het
TCAATGTTCTACTACGAAGTAGAG-1-0,
TCAATGTTCTGGGAATAAGTAGAG-1-0,
TCAATTGGTATTGTCAAAGTAGAG-1-0,
TCAATTGGTCAATTGCAAGTAGAG-1-0,
TCAATTGGTCCATAGTAAGTAGAG-1-0,TP53_CALR_het
TCAATTGGTCTACCTCAAGTAGAG-1-0,ZRSR2_CALR_mut
TCAATTGGTGCGCATCAAGTAGAG-1-0,
TCAATTGGTGTTGCTGAAGTAGAG-1-0,TP53_EZH2_CALR_mut
TCAATTGGTTATGAGGAAGTAGAG-1-0,TP53_EZH2_CALR_mut
TCAATTGGTTTCGCCTAAGTAGAG-1-0,
TCACAAGCAAACTGGCAAGTAGAG-1-0,TP53_EZH2_CALR_mut
TCACAAGCAACAAAGAAAGTAGAG-1-0,TP53_CALR_het
TCACAAGCAAGAAATGAAGTAGAG-1-0,
TCACAAGCAGCACTAAAAGTAGAG-1-0,TP53_CALR_het
TCACAAGCATCACTCGAAGTAGAG-1-0,
TCACAAGCATGCGCAGAAGTAGAG-1-0,TP53_EZH2_CALR_mut
TCACAAGCATGGATTGAAGTAGAG-1-0,
TCACCAATCAACCGGAAAGTAGAG-1-0,ZRSR2_CALR_mut
TCACCAATCAAGGGTTAAGTAGAG-1-0,TP53_CALR_het
TCACCAATCAGTTAGAAAGTAGAG-1-0,TP53_CALR_het
TCACCAATCCAAATAGAAGTAGAG-1-0,
TCACCAATCCCGTTCCAAGTAGAG-1-0,TP53_EZH2_CALR_mut
TCACCAATCCTCACGGAAGTAGAG-1-0,TP53_CALR_het
TCACCAATCCTTAGGCAAGTAGAG-1-0,TP53_CALR_het
TCACCAATCGAAGGCCAAGTAGAG-1-0,TP53_CALR_het
TCACCAATCGTGATTTAAGTAGAG-1-0,
TCACCAATCTCAGCTAAAGTAGAG-1-0,
TCACCATCAACAAAGAAAGTAGAG-1-0,
TCACCATCAAGACATTAAGTAGAG-1-0,
TCACCATCACATTGAGAAGTAGAG-1-0,
TCACCATCAGCAATTGAAGTAGAG-1-0,
TCACCATCAGCCAGCAAAGTAGAG-1-0,
TCACCATCAGTAAGGGAAGTAGAG-1-0,
TCACCATCATACTTGCAAGTAGAG-1-0,TP53_CALR_het
TCACCATCATCAGGTAAAGTAGAG-1-0,TP53_CALR_het
TCACCATCATTGGGTAAAGTAGAG-1-0,TP53_EZH2_CALR_mut
TCACCCACAACAGCTAAAGTAGAG-1-0,
TCACCCACAATATGCGAAGTAGAG-1-0,
TCACCCACAGCTAGCGAAGTAGAG-1-0,
TCACCCACAGGACTACAAGTAGAG-1-0,TP53_EZH2_CALR_mut
TCACCCACAGGAGCAAAAGTAGAG-1-0,TP53_EZH2_CALR_mut
TCACCCTGTCACGATTAAGTAGAG-1-0,
TCACCCTGTGAATCTCAAGTAGAG-1-0,
TCACCCTGTGGGAACTAAGTAGAG-1-0,TP53_CALR_het
TCACCCTGTTCGGTCAAAGTAGAG-1-0,
TCACCCTGTTGACCCAAAGTAGAG-1-0,TP53_CALR_het
TCACCTAAGCAATCCCAAGTAGAG-1-0,
TCACCTAAGCAGGTTGAAGTAGAG-1-0,
TCACCTAAGCCATAAAAAGTAGAG-1-0,TP53_EZH2_CALR_mut
TCACCTAAGCTGATTTAAGTAGAG-1-0,
TCACCTAAGGGTTGCAAAGTAGAG-1-0,TP53_CALR_het
TCACCTAAGGTGAGCCAAGTAGAG-1-0,TP53_EZH2_CALR_mut
TCACCTAAGTTACAGAAAGTAGAG-1-0,
TCACCTAAGTTTCCAGAAGTAGAG-1-0,
TCACGTTCAAAGTGCCAAGTAGAG-1-0,TP53_EZH2_CALR_mut
TCACGTTCAACAAGCCAAGTAGAG-1-0,
TCACGTTCAATGAAGAAAGTAGAG-1-0,
TCACGTTCAATTAGACAAGTAGAG-1-0,
TCACGTTCACATTCGTAAGTAGAG-1-0,TP53_EZH2_CALR_mut
TCACGTTCACTAAGCAAAGTAGAG-1-0,
TCACGTTCAGCTAAGCAAGTAGAG-1-0,
TCACGTTCATCACGCCAAGTAGAG-1-0,
TCACTCGCAACAAGCCAAGTAGAG-1-0,
TCACTCGCAATCAAGTAAGTAGAG-1-0,
TCACTCGCAGATTGCAAAGTAGAG-1-0,TP53_EZH2_CALR_mut
TCACTCGCAGGTTTCTAAGTAGAG-1-0,
TCACTCGCATCCAAGAAAGTAGAG-1-0,TP53_EZH2_CALR_mut
TCACTGTCAAACTTGGAAGTAGAG-1-0,
TCACTGTCACCGGCAAAAGTAGAG-1-0,
TCACTGTCACTCAGTTAAGTAGAG-1-0,
TCACTGTCACTTTATGAAGTAGAG-1-0,TP53_CALR_het
TCACTGTCAGGTTTCTAAGTAGAG-1-0,TP53_EZH2_CALR_mut
TCACTTTGTAACCGCCAAGTAGAG-1-0,
TCACTTTGTAAGGCTAAAGTAGAG-1-0,TP53_CALR_het
TCACTTTGTACTTATGAAGTAGAG-1-0,
TCACTTTGTCTACCTCAAGTAGAG-1-0,
TCACTTTGTGACACAAAAGTAGAG-1-0,
TCACTTTGTGCTTCGAAAGTAGAG-1-0,
TCACTTTGTTCACTCCAAGTAGAG-1-0,
TCAGCCAGTATAGCGAAAGTAGAG-1-0,TP53_EZH2_CALR_mut
TCAGCCAGTATGTTTGAAGTAGAG-1-0,ZRSR2_CALR_mut
TCAGCCAGTCCTCACTAAGTAGAG-1-0,ZRSR2_CALR_mut
TCAGCCAGTGAACGGTAAGTAGAG-1-0,
TCAGCCAGTTCGGTATAAGTAGAG-1-0,
TCAGGCAAGCAGCTAGAAGTAGAG-1-0,TP53_EZH2_CALR_mut
TCAGGCAAGCCACTCGAAGTAGAG-1-0,
TCAGGCAAGCTTGAGGAAGTAGAG-1-0,
TCAGGCAAGGCTCCATAAGTAGAG-1-0,TP53_CALR_het
TCAGGCAAGGGCGGAAAAGTAGAG-1-0,TP53_CALR_het
TCAGGCAAGGTATTTCAAGTAGAG-1-0,TP53_EZH2_CALR_mut
TCAGGCAAGTAAGCACAAGTAGAG-1-0,
TCAGGCTTCACAGCCTAAGTAGAG-1-0,TP53_EZH2_CALR_mut
TCAGGCTTCATCAGCCAAGTAGAG-1-0,TP53_CALR_het
TCAGGCTTCATCGATTAAGTAGAG-1-0,TP53_EZH2_CALR_mut
TCAGGCTTCCAATGAAAAGTAGAG-1-0,TP53_CALR_het
TCAGGCTTCCCGCTGAAAGTAGAG-1-0,TP53_CALR_het
TCAGGCTTCGATTGGGAAGTAGAG-1-0,
TCAGGCTTCGCGGAACAAGTAGAG-1-0,
TCAGGCTTCTGTCAGCAAGTAGAG-1-0,
TCAGGGATCCTTAGATAAGTAGAG-1-0,TP53_CALR_het
TCAGGGATCCTTATGGAAGTAGAG-1-0,
TCAGGGATCGATATGAAAGTAGAG-1-0,TP53_CALR_het
TCAGGGATCGCCTCTCAAGTAGAG-1-0,
TCAGGGATCGGCTAGAAAGTAGAG-1-0,
TCAGGGATCTCACCGGAAGTAGAG-1-0,ZRSR2_CALR_mut
TCAGGGATCTTGAAAGAAGTAGAG-1-0,
TCAGGGATCTTGAATCAAGTAGAG-1-0,
TCAGGTTGTACGGTTTAAGTAGAG-1-0,TP53_CALR_het
TCAGGTTGTCAGGGCAAAGTAGAG-1-0,ZRSR2_CALR_mut
TCAGGTTGTTGCGGGAAAGTAGAG-1-0,TP53_EZH2_CALR_mut
TCAGGTTGTTGCTGTGAAGTAGAG-1-0,TP53_EZH2_CALR_mut
TCAGTAAAGACTCCTAAAGTAGAG-1-0,ZRSR2_CALR_mut
TCAGTAAAGAGGATGAAAGTAGAG-1-0,TP53_CALR_het
TCAGTAAAGATGGATCAAGTAGAG-1-0,
TCAGTAAAGCTAGCCTAAGTAGAG-1-0,ZRSR2_CALR_mut
TCAGTAAAGCTCAAGGAAGTAGAG-1-0,TP53_CALR_het
TCAGTAAAGCTCATTGAAGTAGAG-1-0,
TCAGTAAAGCTTGAAAAAGTAGAG-1-0,
TCAGTAAAGGTCAAGTAAGTAGAG-1-0,
TCAGTAAAGGTTATCTAAGTAGAG-1-0,
TCAGTAAAGTAGCGCAAAGTAGAG-1-0,
TCATAGGCAACTTGTCAAGTAGAG-1-0,
TCATAGGCACAATACGAAGTAGAG-1-0,TP53_EZH2_CALR_mut
TCATAGGCACAATAGTAAGTAGAG-1-0,TP53_EZH2_CALR_mut
TCATAGGCACCGGCAAAAGTAGAG-1-0,TP53_EZH2_CALR_mut
TCATAGGCAGCACCTCAAGTAGAG-1-0,TP53_CALR_het
TCATAGGCATCAGGTAAAGTAGAG-1-0,TP53_CALR_het
TCATAGGCATTCCTGGAAGTAGAG-1-0,
TCATAGGCATTGTACCAAGTAGAG-1-0,TP53_EZH2_CALR_mut
TCATCAGTCAACCTCAAAGTAGAG-1-0,
TCATCAGTCATTGAGAAAGTAGAG-1-0,TP53_CALR_het
TCATCAGTCCAATAGAAAGTAGAG-1-0,
TCATCAGTCCAATGAAAAGTAGAG-1-0,TP53_CALR_het
TCATCAGTCCAGCTACAAGTAGAG-1-0,TP53_EZH2_CALR_mut
TCATCAGTCCTCACTTAAGTAGAG-1-0,ZRSR2_CALR_mut
TCATCAGTCCTTTGGAAAGTAGAG-1-0,
TCATCAGTCGGGACTAAAGTAGAG-1-0,
TCATCAGTCTTCGCCCAAGTAGAG-1-0,TP53_EZH2_CALR_mut
TCATGAAAGATAACGCAAGTAGAG-1-0,
TCATGAAAGATGCTAAAAGTAGAG-1-0,
TCATGAAAGCCAAACGAAGTAGAG-1-0,TP53_CALR_het
TCATGAAAGCGCTAGAAAGTAGAG-1-0,
TCATGAAAGGTTGTAAAAGTAGAG-1-0,ZRSR2_CALR_mut
TCATGAAAGTAAGCACAAGTAGAG-1-0,
TCATGAAAGTCAACTTAAGTAGAG-1-0,
TCATGAAAGTCATTCGAAGTAGAG-1-0,
TCATGAAAGTGAGGAAAAGTAGAG-1-0,
TCATGAAAGTGTAATGAAGTAGAG-1-0,TP53_EZH2_CALR_mut
TCATGAAAGTTTGACTAAGTAGAG-1-0,
TCATGAGCAATCCACTAAGTAGAG-1-0,TP53_EZH2_CALR_mut
TCATGAGCACAATCGAAAGTAGAG-1-0,
TCATGAGCACATGCTTAAGTAGAG-1-0,TP53_CALR_het
TCATGAGCACTGACAAAAGTAGAG-1-0,
TCATGAGCATCCGGAGAAGTAGAG-1-0,TP53_EZH2_CALR_mut
TCATGAGCATCGATAGAAGTAGAG-1-0,TP53_EZH2_CALR_mut
TCATGAGCATCGGGCAAAGTAGAG-1-0,
TCATGCCAGAGCAACTAAGTAGAG-1-0,
TCATGCCAGCAAACCGAAGTAGAG-1-0,
TCATGCCAGGTCAAACAAGTAGAG-1-0,
TCATGCCAGTGATTTCAAGTAGAG-1-0,TP53_CALR_het
TCATGGTGTACTAACCAAGTAGAG-1-0,
TCATGGTGTCAACATCAAGTAGAG-1-0,
TCATGGTGTCGTAATCAAGTAGAG-1-0,TP53_CALR_het
TCATGGTGTCTGTCAGAAGTAGAG-1-0,
TCATGGTGTGATCCTGAAGTAGAG-1-0,TP53_CALR_het
TCATGGTGTTAGTGAGAAGTAGAG-1-0,
TCATTACAGACTGAGTAAGTAGAG-1-0,
TCATTACAGATAATCGAAGTAGAG-1-0,
TCATTACAGCAAACTAAAGTAGAG-1-0,
TCATTACAGCACTAGGAAGTAGAG-1-0,TP53_EZH2_CALR_mut
TCATTACAGCCTGGTTAAGTAGAG-1-0,TP53_EZH2_CALR_mut
TCATTACAGGTAATTGAAGTAGAG-1-0,
TCATTACAGTCACTATAAGTAGAG-1-0,
TCATTTGCAAAGGGATAAGTAGAG-1-0,TP53_CALR_het
TCATTTGCAAGTTGCAAAGTAGAG-1-0,
TCATTTGCAATAACCGAAGTAGAG-1-0,
TCATTTGCAATCAAGTAAGTAGAG-1-0,TP53_EZH2_CALR_mut
TCATTTGCACCACATTAAGTAGAG-1-0,TP53_CALR_het
TCATTTGCACCAGCTCAAGTAGAG-1-0,
TCATTTGCAGGCCTCTAAGTAGAG-1-0,
TCATTTGCAGGGATGAAAGTAGAG-1-0,
TCATTTGCAGTTATCCAAGTAGAG-1-0,
TCATTTGCATGACCAAAAGTAGAG-1-0,TP53_CALR_het
TCATTTGCATTTGGGAAAGTAGAG-1-0,ZRSR2_CALR_mut
TCCAAGTGTAACGGGTAAGTAGAG-1-0,TP53_CALR_het
TCCAAGTGTACGTCCAAAGTAGAG-1-0,TP53_CALR_het
TCCAAGTGTACTTCAAAAGTAGAG-1-0,
TCCAAGTGTAGCCATTAAGTAGAG-1-0,TP53_CALR_het
TCCAAGTGTCCATCAGAAGTAGAG-1-0,TP53_EZH2_CALR_mut
TCCAAGTGTTCCGCAAAAGTAGAG-1-0,TP53_EZH2_CALR_mut
TCCAATAGTCAATACCAAGTAGAG-1-0,TP53_CALR_het
TCCAATAGTCGAAGGTAAGTAGAG-1-0,
TCCAATAGTGTCCAATAAGTAGAG-1-0,TP53_EZH2_CALR_mut
TCCAATAGTTGCCTGAAAGTAGAG-1-0,
TCCACCCTCACCTGTAAAGTAGAG-1-0,
TCCACCCTCAGCACAGAAGTAGAG-1-0,ZRSR2_CALR_mut
TCCACCCTCATAGGTAAAGTAGAG-1-0,TP53_EZH2_CALR_mut
TCCACCCTCCCAAATTAAGTAGAG-1-0,
TCCACCCTCCTGAGGAAAGTAGAG-1-0,
TCCACCCTCTTCGCTTAAGTAGAG-1-0,TP53_CALR_het
TCCACCTGTAATGAACAAGTAGAG-1-0,TP53_CALR_het
TCCACCTGTACACCCAAAGTAGAG-1-0,TP53_CALR_het
TCCACCTGTCGTTCTCAAGTAGAG-1-0,TP53_EZH2_CALR_mut
TCCACCTGTGTTAGCTAAGTAGAG-1-0,TP53_CALR_het
TCCACCTGTTATGAGGAAGTAGAG-1-0,TP53_CALR_het
TCCACTAAGACGCATGAAGTAGAG-1-0,
TCCACTAAGACTAACAAAGTAGAG-1-0,
TCCACTAAGACTATTCAAGTAGAG-1-0,
TCCACTAAGCCTGCCAAAGTAGAG-1-0,
TCCACTAAGGACTTAAAAGTAGAG-1-0,
TCCACTAAGTCCTCAAAAGTAGAG-1-0,TP53_CALR_het
TCCACTAAGTTGCGGAAAGTAGAG-1-0,
TCCACTAAGTTGGATAAAGTAGAG-1-0,TP53_EZH2_CALR_mut
TCCAGCTAGAGGCGAGAAGTAGAG-1-0,
TCCAGCTAGCAGGTCAAAGTAGAG-1-0,TP53_EZH2_CALR_mut
TCCAGCTAGCATCTTGAAGTAGAG-1-0,TP53_CALR_het
TCCAGCTAGCCCTTGGAAGTAGAG-1-0,TP53_CALR_het
TCCAGCTAGGAAACCTAAGTAGAG-1-0,TP53_EZH2_CALR_mut
TCCAGCTAGGATGGTTAAGTAGAG-1-0,
TCCAGCTAGGGCAGTCAAGTAGAG-1-0,
TCCAGCTAGGTAAGTCAAGTAGAG-1-0,TP53_CALR_het
TCCAGCTAGTTACACTAAGTAGAG-1-0,
TCCAGGAAGAAGCAAGAAGTAGAG-1-0,
TCCAGGAAGACAACTAAAGTAGAG-1-0,
TCCAGGAAGCGAGTTGAAGTAGAG-1-0,
TCCAGGAAGCGGCTTTAAGTAGAG-1-0,
TCCAGGAAGCTATTACAAGTAGAG-1-0,
TCCAGGAAGCTCAACCAAGTAGAG-1-0,
TCCAGGAAGCTTAGTTAAGTAGAG-1-0,TP53_EZH2_CALR_mut
TCCAGGAAGGGAGGCAAAGTAGAG-1-0,
TCCAGGAAGGTAGACTAAGTAGAG-1-0,
TCCAGGAAGTCGTTCAAAGTAGAG-1-0,
TCCAGGAAGTGTAATGAAGTAGAG-1-0,
TCCAGGAAGTTACATCAAGTAGAG-1-0,ZRSR2_CALR_mut
TCCATTACAAGGTGCTAAGTAGAG-1-0,
TCCATTACAATTGCGAAAGTAGAG-1-0,
TCCATTACACGGATACAAGTAGAG-1-0,ZRSR2_CALR_mut
TCCATTACATGCAATGAAGTAGAG-1-0,TP53_EZH2_CALR_mut
TCCATTACATGCGGATAAGTAGAG-1-0,TP53_CALR_het
TCCATTTGTAAAGCATAAGTAGAG-1-0,TP53_CALR_het
TCCATTTGTCCAGCACAAGTAGAG-1-0,
TCCATTTGTCCGCTAAAAGTAGAG-1-0,
TCCATTTGTCGCAACCAAGTAGAG-1-0,TP53_EZH2_CALR_mut
TCCATTTGTGCTGATTAAGTAGAG-1-0,TP53_CALR_het
TCCATTTGTGTCCTTCAAGTAGAG-1-0,
TCCATTTGTTAGCGCCAAGTAGAG-1-0,TP53_CALR_het
TCCATTTGTTCGGTATAAGTAGAG-1-0,TP53_EZH2_CALR_mut
TCCATTTGTTTACTGAAAGTAGAG-1-0,
TCCATTTGTTTCCAAAAAGTAGAG-1-0,
TCCATTTGTTTCCTGCAAGTAGAG-1-0,
TCCCATAAGCTAAGTAAAGTAGAG-1-0,
TCCCATAAGCTTGAGGAAGTAGAG-1-0,
TCCCGCAAGCAGGTCAAAGTAGAG-1-0,
TCCCGCAAGCCTTAATAAGTAGAG-1-0,TP53_EZH2_CALR_mut
TCCCGCAAGGCAAGTTAAGTAGAG-1-0,
TCCCGCAAGGCAATCGAAGTAGAG-1-0,
TCCCGCAAGGGTCTAGAAGTAGAG-1-0,
TCCCGCAAGGTTAGTAAAGTAGAG-1-0,ZRSR2_CALR_mut
TCCCGCAAGGTTGTGGAAGTAGAG-1-0,TP53_CALR_het
TCCCGTTGTACCTAGTAAGTAGAG-1-0,
TCCCGTTGTATTTACGAAGTAGAG-1-0,TP53_CALR_het
TCCCGTTGTCACTAGTAAGTAGAG-1-0,
TCCCGTTGTGCCCTTTAAGTAGAG-1-0,TP53_CALR_het
TCCCGTTGTGCGGAATAAGTAGAG-1-0,TP53_EZH2_CALR_mut
TCCCGTTGTGTTAGAGAAGTAGAG-1-0,
TCCCGTTGTTGCACGCAAGTAGAG-1-0,TP53_CALR_het
TCCCTCATCAACATTCAAGTAGAG-1-0,
TCCCTCATCAACCGGAAAGTAGAG-1-0,ZRSR2_CALR_mut
TCCCTCATCACAGGGCAAGTAGAG-1-0,
TCCCTCATCACCATATAAGTAGAG-1-0,TP53_CALR_het
TCCCTCATCATGAATGAAGTAGAG-1-0,
TCCCTCATCATTTGCGAAGTAGAG-1-0,TP53_CALR_het
TCCCTCATCCCATTGAAAGTAGAG-1-0,
TCCCTCATCGCACACTAAGTAGAG-1-0,
TCCCTCATCTCAGCTAAAGTAGAG-1-0,ZRSR2_CALR_mut
TCCCTTTAGAGGCGTCAAGTAGAG-1-0,
TCCCTTTAGCGAAGAAAAGTAGAG-1-0,ZRSR2_CALR_mut
TCCCTTTAGCGAATGTAAGTAGAG-1-0,TP53_CALR_het
TCCCTTTAGCGAGGGAAAGTAGAG-1-0,
TCCCTTTAGGTAACTAAAGTAGAG-1-0,
TCCCTTTAGGTAATTGAAGTAGAG-1-0,
TCCCTTTAGGTTATCTAAGTAGAG-1-0,
TCCCTTTAGTAAGTGCAAGTAGAG-1-0,TP53_EZH2_CALR_mut
TCCCTTTAGTCCTGACAAGTAGAG-1-0,
TCCCTTTAGTTGGCCTAAGTAGAG-1-0,
TCCGAATGTACGCACCAAGTAGAG-1-0,ZRSR2_CALR_mut
TCCGAATGTAGTCATCAAGTAGAG-1-0,TP53_EZH2_CALR_mut
TCCGAATGTCACGATTAAGTAGAG-1-0,
TCCGAATGTCTATCTTAAGTAGAG-1-0,TP53_EZH2_CALR_mut
TCCGAATGTGGCCCATAAGTAGAG-1-0,TP53_CALR_het
TCCGAATGTTTCCTGCAAGTAGAG-1-0,
TCCGGAGCAAATATGCAAGTAGAG-1-0,
TCCGGAGCAATATGGTAAGTAGAG-1-0,TP53_CALR_het
TCCGGAGCATGGGTTAAAGTAGAG-1-0,
TCCGGAGCATGTGGCGAAGTAGAG-1-0,
TCCGGAGCATTCCTTTAAGTAGAG-1-0,
TCCGTTAAGAACCTAAAAGTAGAG-1-0,
TCCGTTAAGACCATTTAAGTAGAG-1-0,TP53_EZH2_CALR_mut
TCCGTTAAGCTTCTAGAAGTAGAG-1-0,
TCCGTTAAGGCTACTCAAGTAGAG-1-0,
TCCGTTAAGGTGCACAAAGTAGAG-1-0,TP53_CALR_het
TCCGTTAAGTAACGGTAAGTAGAG-1-0,
TCCTAAGTCAACCGCTAAGTAGAG-1-0,TP53_CALR_het
TCCTAAGTCACACAAAAAGTAGAG-1-0,
TCCTAAGTCACAGGGCAAGTAGAG-1-0,TP53_CALR_het
TCCTAAGTCATTTAGCAAGTAGAG-1-0,TP53_CALR_het
TCCTAAGTCTATTGCGAAGTAGAG-1-0,TP53_CALR_het
TCCTGGTAGCCATCGTAAGTAGAG-1-0,
TCCTGGTAGCTGATGGAAGTAGAG-1-0,TP53_CALR_het
TCCTGGTAGGACACGCAAGTAGAG-1-0,
TCCTGGTAGGCTGTGAAAGTAGAG-1-0,TP53_CALR_het
TCCTGGTAGTCGCGAAAAGTAGAG-1-0,
TCCTGGTAGTGTGATAAAGTAGAG-1-0,
TCCTGGTAGTTTCACGAAGTAGAG-1-0,
TCCTGGTAGTTTGGTTAAGTAGAG-1-0,TP53_CALR_het
TCCTTATGTAACTTGCAAGTAGAG-1-0,
TCCTTATGTATGGTAGAAGTAGAG-1-0,
TCCTTATGTGACCTTGAAGTAGAG-1-0,TP53_EZH2_CALR_mut
TCCTTATGTTGTTGTAAAGTAGAG-1-0,
TCCTTATGTTTATGGCAAGTAGAG-1-0,
TCCTTCTAGAAGGTTCAAGTAGAG-1-0,
TCCTTCTAGCAGCCAAAAGTAGAG-1-0,
TCCTTCTAGGCCAACAAAGTAGAG-1-0,ZRSR2_CALR_mut
TCCTTCTAGGTTAGACAAGTAGAG-1-0,TP53_CALR_het
TCCTTCTAGTGAATCAAAGTAGAG-1-0,
TCCTTCTAGTTAGGCGAAGTAGAG-1-0,ZRSR2_CALR_mut
TCCTTGAAGACCATTTAAGTAGAG-1-0,ZRSR2_CALR_mut
TCCTTGAAGGAACCTGAAGTAGAG-1-0,TP53_CALR_het
TCCTTGAAGGGTTATAAAGTAGAG-1-0,
TCCTTGAAGGTAAGCTAAGTAGAG-1-0,TP53_EZH2_CALR_mut
TCCTTGAAGTAAGCACAAGTAGAG-1-0,TP53_CALR_het
TCCTTGAAGTCACACCAAGTAGAG-1-0,
TCCTTGAAGTCCTGCGAAGTAGAG-1-0,TP53_EZH2_CALR_mut
TCCTTGAAGTTGACGGAAGTAGAG-1-0,
TCCTTGAAGTTGCAAAAAGTAGAG-1-0,TP53_EZH2_CALR_mut
TCCTTTCAGAGGATGAAAGTAGAG-1-0,
TCCTTTCAGGTTAGACAAGTAGAG-1-0,
TCCTTTCAGTCTAACTAAGTAGAG-1-0,
TCGAACCTCAACCGGAAAGTAGAG-1-0,
TCGAACCTCCCATAATAAGTAGAG-1-0,TP53_CALR_het
TCGAACCTCCTCAATGAAGTAGAG-1-0,
TCGAACCTCCTTGTTCAAGTAGAG-1-0,
TCGAACCTCGAAATGCAAGTAGAG-1-0,TP53_CALR_het
TCGAACCTCGTCAACCAAGTAGAG-1-0,TP53_CALR_het
TCGAAGGTCATCGATTAAGTAGAG-1-0,TP53_EZH2_CALR_mut
TCGAAGGTCATTTAGCAAGTAGAG-1-0,TP53_EZH2_CALR_mut
TCGAAGGTCCCATAATAAGTAGAG-1-0,
TCGAAGGTCCTTTGAGAAGTAGAG-1-0,
TCGAAGGTCTAATTGCAAGTAGAG-1-0,ZRSR2_CALR_mut
TCGAAGGTCTCCATCTAAGTAGAG-1-0,
TCGAAGGTCTCTCGCCAAGTAGAG-1-0,
TCGAAGTAGCTATCCAAAGTAGAG-1-0,
TCGAAGTAGTTTACCGAAGTAGAG-1-0,
TCGACTCAGCTTAAAGAAGTAGAG-1-0,TP53_EZH2_CALR_mut
TCGACTCAGCTTGATTAAGTAGAG-1-0,ZRSR2_CALR_mut
TCGACTCAGGCGATATAAGTAGAG-1-0,TP53_CALR_het
TCGACTCAGGGCAGTCAAGTAGAG-1-0,
TCGACTCAGGTCACAGAAGTAGAG-1-0,TP53_EZH2_CALR_mut
TCGACTCAGGTTAGGTAAGTAGAG-1-0,TP53_CALR_het
TCGACTCAGTCAACTTAAGTAGAG-1-0,TP53_EZH2_CALR_mut
TCGATAAAGCAGGTCAAAGTAGAG-1-0,ZRSR2_CALR_mut
TCGATAAAGCCTGGTTAAGTAGAG-1-0,
TCGATAAAGGAACCATAAGTAGAG-1-0,
TCGATAAAGTAATTGGAAGTAGAG-1-0,
TCGATAAAGTTATTGCAAGTAGAG-1-0,TP53_CALR_het
TCGATATTCAACCGCTAAGTAGAG-1-0,
TCGATATTCAGCGAATAAGTAGAG-1-0,
TCGATATTCCCGTTCCAAGTAGAG-1-0,
TCGATATTCCTGATCAAAGTAGAG-1-0,
TCGATATTCGAAGTTAAAGTAGAG-1-0,TP53_CALR_het
TCGATATTCGCCTAGTAAGTAGAG-1-0,
TCGATATTCTCTATGGAAGTAGAG-1-0,ZRSR2_CALR_mut
TCGATGACAACGTTAGAAGTAGAG-1-0,
TCGATGACAATTGAGTAAGTAGAG-1-0,TP53_CALR_het
TCGATGACACAGGCTGAAGTAGAG-1-0,TP53_CALR_het
TCGATGACACATAAGTAAGTAGAG-1-0,TP53_CALR_het
TCGATGACACCATCCAAAGTAGAG-1-0,TP53_EZH2_CALR_mut
TCGATGACACCGTTTGAAGTAGAG-1-0,
TCGATGACACGTAATGAAGTAGAG-1-0,
TCGATGACACTGTCATAAGTAGAG-1-0,TP53_EZH2_CALR_mut
TCGATGACAGGATCCGAAGTAGAG-1-0,TP53_CALR_het
TCGATGACATATGGTGAAGTAGAG-1-0,
TCGATGACATCGGGCAAAGTAGAG-1-0,TP53_EZH2_CALR_mut
TCGCATTCAAAGGGATAAGTAGAG-1-0,
TCGCATTCAAATAAGGAAGTAGAG-1-0,
TCGCATTCAAATATGCAAGTAGAG-1-0,
TCGCATTCAATCTCTAAAGTAGAG-1-0,
TCGCATTCACACCCACAAGTAGAG-1-0,TP53_CALR_het
TCGCATTCAGATTCGAAAGTAGAG-1-0,
TCGCATTCAGCCTATTAAGTAGAG-1-0,
TCGCATTCAGGCTTAAAAGTAGAG-1-0,
TCGCATTCATGAGCTAAAGTAGAG-1-0,TP53_CALR_het
TCGCATTCATTACTTGAAGTAGAG-1-0,TP53_EZH2_CALR_mut
TCGCCTCTCAGCGATGAAGTAGAG-1-0,TP53_CALR_het
TCGCCTCTCCCTCTCAAAGTAGAG-1-0,TP53_CALR_het
TCGCCTCTCCTTATGGAAGTAGAG-1-0,
TCGCCTCTCGAACCTCAAGTAGAG-1-0,
TCGCGCATCCTAAGTTAAGTAGAG-1-0,
TCGCGCATCGGGCAGTAAGTAGAG-1-0,
TCGCGCATCTCAAGAAAAGTAGAG-1-0,TP53_EZH2_CALR_mut
TCGCGCATCTTCAAGTAAGTAGAG-1-0,TP53_CALR_het
TCGCGCTCAAACGGGAAAGTAGAG-1-0,ZRSR2_CALR_mut
TCGCGCTCAACAGAGGAAGTAGAG-1-0,
TCGCGCTCAACCTGTTAAGTAGAG-1-0,TP53_CALR_het
TCGCGCTCAAGTTAACAAGTAGAG-1-0,
TCGCGCTCACAAATACAAGTAGAG-1-0,
TCGCGCTCACAATACGAAGTAGAG-1-0,
TCGCGCTCACGTAAATAAGTAGAG-1-0,TP53_EZH2_CALR_mut
TCGCGCTCAGCTTAAGAAGTAGAG-1-0,
TCGCGCTCATGGGTTAAAGTAGAG-1-0,
TCGCGCTCATTCCTTTAAGTAGAG-1-0,TP53_EZH2_CALR_mut
TCGCGGACAAACACGCAAGTAGAG-1-0,
TCGCGGACAAGGTGTCAAGTAGAG-1-0,TP53_EZH2_CALR_mut
TCGCGGACAAGTGGCTAAGTAGAG-1-0,TP53_EZH2_CALR_mut
TCGCGGACACATTGTCAAGTAGAG-1-0,ZRSR2_CALR_mut
TCGCGGACACCATCCAAAGTAGAG-1-0,TP53_CALR_het
TCGCGGACACCTCGACAAGTAGAG-1-0,TP53_EZH2_CALR_mut
TCGCGGACACGCAATAAAGTAGAG-1-0,
TCGCGGACAGCTGCTCAAGTAGAG-1-0,
TCGCGGACATGGCTTTAAGTAGAG-1-0,
TCGCTCGAGCAGCTAGAAGTAGAG-1-0,TP53_EZH2_CALR_mut
TCGCTCGAGCGCTTACAAGTAGAG-1-0,TP53_CALR_het
TCGCTCGAGCGGCTTTAAGTAGAG-1-0,TP53_EZH2_CALR_mut
TCGCTCGAGGCCAACAAAGTAGAG-1-0,
TCGCTCGAGGCTACTCAAGTAGAG-1-0,TP53_CALR_het
TCGCTCGAGGGCAGTCAAGTAGAG-1-0,TP53_CALR_het
TCGCTCGAGGGTTTCCAAGTAGAG-1-0,
TCGCTCGAGGTCGAGCAAGTAGAG-1-0,
TCGCTCGAGGTTAGCGAAGTAGAG-1-0,ZRSR2_CALR_mut
TCGCTCGAGTCAGGCAAAGTAGAG-1-0,
TCGCTCGAGTGTCCACAAGTAGAG-1-0,TP53_CALR_het
TCGCTCGAGTTACCTGAAGTAGAG-1-0,
TCGCTCGAGTTACTCGAAGTAGAG-1-0,TP53_EZH2_CALR_mut
TCGCTTGCAAACGGGAAAGTAGAG-1-0,TP53_CALR_het
TCGCTTGCAAATAACCAAGTAGAG-1-0,TP53_CALR_het
TCGCTTGCAAATAGGAAAGTAGAG-1-0,
TCGCTTGCAACAGGGAAAGTAGAG-1-0,TP53_EZH2_CALR_mut
TCGCTTGCAACTAAGTAAGTAGAG-1-0,TP53_CALR_het
TCGCTTGCAGTGAGGAAAGTAGAG-1-0,TP53_CALR_het
TCGCTTGCATGGCTTTAAGTAGAG-1-0,
TCGGCCATCAGCTACCAAGTAGAG-1-0,TP53_CALR_het
TCGGCCATCATGATGAAAGTAGAG-1-0,
TCGGCCATCATGCGGAAAGTAGAG-1-0,ZRSR2_CALR_mut
TCGGCCATCCTAAGTTAAGTAGAG-1-0,
TCGGCCATCCTCTAAGAAGTAGAG-1-0,TP53_EZH2_CALR_mut
TCGGCCATCGTTCGTAAAGTAGAG-1-0,TP53_EZH2_CALR_mut
TCGGCCATCTAAGTAGAAGTAGAG-1-0,TP53_EZH2_CALR_het
TCGGCTAGTACTTAGCAAGTAGAG-1-0,
TCGGCTAGTATCCGCAAAGTAGAG-1-0,
TCGGCTAGTGCACAAAAAGTAGAG-1-0,TP53_CALR_het
TCGGCTAGTGCTTCTCAAGTAGAG-1-0,
TCGGCTAGTGTAATGGAAGTAGAG-1-0,TP53_EZH2_CALR_mut
TCGGCTAGTTGTCCAGAAGTAGAG-1-0,TP53_CALR_het
TCGGTTATCAATCCTGAAGTAGAG-1-0,TP53_EZH2_CALR_het
TCGGTTATCAGGCCAAAAGTAGAG-1-0,TP53_EZH2_CALR_mut
TCGGTTATCCAGCTACAAGTAGAG-1-0,
TCGGTTATCGCCACATAAGTAGAG-1-0,
TCGGTTATCGCCTAACAAGTAGAG-1-0,
TCGGTTATCGCCTAGTAAGTAGAG-1-0,
TCGGTTATCGCGCATTAAGTAGAG-1-0,
TCGGTTATCTATGGCCAAGTAGAG-1-0,
TCGTCAATCACAACAAAAGTAGAG-1-0,
TCGTCAATCAGGCCTTAAGTAGAG-1-0,
TCGTCAATCATAGGTAAAGTAGAG-1-0,TP53_CALR_het
TCGTCAATCATTTAGCAAGTAGAG-1-0,
TCGTCAATCCATTAGTAAGTAGAG-1-0,TP53_CALR_het
TCGTCAATCCTTTAGGAAGTAGAG-1-0,
TCGTCAATCTATGGCCAAGTAGAG-1-0,
TCGTCAATCTTTGGATAAGTAGAG-1-0,
TCGTCCCTCACAAATGAAGTAGAG-1-0,
TCGTCCCTCAGCGATGAAGTAGAG-1-0,TP53_EZH2_CALR_mut
TCGTCCCTCATGCGGAAAGTAGAG-1-0,TP53_EZH2_CALR_mut
TCGTCCCTCCAGAAACAAGTAGAG-1-0,
TCGTTAAGTAGTCATCAAGTAGAG-1-0,
TCGTTAAGTCATGAAGAAGTAGAG-1-0,
TCGTTAAGTCGTTGCAAAGTAGAG-1-0,TP53_CALR_het
TCGTTAAGTGCGGTTCAAGTAGAG-1-0,ZRSR2_CALR_mut
TCGTTAAGTGGATGGTAAGTAGAG-1-0,
TCGTTAAGTGGCCCATAAGTAGAG-1-0,TP53_EZH2_CALR_mut
TCGTTAAGTTAGTGCTAAGTAGAG-1-0,TP53_EZH2_CALR_mut
TCGTTAAGTTCATTAGAAGTAGAG-1-0,TP53_CALR_het
TCGTTAAGTTGGATGAAAGTAGAG-1-0,TP53_CALR_het
TCGTTATAGATTGCAAAAGTAGAG-1-0,TP53_CALR_het
TCGTTATAGGACAAGAAAGTAGAG-1-0,
TCGTTATAGTCATAAGAAGTAGAG-1-0,
TCGTTATAGTTTGACTAAGTAGAG-1-0,ZRSR2_CALR_mut
TCGTTCGCACCGGTAGAAGTAGAG-1-0,TP53_CALR_het
TCGTTCGCACTTTGTAAAGTAGAG-1-0,TP53_CALR_het
TCGTTCGCATCAGGACAAGTAGAG-1-0,ZRSR2_CALR_mut
TCGTTCGCATTTGGAGAAGTAGAG-1-0,
TCGTTGCAGAAGGTTCAAGTAGAG-1-0,TP53_EZH2_CALR_mut
TCGTTGCAGCATTACTAAGTAGAG-1-0,TP53_CALR_het
TCGTTGCAGCCTATATAAGTAGAG-1-0,
TCGTTGCAGCTGATGGAAGTAGAG-1-0,
TCGTTGCAGCTTAGTTAAGTAGAG-1-0,
TCGTTGCAGGCCTTCGAAGTAGAG-1-0,TP53_CALR_het
TCGTTGCAGGGTGGGAAAGTAGAG-1-0,TP53_CALR_het
TCGTTGCAGGTCTTTGAAGTAGAG-1-0,
TCGTTGCAGTAATGGCAAGTAGAG-1-0,
TCGTTGCAGTCAACTTAAGTAGAG-1-0,
TCTAACAGTAACTAGGAAGTAGAG-1-0,ZRSR2_CALR_mut
TCTAACAGTATTCAGCAAGTAGAG-1-0,TP53_CALR_het
TCTAACAGTCAGGAACAAGTAGAG-1-0,TP53_CALR_het
TCTAACAGTTCCGGGTAAGTAGAG-1-0,ZRSR2_CALR_mut
TCTAACAGTTCCTTCAAAGTAGAG-1-0,TP53_CALR_het
TCTAACCCAAAGGTAAAAGTAGAG-1-0,TP53_EZH2_CALR_het
TCTAACCCAAGCCTAAAAGTAGAG-1-0,
TCTAACCCAAGCTTTCAAGTAGAG-1-0,TP53_CALR_het
TCTAACCCAAGGTTATAAGTAGAG-1-0,TP53_CALR_het
TCTAACCCACCGGTAGAAGTAGAG-1-0,
TCTAACCCACCTCGACAAGTAGAG-1-0,
TCTAACCCACGATTAGAAGTAGAG-1-0,TP53_EZH2_CALR_mut
TCTAACCCACGTAGTAAAGTAGAG-1-0,TP53_CALR_het
TCTAACCCAGAATCGCAAGTAGAG-1-0,
TCTAACCCAGCCAGCAAAGTAGAG-1-0,TP53_CALR_het
TCTAACCCAGGACTACAAGTAGAG-1-0,
TCTAACCCATTGAACGAAGTAGAG-1-0,TP53_EZH2_CALR_mut
TCTAACTAGAGAGCAAAAGTAGAG-1-0,
TCTAACTAGATTCCCAAAGTAGAG-1-0,
TCTAACTAGCCATAAAAAGTAGAG-1-0,
TCTAACTAGCTATCCAAAGTAGAG-1-0,TP53_CALR_het
TCTAACTAGGCTGGTAAAGTAGAG-1-0,TP53_CALR_het
TCTAACTAGTAACGTAAAGTAGAG-1-0,TP53_EZH2_CALR_mut
TCTAACTAGTATCGCCAAGTAGAG-1-0,
TCTAACTAGTCACTATAAGTAGAG-1-0,
TCTAACTAGTTGACGGAAGTAGAG-1-0,
TCTAACTAGTTGCGCTAAGTAGAG-1-0,
TCTAAGGCAAACACGCAAGTAGAG-1-0,
TCTAAGGCAAAGAACAAAGTAGAG-1-0,ZRSR2_CALR_mut
TCTAAGGCAACAAAGAAAGTAGAG-1-0,
TCTAAGGCACCTTACGAAGTAGAG-1-0,TP53_EZH2_CALR_mut
TCTAAGGCACTATGTCAAGTAGAG-1-0,
TCTAAGGCAGAAACTTAAGTAGAG-1-0,
TCTAAGGCAGCACTAAAAGTAGAG-1-0,
TCTAAGTTCAAGCCAGAAGTAGAG-1-0,
TCTAAGTTCACAGGATAAGTAGAG-1-0,
TCTAAGTTCACCTGTAAAGTAGAG-1-0,
TCTAAGTTCCAAACAAAAGTAGAG-1-0,TP53_EZH2_CALR_mut
TCTAAGTTCGCATTTGAAGTAGAG-1-0,
TCTAAGTTCTTCGCCCAAGTAGAG-1-0,TP53_CALR_het
TCTAATCAGAAGGTCTAAGTAGAG-1-0,
TCTAATCAGATGATTGAAGTAGAG-1-0,TP53_EZH2_CALR_mut
TCTAATCAGGACAACTAAGTAGAG-1-0,TP53_CALR_het
TCTAATCAGGATGCATAAGTAGAG-1-0,TP53_CALR_het
TCTAATCAGGTGGATTAAGTAGAG-1-0,
TCTAATCAGTAATGGCAAGTAGAG-1-0,
TCTAATGGTAACCCATAAGTAGAG-1-0,ZRSR2_CALR_mut
TCTAATGGTACTTATGAAGTAGAG-1-0,TP53_CALR_het
TCTAATGGTAGTAGGCAAGTAGAG-1-0,
TCTAATGGTCAACATCAAGTAGAG-1-0,TP53_EZH2_CALR_mut
TCTAATGGTGCGGCAAAAGTAGAG-1-0,
TCTAATGGTGCTCCAAAAGTAGAG-1-0,TP53_EZH2_CALR_mut
TCTAATGGTGTGGCTCAAGTAGAG-1-0,
TCTAATGGTTGCGGCTAAGTAGAG-1-0,
TCTACCTTCAACCTATAAGTAGAG-1-0,TP53_CALR_het
TCTACCTTCACCACACAAGTAGAG-1-0,
TCTACCTTCCAAAGGTAAGTAGAG-1-0,
TCTACCTTCCCTCGCTAAGTAGAG-1-0,TP53_CALR_het
TCTACCTTCCTCAAGCAAGTAGAG-1-0,TP53_EZH2_CALR_mut
TCTACCTTCGAAACTAAAGTAGAG-1-0,TP53_EZH2_CALR_mut
TCTACCTTCGCCTAGTAAGTAGAG-1-0,TP53_CALR_het
TCTACCTTCGTCCCGAAAGTAGAG-1-0,
TCTACCTTCTAATGAGAAGTAGAG-1-0,TP53_EZH2_CALR_mut
TCTACCTTCTATTCGGAAGTAGAG-1-0,
TCTAGTTAGAAAGGCAAAGTAGAG-1-0,
TCTAGTTAGACCTTTGAAGTAGAG-1-0,TP53_EZH2_CALR_mut
TCTAGTTAGCAGGTCAAAGTAGAG-1-0,
TCTAGTTAGCGGCTTTAAGTAGAG-1-0,ZRSR2_CALR_mut
TCTAGTTAGCTTACTGAAGTAGAG-1-0,
TCTAGTTAGGAAACTCAAGTAGAG-1-0,ZRSR2_CALR_mut
TCTAGTTAGGCCCATTAAGTAGAG-1-0,
TCTAGTTAGGCGCATAAAGTAGAG-1-0,
TCTAGTTAGGGCGGAAAAGTAGAG-1-0,TP53_CALR_het
TCTAGTTAGGTAGTTAAAGTAGAG-1-0,
TCTAGTTAGTCACCTAAAGTAGAG-1-0,
TCTATCGAGACTCAAAAAGTAGAG-1-0,ZRSR2_CALR_mut
TCTATCGAGGCCTCTGAAGTAGAG-1-0,TP53_CALR_het
TCTATCGAGGCGCATAAAGTAGAG-1-0,
TCTATCGAGGGTTGCAAAGTAGAG-1-0,
TCTATCGAGGTATAGCAAGTAGAG-1-0,
TCTATCGAGGTTACTTAAGTAGAG-1-0,TP53_CALR_het
TCTATCTGTAAGTCGAAAGTAGAG-1-0,ZRSR2_CALR_mut
TCTATCTGTCAAGCTTAAGTAGAG-1-0,
TCTATCTGTTGTTTGAAAGTAGAG-1-0,
TCTATCTGTTTCACCCAAGTAGAG-1-0,TP53_CALR_het
TCTATCTGTTTGTGACAAGTAGAG-1-0,TP53_EZH2_CALR_mut
TCTATGAGTACCTAGTAAGTAGAG-1-0,
TCTATGAGTTACTCCCAAGTAGAG-1-0,
TCTATGAGTTATGAGGAAGTAGAG-1-0,
TCTATTGCAAACGGGAAAGTAGAG-1-0,
TCTATTGCAAAGGGATAAGTAGAG-1-0,
TCTATTGCAACAGATTAAGTAGAG-1-0,
TCTATTGCAAGGCCTGAAGTAGAG-1-0,
TCTATTGCAAGGTTATAAGTAGAG-1-0,ZRSR2_CALR_mut
TCTATTGCACGGTAACAAGTAGAG-1-0,
TCTATTGCACTCCCTTAAGTAGAG-1-0,ZRSR2_CALR_mut
TCTATTGCATTGAAGTAAGTAGAG-1-0,TP53_CALR_het
TCTCAATAGAGCCGGTAAGTAGAG-1-0,ZRSR2_CALR_mut
TCTCAATAGAGGAAATAAGTAGAG-1-0,TP53_CALR_het
TCTCAATAGCCCTGATAAGTAGAG-1-0,
TCTCAATAGTCTGTGCAAGTAGAG-1-0,
TCTCAATAGTTAGTTCAAGTAGAG-1-0,
TCTCGCCTCAGGCATGAAGTAGAG-1-0,
TCTCGCCTCAGGTTGGAAGTAGAG-1-0,TP53_EZH2_CALR_mut
TCTCGCCTCCCAGACTAAGTAGAG-1-0,TP53_CALR_het
TCTCGCCTCCGGACAAAAGTAGAG-1-0,
TCTCGCCTCCTGCCAGAAGTAGAG-1-0,ZRSR2_CALR_mut
TCTCGCCTCCTTTGTCAAGTAGAG-1-0,TP53_EZH2_CALR_mut
TCTCGCCTCGACCCATAAGTAGAG-1-0,
TCTCGCCTCGAGAGAAAAGTAGAG-1-0,
TCTCGCCTCGGTTCACAAGTAGAG-1-0,
TCTCGCCTCGTCAACCAAGTAGAG-1-0,TP53_CALR_het
TCTCGCCTCTAATCGTAAGTAGAG-1-0,TP53_CALR_het
TCTCTATGTACCTCAGAAGTAGAG-1-0,
TCTCTATGTACGTTCGAAGTAGAG-1-0,TP53_EZH2_CALR_mut
TCTCTATGTATTGTCAAAGTAGAG-1-0,TP53_CALR_het
TCTCTATGTCAATTCAAAGTAGAG-1-0,TP53_CALR_het
TCTCTATGTCCTTAGGAAGTAGAG-1-0,
TCTCTATGTTCTTACTAAGTAGAG-1-0,TP53_CALR_het
TCTCTATGTTTACTGAAAGTAGAG-1-0,TP53_EZH2_CALR_mut
TCTCTATGTTTGCAACAAGTAGAG-1-0,
TCTGCCACAAATCACGAAGTAGAG-1-0,TP53_CALR_het
TCTGCCACAAGTCGCGAAGTAGAG-1-0,
TCTGCCACACGTAGGTAAGTAGAG-1-0,
TCTGCCACACTAACTCAAGTAGAG-1-0,
TCTGCCACAGCTTAAGAAGTAGAG-1-0,TP53_CALR_het
TCTGCCACAGGCTAACAAGTAGAG-1-0,TP53_CALR_het
TCTGCCACATGGGTTAAAGTAGAG-1-0,TP53_CALR_het
TCTGGAACAACCGGATAAGTAGAG-1-0,TP53_CALR_het
TCTGGAACAACTTGTCAAGTAGAG-1-0,TP53_EZH2_CALR_mut
TCTGGAACAAGGGTCTAAGTAGAG-1-0,TP53_CALR_het
TCTGGAACACCAGCTCAAGTAGAG-1-0,
TCTGGAACATGCGCAGAAGTAGAG-1-0,TP53_CALR_het
TCTGGCCCAAGATGCCAAGTAGAG-1-0,
TCTGGCCCAAGGCGTTAAGTAGAG-1-0,
TCTGGCCCAAGTCGCGAAGTAGAG-1-0,
TCTGGCCCAAGTGCACAAGTAGAG-1-0,TP53_CALR_het
TCTGGCCCACGTTACTAAGTAGAG-1-0,
TCTGGCCCAGGTCAACAAGTAGAG-1-0,
TCTGGCCCATAAGTCGAAGTAGAG-1-0,
TCTGGCCCATATGGTGAAGTAGAG-1-0,
TCTGGGCGTAACCGCCAAGTAGAG-1-0,
TCTGGGCGTACTAACCAAGTAGAG-1-0,TP53_CALR_het
TCTGGGCGTACTGCCAAAGTAGAG-1-0,TP53_EZH2_CALR_mut
TCTGGGCGTAGCGGATAAGTAGAG-1-0,TP53_CALR_het
TCTGGGCGTATTCGGTAAGTAGAG-1-0,TP53_CALR_het
TCTGGGCGTCAATCGTAAGTAGAG-1-0,
TCTGGGCGTCTTTATCAAGTAGAG-1-0,
TCTGGGCGTGCACAAAAAGTAGAG-1-0,ZRSR2_CALR_mut
TCTGGGCGTGCACTATAAGTAGAG-1-0,
TCTGGGCGTGTGATGAAAGTAGAG-1-0,TP53_CALR_het
TCTGGGCGTGTTAGCTAAGTAGAG-1-0,TP53_CALR_het
TCTGGGCGTTAAGGATAAGTAGAG-1-0,
TCTGGGCGTTCCAGCAAAGTAGAG-1-0,ZRSR2_CALR_mut
TCTGGGCGTTGCATCGAAGTAGAG-1-0,
TCTGTAAGTAAACTGGAAGTAGAG-1-0,TP53_EZH2_CALR_mut
TCTGTAAGTAATGAACAAGTAGAG-1-0,TP53_EZH2_CALR_mut
TCTGTAAGTAGCTTGTAAGTAGAG-1-0,TP53_CALR_het
TCTGTAAGTCACAGAAAAGTAGAG-1-0,TP53_CALR_het
TCTGTAAGTCAGGATAAAGTAGAG-1-0,
TCTGTAAGTCTATCTTAAGTAGAG-1-0,
TCTGTAAGTGGATGGTAAGTAGAG-1-0,
TCTGTAAGTGTAATGGAAGTAGAG-1-0,ZRSR2_CALR_mut
TCTGTAAGTTTGAGCTAAGTAGAG-1-0,
TCTGTGATCACCTAATAAGTAGAG-1-0,ZRSR2_CALR_mut
TCTGTGATCATAACCTAAGTAGAG-1-0,
TCTGTGATCATCAAGAAAGTAGAG-1-0,TP53_CALR_het
TCTGTGATCGCCTAGTAAGTAGAG-1-0,TP53_CALR_het
TCTGTGATCGCTCAACAAGTAGAG-1-0,
TCTGTGATCTATCACGAAGTAGAG-1-0,
TCTGTGCAGAGGCGAGAAGTAGAG-1-0,ZRSR2_CALR_mut
TCTGTGCAGATTCATCAAGTAGAG-1-0,
TCTGTGCAGCGATAACAAGTAGAG-1-0,
TCTGTGCAGGAAACTCAAGTAGAG-1-0,TP53_EZH2_CALR_mut
TCTGTGCAGGAAGGTAAAGTAGAG-1-0,TP53_EZH2_CALR_mut
TCTGTGCAGGTAGACTAAGTAGAG-1-0,
TCTGTGCAGGTAGTTAAAGTAGAG-1-0,TP53_EZH2_CALR_mut
TCTGTGCAGGTTTCGCAAGTAGAG-1-0,ZRSR2_CALR_mut
TCTGTGCAGTCAATAGAAGTAGAG-1-0,TP53_EZH2_CALR_mut
TCTGTGCAGTCGTTCAAAGTAGAG-1-0,TP53_EZH2_CALR_mut
TCTGTGCAGTGCTGAGAAGTAGAG-1-0,
TCTTAAGGTAGCCACCAAGTAGAG-1-0,
TCTTAAGGTATAGCGAAAGTAGAG-1-0,ZRSR2_CALR_mut
TCTTAAGGTCCATTAAAAGTAGAG-1-0,
TCTTAAGGTTATGTGCAAGTAGAG-1-0,
TCTTACTGTAAGGCCGAAGTAGAG-1-0,
TCTTACTGTACGAACAAAGTAGAG-1-0,TP53_CALR_het
TCTTACTGTACTGCCAAAGTAGAG-1-0,TP53_CALR_het
TCTTACTGTCGTTGCAAAGTAGAG-1-0,
TCTTACTGTCTGTCAGAAGTAGAG-1-0,
TCTTACTGTGAACCAAAAGTAGAG-1-0,TP53_EZH2_CALR_mut
TCTTACTGTGCAATAGAAGTAGAG-1-0,
TCTTACTGTTAGTTTGAAGTAGAG-1-0,
TCTTACTGTTTGTGACAAGTAGAG-1-0,TP53_CALR_het
TCTTAGGTCAAGGTGTAAGTAGAG-1-0,TP53_CALR_het
TCTTAGGTCACAATGAAAGTAGAG-1-0,TP53_EZH2_CALR_mut
TCTTAGGTCCCTGGATAAGTAGAG-1-0,TP53_EZH2_CALR_mut
TCTTAGGTCCTCAAGCAAGTAGAG-1-0,TP53_EZH2_CALR_mut
TCTTAGGTCGAGGCACAAGTAGAG-1-0,
TCTTAGGTCGCCTATAAAGTAGAG-1-0,TP53_CALR_het
TCTTAGGTCGCGTTCGAAGTAGAG-1-0,TP53_CALR_het
TCTTAGGTCTCAGCTAAAGTAGAG-1-0,
TCTTCATGTATTACCAAAGTAGAG-1-0,TP53_CALR_het
TCTTCATGTCGTAATCAAGTAGAG-1-0,
TCTTGACCAAACAAGAAAGTAGAG-1-0,TP53_EZH2_CALR_mut
TCTTGACCAAGCTCAAAAGTAGAG-1-0,TP53_CALR_het
TCTTGACCAATGTGGCAAGTAGAG-1-0,TP53_CALR_het
TCTTGACCACAATGGCAAGTAGAG-1-0,
TCTTGACCACACAAATAAGTAGAG-1-0,TP53_EZH2_CALR_mut
TCTTGACCAGGATTGCAAGTAGAG-1-0,
TCTTGACCATTGCCTGAAGTAGAG-1-0,
TCTTGCTTCAATGGGTAAGTAGAG-1-0,
TCTTGCTTCACCAGGAAAGTAGAG-1-0,TP53_CALR_het
TCTTGCTTCACGAACGAAGTAGAG-1-0,
TCTTGCTTCATGGTCCAAGTAGAG-1-0,
TCTTGCTTCATGTCATAAGTAGAG-1-0,
TCTTGCTTCCGAAAGTAAGTAGAG-1-0,
TCTTGCTTCCTCAAGCAAGTAGAG-1-0,TP53_EZH2_CALR_mut
TCTTGCTTCCTTAGATAAGTAGAG-1-0,
TCTTGCTTCGACCCATAAGTAGAG-1-0,TP53_CALR_het
TCTTGCTTCTGCCATAAAGTAGAG-1-0,TP53_CALR_het
TCTTGGATCAATTGGAAAGTAGAG-1-0,TP53_CALR_het
TCTTGGATCACGTTATAAGTAGAG-1-0,
TCTTGGATCAGCATGGAAGTAGAG-1-0,
TCTTGGATCATTACCGAAGTAGAG-1-0,TP53_EZH2_CALR_mut
TCTTGGATCATTATGCAAGTAGAG-1-0,TP53_CALR_het
TCTTGGATCCACTAATAAGTAGAG-1-0,TP53_EZH2_CALR_mut
TCTTGGATCCCTCGTCAAGTAGAG-1-0,ZRSR2_CALR_mut
TCTTGGATCCTTGAGCAAGTAGAG-1-0,TP53_CALR_het
TCTTGGATCCTTTGGAAAGTAGAG-1-0,TP53_CALR_het
TCTTGGATCTATGCATAAGTAGAG-1-0,TP53_EZH2_CALR_mut
TCTTGGATCTATTGACAAGTAGAG-1-0,
TCTTTAGCATCTATGCAAGTAGAG-1-0,TP53_CALR_het
TCTTTAGCATGTGGCGAAGTAGAG-1-0,TP53_CALR_het
TCTTTGGAGAGCAACTAAGTAGAG-1-0,
TCTTTGGAGAGGCGGAAAGTAGAG-1-0,
TCTTTGGAGCCATCGTAAGTAGAG-1-0,TP53_CALR_het
TCTTTGGAGCGCTTACAAGTAGAG-1-0,TP53_CALR_het
TCTTTGGAGCTGATGGAAGTAGAG-1-0,
TCTTTGGAGCTTACATAAGTAGAG-1-0,TP53_CALR_het
TCTTTGGAGGACACGCAAGTAGAG-1-0,ZRSR2_CALR_mut
TCTTTGGAGGATCCAGAAGTAGAG-1-0,TP53_CALR_het
TCTTTGGAGGGCAGTCAAGTAGAG-1-0,TP53_EZH2_CALR_mut
TCTTTGGAGTCAACTTAAGTAGAG-1-0,
TCTTTGGAGTTGACGGAAGTAGAG-1-0,
TCTTTGTGTAGCCTTGAAGTAGAG-1-0,TP53_CALR_het
TCTTTGTGTGACATGAAAGTAGAG-1-0,
TCTTTGTGTGCGCAAGAAGTAGAG-1-0,TP53_EZH2_CALR_mut
TCTTTGTGTGCGGAATAAGTAGAG-1-0,
TCTTTGTGTGCGTACCAAGTAGAG-1-0,TP53_CALR_het
TCTTTGTGTGTTCCAGAAGTAGAG-1-0,
TCTTTGTGTTCGGTCAAAGTAGAG-1-0,
TCTTTGTGTTGGATGAAAGTAGAG-1-0,
TCTTTGTGTTTCAGGTAAGTAGAG-1-0,TP53_CALR_het
TGAAACTCAAACCGTAAAGTAGAG-1-0,TP53_CALR_het
TGAAACTCAAGGGTCTAAGTAGAG-1-0,
TGAAACTCAAGGTTATAAGTAGAG-1-0,TP53_EZH2_CALR_mut
TGAAACTCAATAGAAGAAGTAGAG-1-0,TP53_CALR_het
TGAAACTCAATAGCTGAAGTAGAG-1-0,
TGAAACTCACAAGCGTAAGTAGAG-1-0,
TGAAACTCACGGTCGAAAGTAGAG-1-0,
TGAAACTCAGGGATGAAAGTAGAG-1-0,TP53_CALR_het
TGAAACTCATATTTCGAAGTAGAG-1-0,TP53_CALR_het
TGAAACTCATCGAACAAAGTAGAG-1-0,
TGAAACTCATGAGCTAAAGTAGAG-1-0,
TGAAAGGAGATGCAACAAGTAGAG-1-0,TP53_EZH2_CALR_mut
TGAAAGGAGATGCCTCAAGTAGAG-1-0,TP53_EZH2_CALR_mut
TGAAAGGAGCCTATATAAGTAGAG-1-0,
TGAAAGGAGGTAACTAAAGTAGAG-1-0,
TGAAAGGAGTGTCCACAAGTAGAG-1-0,
TGAACAGGTACTTCCCAAGTAGAG-1-0,TP53_CALR_het
TGAACAGGTCCAGCTAAAGTAGAG-1-0,
TGAACAGGTCGGTTTGAAGTAGAG-1-0,
TGAACAGGTGACCTTGAAGTAGAG-1-0,TP53_CALR_het
TGAACAGGTGCCCGATAAGTAGAG-1-0,
TGAACAGGTGTCCTTCAAGTAGAG-1-0,
TGAACAGGTTCAAGCTAAGTAGAG-1-0,
TGAACAGGTTGCCTGAAAGTAGAG-1-0,
TGAACCACACGTAATGAAGTAGAG-1-0,TP53_CALR_het
TGAACCACATCATGTCAAGTAGAG-1-0,TP53_CALR_het
TGAACCACATGGCTTTAAGTAGAG-1-0,
TGAACCTGTAACGTTCAAGTAGAG-1-0,TP53_CALR_het
TGAACCTGTCAACTACAAGTAGAG-1-0,TP53_EZH2_CALR_mut
TGAACCTGTCATCATAAAGTAGAG-1-0,
TGAACCTGTCCTTCGTAAGTAGAG-1-0,TP53_EZH2_CALR_mut
TGAACCTGTGGTTCGCAAGTAGAG-1-0,
TGAACCTGTGTCCAATAAGTAGAG-1-0,
TGAACCTGTTGGTTTAAAGTAGAG-1-0,TP53_EZH2_CALR_mut
TGAAGGAAGACGCATGAAGTAGAG-1-0,TP53_EZH2_CALR_mut
TGAAGGAAGAGGATGAAAGTAGAG-1-0,
TGAAGGAAGCAGCCAAAAGTAGAG-1-0,
TGAAGGAAGCGGGACTAAGTAGAG-1-0,
TGAAGGAAGGAACCTGAAGTAGAG-1-0,
TGAAGGAAGGCAAGCCAAGTAGAG-1-0,TP53_CALR_het
TGAAGGAAGGCACTAGAAGTAGAG-1-0,
TGAAGGAAGGCTGGTAAAGTAGAG-1-0,
TGAAGGAAGGGATTTAAAGTAGAG-1-0,
TGAAGGAAGTATGGTAAAGTAGAG-1-0,
TGAAGGAAGTGCAACGAAGTAGAG-1-0,TP53_EZH2_CALR_mut
TGAAGGAAGTGTTTCGAAGTAGAG-1-0,
TGAATAGTCAATACAGAAGTAGAG-1-0,
TGAATAGTCACCCTCCAAGTAGAG-1-0,TP53_CALR_het
TGAATAGTCATGACAAAAGTAGAG-1-0,TP53_EZH2_CALR_mut
TGAATAGTCCAATACTAAGTAGAG-1-0,TP53_CALR_het
TGAATAGTCCAATAGAAAGTAGAG-1-0,
TGAATAGTCCATCCGGAAGTAGAG-1-0,
TGAATAGTCCGCCATGAAGTAGAG-1-0,
TGAATAGTCCGCTATAAAGTAGAG-1-0,TP53_CALR_het
TGAATAGTCGCCTATAAAGTAGAG-1-0,TP53_CALR_het
TGAATAGTCGCGTTACAAGTAGAG-1-0,
TGAATAGTCGCTCAACAAGTAGAG-1-0,
TGAATAGTCTCAAGAAAAGTAGAG-1-0,TP53_CALR_het
TGAATCGCAAACTGGCAAGTAGAG-1-0,
TGAATCGCAACCGTAAAAGTAGAG-1-0,
TGAATCGCAACTATCCAAGTAGAG-1-0,TP53_EZH2_CALR_mut
TGAATCGCAGCTAAGCAAGTAGAG-1-0,TP53_CALR_het
TGAATCGCATCAATCCAAGTAGAG-1-0,
TGAATCGCATTTCGCGAAGTAGAG-1-0,
TGAATCTTCACAGATAAAGTAGAG-1-0,
TGAATCTTCATTTAGCAAGTAGAG-1-0,TP53_CALR_het
TGAATCTTCCAATGAAAAGTAGAG-1-0,TP53_CALR_het
TGAATCTTCCTGATCAAAGTAGAG-1-0,
TGAATCTTCGCGGAACAAGTAGAG-1-0,ZRSR2_CALR_mut
TGAATCTTCGGCTAAGAAGTAGAG-1-0,
TGAATCTTCGGTACAGAAGTAGAG-1-0,TP53_CALR_het
TGAATCTTCTCCATCTAAGTAGAG-1-0,
TGAATGTCAATCATCCAAGTAGAG-1-0,TP53_EZH2_CALR_mut
TGAATGTCAATGGATTAAGTAGAG-1-0,
TGAATGTCAATGGGAGAAGTAGAG-1-0,
TGAATGTCACAACATGAAGTAGAG-1-0,
TGAATGTCACATTCGTAAGTAGAG-1-0,
TGAATGTCACCAGCTCAAGTAGAG-1-0,TP53_CALR_het
TGAATGTCACGGTACGAAGTAGAG-1-0,TP53_CALR_het
TGAATGTCAGAAAGGTAAGTAGAG-1-0,
TGAATGTCAGGACTACAAGTAGAG-1-0,TP53_CALR_het
TGAATGTCATTCAACCAAGTAGAG-1-0,
TGAATGTCATTGCATCAAGTAGAG-1-0,TP53_CALR_het
TGACAACAGCTCAACCAAGTAGAG-1-0,TP53_CALR_het
TGACAACAGGAAGCAAAAGTAGAG-1-0,TP53_CALR_het
TGACAACAGGTCACTCAAGTAGAG-1-0,
TGACAACAGTAGCGCAAAGTAGAG-1-0,TP53_EZH2_CALR_mut
TGACAACAGTCCTGCGAAGTAGAG-1-0,ZRSR2_CALR_mut
TGACATAAGGATCCAGAAGTAGAG-1-0,
TGACATAAGTGGACCAAAGTAGAG-1-0,TP53_CALR_het
TGACATGCAATGGCCGAAGTAGAG-1-0,TP53_CALR_het
TGACATGCACATAGATAAGTAGAG-1-0,
TGACATGCACCTTACGAAGTAGAG-1-0,TP53_CALR_het
TGACATGCACCTTTGGAAGTAGAG-1-0,
TGACATGCACGGTCGAAAGTAGAG-1-0,TP53_EZH2_CALR_mut
TGACATGCAGCTAGCGAAGTAGAG-1-0,
TGACCTATCACAGCCTAAGTAGAG-1-0,
TGACCTATCACGTTATAAGTAGAG-1-0,
TGACCTATCATGCATTAAGTAGAG-1-0,
TGACCTATCCAACTATAAGTAGAG-1-0,
TGACCTATCCAGATAAAAGTAGAG-1-0,
TGACCTATCCTAAGGGAAGTAGAG-1-0,TP53_EZH2_CALR_mut
TGACCTATCGATTAAGAAGTAGAG-1-0,
TGACCTATCGCTTGCGAAGTAGAG-1-0,
TGACCTGGTACCGCACAAGTAGAG-1-0,
TGACCTGGTAGCCCGTAAGTAGAG-1-0,ZRSR2_CALR_mut
TGACCTGGTCAAAGGCAAGTAGAG-1-0,TP53_EZH2_CALR_mut
TGACCTGGTCAGTGCCAAGTAGAG-1-0,ZRSR2_CALR_mut
TGACCTGGTCTAACCGAAGTAGAG-1-0,
TGACCTGGTTCACTCCAAGTAGAG-1-0,ZRSR2_CALR_mut
TGACCTTCAATAAGGAAAGTAGAG-1-0,ZRSR2_CALR_mut
TGACCTTCAATAGAGAAAGTAGAG-1-0,TP53_EZH2_CALR_mut
TGACCTTCAATAGCTGAAGTAGAG-1-0,
TGACCTTCACGTAAATAAGTAGAG-1-0,TP53_EZH2_CALR_mut
TGACCTTCACTTTATGAAGTAGAG-1-0,ZRSR2_CALR_mut
TGACCTTCAGCACCTCAAGTAGAG-1-0,TP53_CALR_het
TGACCTTCAGGTAGCTAAGTAGAG-1-0,
TGACGAAGTAATAGGTAAGTAGAG-1-0,ZRSR2_CALR_mut
TGACGAAGTACGAACAAAGTAGAG-1-0,TP53_EZH2_CALR_mut
TGACGAAGTCAACATCAAGTAGAG-1-0,TP53_EZH2_CALR_mut
TGACGAAGTCACAGAAAAGTAGAG-1-0,
TGACGAAGTGCGCAAGAAGTAGAG-1-0,
TGACGAAGTGGTGAGTAAGTAGAG-1-0,TP53_EZH2_CALR_mut
TGACGAAGTTAAGGCAAAGTAGAG-1-0,ZRSR2_CALR_mut
TGACGAAGTTAATTCGAAGTAGAG-1-0,ZRSR2_CALR_mut
TGACGAAGTTAGGCGGAAGTAGAG-1-0,
TGACGAAGTTAGTAGGAAGTAGAG-1-0,
TGACGAAGTTAGTGAGAAGTAGAG-1-0,
TGACGAAGTTCCAGCAAAGTAGAG-1-0,TP53_CALR_het
TGACGAAGTTGCGGGAAAGTAGAG-1-0,TP53_CALR_het
TGACGAAGTTTAACCAAAGTAGAG-1-0,TP53_CALR_het
TGACGAAGTTTCCTGCAAGTAGAG-1-0,
TGACGAAGTTTGTTTCAAGTAGAG-1-0,TP53_CALR_het
TGACGGATCAATTGGAAAGTAGAG-1-0,
TGACGGATCCGCCACAAAGTAGAG-1-0,
TGACGGATCGCATTTGAAGTAGAG-1-0,TP53_EZH2_CALR_mut
TGACGGATCTCTATGGAAGTAGAG-1-0,
TGACGTACAAACACGCAAGTAGAG-1-0,TP53_EZH2_CALR_mut
TGACGTACAACAGCTAAAGTAGAG-1-0,TP53_CALR_het
TGACGTACAACCGTAAAAGTAGAG-1-0,TP53_EZH2_CALR_mut
TGACGTACAAGCTTTCAAGTAGAG-1-0,
TGACGTACACAGGCTGAAGTAGAG-1-0,
TGACGTACACTAGTAGAAGTAGAG-1-0,TP53_EZH2_CALR_mut
TGACGTACAGCAAGCTAAGTAGAG-1-0,TP53_EZH2_CALR_mut
TGACGTACAGCTCATTAAGTAGAG-1-0,
TGACGTACAGGAATAAAAGTAGAG-1-0,TP53_CALR_het
TGACGTACAGGTTTCTAAGTAGAG-1-0,
TGACGTACATCATCACAAGTAGAG-1-0,
TGACGTACATGACCAAAAGTAGAG-1-0,
TGACGTACATGCGCCTAAGTAGAG-1-0,
TGACGTACATTCCTTTAAGTAGAG-1-0,
TGACTACGTAAGGCCGAAGTAGAG-1-0,TP53_EZH2_CALR_mut
TGACTACGTCCAGCACAAGTAGAG-1-0,TP53_EZH2_CALR_mut
TGACTACGTCCATCCTAAGTAGAG-1-0,
TGACTACGTTGCATCGAAGTAGAG-1-0,TP53_CALR_het
TGACTACGTTGCTCCTAAGTAGAG-1-0,
TGACTATTCACGTTATAAGTAGAG-1-0,
TGACTATTCCATCCAAAAGTAGAG-1-0,TP53_EZH2_CALR_mut
TGACTATTCCGCCTCTAAGTAGAG-1-0,
TGACTATTCGGGCAACAAGTAGAG-1-0,TP53_EZH2_CALR_mut
TGAGACTAGCAATTGAAAGTAGAG-1-0,TP53_CALR_het
TGAGACTAGCGAATGTAAGTAGAG-1-0,TP53_EZH2_CALR_mut
TGAGACTAGCGATGGCAAGTAGAG-1-0,
TGAGACTAGGCTACTCAAGTAGAG-1-0,TP53_CALR_het
TGAGACTAGGTTAGACAAGTAGAG-1-0,TP53_EZH2_CALR_mut
TGAGACTAGTAAAGGGAAGTAGAG-1-0,ZRSR2_CALR_mut
TGAGACTAGTTAGGCGAAGTAGAG-1-0,TP53_CALR_het
TGAGCGATCCAGATAAAAGTAGAG-1-0,
TGAGCGATCCAGCTACAAGTAGAG-1-0,
TGAGCGATCCGGATAGAAGTAGAG-1-0,TP53_EZH2_CALR_mut
TGAGCGATCCTGACTAAAGTAGAG-1-0,TP53_EZH2_CALR_mut
TGAGCGATCCTGCCAGAAGTAGAG-1-0,TP53_EZH2_CALR_mut
TGAGCGATCGGCTAAGAAGTAGAG-1-0,
TGAGCGATCGGTACCTAAGTAGAG-1-0,
TGAGCGATCGTAACCCAAGTAGAG-1-0,ZRSR2_CALR_mut
TGAGCGATCTGTGCACAAGTAGAG-1-0,TP53_CALR_het
TGAGCGGGTAAGCGTAAAGTAGAG-1-0,
TGAGCGGGTCATTATGAAGTAGAG-1-0,TP53_CALR_het
TGAGCGGGTCTCACTCAAGTAGAG-1-0,ZRSR2_CALR_mut
TGAGCGGGTGTTTGTAAAGTAGAG-1-0,TP53_CALR_het
TGAGCGGGTTAATTCGAAGTAGAG-1-0,
TGAGCGGGTTAGGCTTAAGTAGAG-1-0,
TGAGCGGGTTAGTAGGAAGTAGAG-1-0,
TGAGCGGGTTGTTTGAAAGTAGAG-1-0,ZRSR2_CALR_mut
TGAGCGGGTTTGTAGCAAGTAGAG-1-0,
TGAGCTTGTACCTAGTAAGTAGAG-1-0,TP53_CALR_het
TGAGCTTGTATTCGACAAGTAGAG-1-0,TP53_CALR_het
TGAGCTTGTCACAGAAAAGTAGAG-1-0,TP53_CALR_het
TGAGCTTGTCACTAGTAAGTAGAG-1-0,
TGAGCTTGTGTTGCTGAAGTAGAG-1-0,
TGAGCTTGTTGTCCAGAAGTAGAG-1-0,TP53_CALR_het
TGAGGCGGTACGAACAAAGTAGAG-1-0,ZRSR2_CALR_mut
TGAGGCGGTACGTTCGAAGTAGAG-1-0,TP53_EZH2_CALR_mut
TGAGGCGGTATTTCGAAAGTAGAG-1-0,TP53_EZH2_CALR_mut
TGAGGCGGTCAAACTCAAGTAGAG-1-0,TP53_CALR_het
TGAGGCGGTGGGAACTAAGTAGAG-1-0,TP53_EZH2_CALR_mut
TGAGGCGGTGTGAGGTAAGTAGAG-1-0,TP53_EZH2_CALR_mut
TGAGGCGGTTAATTCGAAGTAGAG-1-0,
TGAGGCGGTTAGACTCAAGTAGAG-1-0,TP53_CALR_het
TGAGGTAGTATTGCGTAAGTAGAG-1-0,
TGAGGTAGTCGTTGCAAAGTAGAG-1-0,TP53_EZH2_CALR_mut
TGAGGTAGTGATGCAAAAGTAGAG-1-0,
TGAGGTAGTGCGGTTCAAGTAGAG-1-0,TP53_CALR_het
TGAGGTAGTTGACCCAAAGTAGAG-1-0,TP53_CALR_het
TGAGGTAGTTGGTTTAAAGTAGAG-1-0,
TGAGGTCCAGATAGCCAAGTAGAG-1-0,
TGAGGTCCAGATTGCAAAGTAGAG-1-0,TP53_EZH2_CALR_mut
TGAGGTCCAGTTATGGAAGTAGAG-1-0,
TGAGGTCCATACTTGCAAGTAGAG-1-0,
TGAGGTCCATCCCAATAAGTAGAG-1-0,
TGAGGTCCATGGCTTTAAGTAGAG-1-0,ZRSR2_CALR_mut
TGAGGTCCATTCATGCAAGTAGAG-1-0,
TGAGTCGAGAGCAACTAAGTAGAG-1-0,
TGAGTCGAGGTGAGTTAAGTAGAG-1-0,TP53_EZH2_CALR_mut
TGAGTCGAGGTTGTGGAAGTAGAG-1-0,
TGAGTCGAGTAAGCTAAAGTAGAG-1-0,TP53_CALR_het
TGAGTCGAGTATGGGTAAGTAGAG-1-0,
TGAGTCTGTAGCCAAAAAGTAGAG-1-0,
TGAGTCTGTCACACCAAAGTAGAG-1-0,ZRSR2_CALR_mut
TGAGTCTGTCATCAGTAAGTAGAG-1-0,TP53_EZH2_CALR_mut
TGAGTCTGTCCGTGACAAGTAGAG-1-0,TP53_CALR_het
TGAGTCTGTCGAGGCAAAGTAGAG-1-0,
TGAGTCTGTTCCGCAAAAGTAGAG-1-0,
TGAGTGAGTAATGGATAAGTAGAG-1-0,
TGAGTGAGTACCTTAAAAGTAGAG-1-0,
TGAGTGAGTACGAACAAAGTAGAG-1-0,
TGAGTGAGTCATGCATAAGTAGAG-1-0,
TGAGTGAGTGAACGGTAAGTAGAG-1-0,
TGAGTGAGTGCATTACAAGTAGAG-1-0,
TGAGTGAGTTGGGTTTAAGTAGAG-1-0,
TGATCTTAGCAAGACTAAGTAGAG-1-0,TP53_EZH2_CALR_mut
TGATCTTAGTCAATAGAAGTAGAG-1-0,
TGATGGCCAAAGGTAAAAGTAGAG-1-0,TP53_CALR_het
TGATGGCCAGGCTATAAAGTAGAG-1-0,ZRSR2_CALR_mut
TGATGGCCATGTGGGTAAGTAGAG-1-0,
TGATGGCCATTCAACCAAGTAGAG-1-0,TP53_EZH2_CALR_mut
TGATGGCCATTGAGATAAGTAGAG-1-0,TP53_EZH2_CALR_het
TGATTACTCGTTCGTAAAGTAGAG-1-0,ZRSR2_CALR_mut
TGATTCAGTAGCGGATAAGTAGAG-1-0,TP53_EZH2_CALR_mut
TGATTCAGTAGGAGGAAAGTAGAG-1-0,
TGATTCAGTATTTCGAAAGTAGAG-1-0,ZRSR2_CALR_mut
TGATTCAGTCCTTAGGAAGTAGAG-1-0,TP53_CALR_het
TGATTCAGTGCCCTTTAAGTAGAG-1-0,TP53_CALR_het
TGATTCAGTGGTTACTAAGTAGAG-1-0,
TGATTCAGTGTGTTACAAGTAGAG-1-0,TP53_EZH2_CALR_mut
TGATTCAGTTAGTCTAAAGTAGAG-1-0,ZRSR2_CALR_mut
TGATTCAGTTCGATGTAAGTAGAG-1-0,TP53_CALR_het
TGATTCAGTTTCAGGTAAGTAGAG-1-0,
TGATTGCGTAAACCCTAAGTAGAG-1-0,
TGATTGCGTCCGCTAAAAGTAGAG-1-0,TP53_EZH2_CALR_mut
TGATTGCGTGCGTACCAAGTAGAG-1-0,
TGATTGCGTTCATTAGAAGTAGAG-1-0,
TGATTGCGTTGTTGGTAAGTAGAG-1-0,TP53_EZH2_CALR_mut
TGATTGTTCACGTTCAAAGTAGAG-1-0,
TGATTGTTCCCAGTACAAGTAGAG-1-0,
TGATTGTTCCCTCTCAAAGTAGAG-1-0,
TGATTGTTCGATTGGGAAGTAGAG-1-0,
TGATTGTTCGCCTCGAAAGTAGAG-1-0,
TGATTGTTCTGCAACCAAGTAGAG-1-0,
TGATTTGGTAACTACCAAGTAGAG-1-0,
TGATTTGGTAACTTGCAAGTAGAG-1-0,
TGATTTGGTACGATTCAAGTAGAG-1-0,
TGATTTGGTATTCAGCAAGTAGAG-1-0,TP53_EZH2_CALR_mut
TGATTTGGTGACATTCAAGTAGAG-1-0,TP53_EZH2_CALR_mut
TGATTTGGTGCGGCAAAAGTAGAG-1-0,TP53_CALR_het
TGATTTGGTGCTTCTCAAGTAGAG-1-0,TP53_CALR_het
TGATTTGGTTCATTGAAAGTAGAG-1-0,TP53_EZH2_CALR_mut
TGATTTGGTTTAGTTGAAGTAGAG-1-0,TP53_CALR_het
TGCAAATCAAATGACTAAGTAGAG-1-0,TP53_EZH2_CALR_mut
TGCAAATCAATAGAAGAAGTAGAG-1-0,TP53_CALR_het
TGCAAATCACAGGCTGAAGTAGAG-1-0,TP53_EZH2_CALR_mut
TGCAAATCAGCTAAGCAAGTAGAG-1-0,
TGCAAATCAGGCTTAAAAGTAGAG-1-0,TP53_CALR_het
TGCAAATCAGGTCAACAAGTAGAG-1-0,
TGCAAATCATGCGGATAAGTAGAG-1-0,
TGCAAGCCAAACACGCAAGTAGAG-1-0,
TGCAAGCCAAACCCAAAAGTAGAG-1-0,ZRSR2_CALR_mut
TGCAAGCCAAACTGGCAAGTAGAG-1-0,TP53_CALR_het
TGCAAGCCAAGAAATGAAGTAGAG-1-0,
TGCAAGCCAATTGCGAAAGTAGAG-1-0,TP53_CALR_het
TGCAAGCCACTAAGGCAAGTAGAG-1-0,ZRSR2_CALR_mut
TGCAAGCCAGAAAGGTAAGTAGAG-1-0,TP53_EZH2_CALR_mut
TGCAAGCCAGCCAGCAAAGTAGAG-1-0,
TGCAAGCCAGGCAACTAAGTAGAG-1-0,
TGCAAGCCATAGCGACAAGTAGAG-1-0,TP53_EZH2_CALR_mut
TGCAATAAGAACCTAAAAGTAGAG-1-0,
TGCAATAAGCAAATCAAAGTAGAG-1-0,TP53_CALR_het
TGCAATAAGCATCCCGAAGTAGAG-1-0,ZRSR2_CALR_mut
TGCAATAAGCCTGCCAAAGTAGAG-1-0,
TGCAATAAGGCCAACAAAGTAGAG-1-0,TP53_CALR_het
TGCAATAAGGCGATATAAGTAGAG-1-0,TP53_CALR_het
TGCAATAAGGTATGGTAAGTAGAG-1-0,
TGCAATAAGGTATTTCAAGTAGAG-1-0,
TGCAATAAGTCACTATAAGTAGAG-1-0,ZRSR2_CALR_mut
TGCAATAAGTGAATCAAAGTAGAG-1-0,ZRSR2_CALR_mut
TGCAATAAGTGTGCAGAAGTAGAG-1-0,
TGCACACTCAGGGATTAAGTAGAG-1-0,TP53_CALR_het
TGCACACTCCGGCTCAAAGTAGAG-1-0,TP53_CALR_het
TGCACACTCCTCACTTAAGTAGAG-1-0,TP53_CALR_het
TGCACACTCGCAACGAAAGTAGAG-1-0,
TGCACACTCGTTCGTAAAGTAGAG-1-0,
TGCACACTCTGGTCTAAAGTAGAG-1-0,
TGCACGTTCACCATATAAGTAGAG-1-0,TP53_CALR_het
TGCACGTTCCGGATAGAAGTAGAG-1-0,TP53_CALR_het
TGCACGTTCGATTATCAAGTAGAG-1-0,TP53_EZH2_CALR_mut
TGCACGTTCGCGAGTAAAGTAGAG-1-0,
TGCAGCAAGACAAAGGAAGTAGAG-1-0,
TGCAGCAAGCTCAACCAAGTAGAG-1-0,TP53_CALR_het
TGCAGCAAGCTCGATCAAGTAGAG-1-0,TP53_CALR_het
TGCAGCAAGGAGCCGTAAGTAGAG-1-0,
TGCAGCAAGGAGGATAAAGTAGAG-1-0,
TGCAGCAAGGAGGCCTAAGTAGAG-1-0,
TGCAGCAAGGCAATCGAAGTAGAG-1-0,TP53_EZH2_CALR_mut
TGCAGCAAGGTTACTTAAGTAGAG-1-0,TP53_EZH2_CALR_mut
TGCAGCAAGGTTATCTAAGTAGAG-1-0,
TGCAGGATCATAACCTAAGTAGAG-1-0,ZRSR2_CALR_mut
TGCAGGATCCTGTTCTAAGTAGAG-1-0,
TGCAGGATCGATTATCAAGTAGAG-1-0,
TGCAGGATCGGTAAGTAAGTAGAG-1-0,
TGCAGGATCTCACAATAAGTAGAG-1-0,TP53_EZH2_CALR_mut
TGCAGGATCTTCGCCCAAGTAGAG-1-0,
TGCAGGTCAACAGGGAAAGTAGAG-1-0,
TGCAGGTCAAGAAATGAAGTAGAG-1-0,
TGCAGGTCAAGAACAAAAGTAGAG-1-0,
TGCAGGTCAAGTGGCTAAGTAGAG-1-0,TP53_EZH2_CALR_mut
TGCAGGTCACTCCCTTAAGTAGAG-1-0,TP53_EZH2_CALR_mut
TGCAGGTCACTTTACAAAGTAGAG-1-0,
TGCAGGTCAGCAAGCTAAGTAGAG-1-0,
TGCAGGTCAGTAAGTTAAGTAGAG-1-0,TP53_EZH2_CALR_mut
TGCAGGTCATCCGCTAAAGTAGAG-1-0,
TGCAGGTCATGGCTTTAAGTAGAG-1-0,
TGCAGGTCATTGTGAGAAGTAGAG-1-0,
TGCATCCAGCAAAGCTAAGTAGAG-1-0,TP53_CALR_het
TGCATCCAGCTACGTCAAGTAGAG-1-0,TP53_CALR_het
TGCATCCAGGGCCTTTAAGTAGAG-1-0,
TGCATCCAGTCTAACTAAGTAGAG-1-0,
TGCATCCAGTTGCGCTAAGTAGAG-1-0,TP53_CALR_het
TGCATGACAAGCGAAGAAGTAGAG-1-0,
TGCATGACACCAGCTCAAGTAGAG-1-0,ZRSR2_CALR_mut
TGCATGACATTGACTCAAGTAGAG-1-0,TP53_EZH2_CALR_mut
TGCATTAGTAAGGCTAAAGTAGAG-1-0,
TGCATTAGTAGCTTTAAAGTAGAG-1-0,
TGCATTAGTATTCAGCAAGTAGAG-1-0,
TGCATTAGTCAAACTCAAGTAGAG-1-0,
TGCATTAGTCATGATCAAGTAGAG-1-0,TP53_CALR_het
TGCATTAGTGTTGCTGAAGTAGAG-1-0,
TGCCCATAGAGAGCAAAAGTAGAG-1-0,
TGCCCATAGATTGCAAAAGTAGAG-1-0,TP53_CALR_het
TGCCCATAGCCTAAGGAAGTAGAG-1-0,TP53_EZH2_CALR_mut
TGCCCATAGGACTTAAAAGTAGAG-1-0,TP53_EZH2_CALR_mut
TGCCCATAGTGATCAAAAGTAGAG-1-0,TP53_CALR_het
TGCCCTGAGACAACTAAAGTAGAG-1-0,
TGCCCTGAGCAACATAAAGTAGAG-1-0,TP53_CALR_het
TGCCCTGAGCACGTTCAAGTAGAG-1-0,TP53_EZH2_CALR_mut
TGCCCTGAGCCAAACGAAGTAGAG-1-0,
TGCCCTGAGCTCAAGGAAGTAGAG-1-0,TP53_EZH2_CALR_mut
TGCCCTGAGGTAATTGAAGTAGAG-1-0,TP53_CALR_het
TGCCCTGAGGTATAGCAAGTAGAG-1-0,TP53_EZH2_CALR_mut
TGCCCTGAGGTGAGTTAAGTAGAG-1-0,
TGCCCTGAGGTTGCAGAAGTAGAG-1-0,TP53_CALR_het
TGCCCTGAGTATGGGTAAGTAGAG-1-0,
TGCCCTGAGTTGCGGAAAGTAGAG-1-0,TP53_EZH2_CALR_mut
TGCCGGTGTGAAGCACAAGTAGAG-1-0,TP53_EZH2_CALR_mut
TGCCGGTGTTTCCTGCAAGTAGAG-1-0,TP53_CALR_het
TGCCGGTGTTTCGCCTAAGTAGAG-1-0,
TGCCTCCTCAAAGGCTAAGTAGAG-1-0,
TGCCTCCTCACATTCGAAGTAGAG-1-0,TP53_CALR_het
TGCCTCCTCATCAGCCAAGTAGAG-1-0,
TGCCTCCTCCAATAGAAAGTAGAG-1-0,ZRSR2_CALR_mut
TGCCTCCTCCAGAACGAAGTAGAG-1-0,
TGCCTCCTCGAAACTAAAGTAGAG-1-0,ZRSR2_CALR_mut
TGCCTCCTCGAAGGCCAAGTAGAG-1-0,
TGCCTCCTCTGGGAATAAGTAGAG-1-0,
TGCCTTAAGAGGATGAAAGTAGAG-1-0,TP53_CALR_het
TGCCTTAAGCCACTCGAAGTAGAG-1-0,TP53_CALR_het
TGCCTTAAGCTCGATCAAGTAGAG-1-0,TP53_EZH2_CALR_mut
TGCCTTAAGGCGAGAGAAGTAGAG-1-0,
TGCCTTAAGGTTAGGTAAGTAGAG-1-0,
TGCCTTAAGGTTGCTCAAGTAGAG-1-0,
TGCCTTAAGGTTGTAAAAGTAGAG-1-0,TP53_EZH2_CALR_mut
TGCCTTAAGTGCCCTGAAGTAGAG-1-0,ZRSR2_CALR_mut
TGCGATACACTGACAAAAGTAGAG-1-0,
TGCGATACAGATTGCAAAGTAGAG-1-0,
TGCGATACATAAGCTGAAGTAGAG-1-0,TP53_EZH2_CALR_mut
TGCGATACATCCCTCTAAGTAGAG-1-0,
TGCGCAGCAACAAAGAAAGTAGAG-1-0,TP53_CALR_het
TGCGCAGCAATTGAGTAAGTAGAG-1-0,TP53_CALR_het
TGCGCAGCACACTAAGAAGTAGAG-1-0,TP53_EZH2_CALR_mut
TGCGCAGCACGCCACTAAGTAGAG-1-0,TP53_EZH2_CALR_mut
TGCGCAGCACTCCCTTAAGTAGAG-1-0,
TGCGCAGCACTGACAAAAGTAGAG-1-0,
TGCGCAGCACTTAACCAAGTAGAG-1-0,
TGCGCAGCAGCCTTCAAAGTAGAG-1-0,
TGCGCAGCATAACCAGAAGTAGAG-1-0,ZRSR2_CALR_mut
TGCGCAGCATCCGGAGAAGTAGAG-1-0,TP53_CALR_het
TGCGCAGCATTGCGCCAAGTAGAG-1-0,
TGCGCATTCAAGTTAGAAGTAGAG-1-0,TP53_EZH2_CALR_mut
TGCGCATTCACAATGAAAGTAGAG-1-0,TP53_CALR_het
TGCGCATTCATCAGCCAAGTAGAG-1-0,TP53_CALR_het
TGCGCATTCATTTGCGAAGTAGAG-1-0,
TGCGCATTCCACTAATAAGTAGAG-1-0,TP53_CALR_het
TGCGCATTCCATCCTTAAGTAGAG-1-0,TP53_EZH2_CALR_mut
TGCGCATTCCCTCATTAAGTAGAG-1-0,
TGCGCATTCCTTAGGCAAGTAGAG-1-0,
TGCGCATTCGTCCATAAAGTAGAG-1-0,
TGCGCCATCACAACAAAAGTAGAG-1-0,TP53_CALR_het
TGCGCCATCAGCCTTAAAGTAGAG-1-0,
TGCGCCATCAGTTAGAAAGTAGAG-1-0,
TGCGCCATCTCACAATAAGTAGAG-1-0,TP53_CALR_het
TGCGCCATCTCAGCACAAGTAGAG-1-0,TP53_CALR_het
TGCGCCTCAAATAACCAAGTAGAG-1-0,
TGCGCCTCAGTTATGGAAGTAGAG-1-0,TP53_CALR_het
TGCGCCTCATTACTCAAAGTAGAG-1-0,
TGCGCTAGTAAATAGCAAGTAGAG-1-0,
TGCGCTAGTAATGTCCAAGTAGAG-1-0,ZRSR2_CALR_mut
TGCGCTAGTACACCCAAAGTAGAG-1-0,TP53_CALR_het
TGCGCTAGTACCGCACAAGTAGAG-1-0,
TGCGCTAGTATTCGTAAAGTAGAG-1-0,TP53_EZH2_CALR_mut
TGCGCTAGTATTGGGAAAGTAGAG-1-0,
TGCGCTAGTCTAACCGAAGTAGAG-1-0,
TGCGCTAGTTTGCTCCAAGTAGAG-1-0,
TGCGCTTAGATAACTGAAGTAGAG-1-0,
TGCGCTTAGATTCGTTAAGTAGAG-1-0,TP53_EZH2_CALR_mut
TGCGCTTAGCTGGACAAAGTAGAG-1-0,TP53_CALR_het
TGCGCTTAGGCGATATAAGTAGAG-1-0,
TGCGCTTAGGCGCAGTAAGTAGAG-1-0,
TGCGCTTAGGCGCATAAAGTAGAG-1-0,
TGCGCTTAGTGAATCAAAGTAGAG-1-0,
TGCGCTTAGTTGCGGAAAGTAGAG-1-0,
TGCGCTTAGTTGGATAAAGTAGAG-1-0,TP53_CALR_het
TGCGCTTAGTTTGCATAAGTAGAG-1-0,TP53_EZH2_CALR_mut
TGCGGAATCACAACAAAAGTAGAG-1-0,TP53_CALR_het
TGCGGAATCAGCATGGAAGTAGAG-1-0,ZRSR2_CALR_mut
TGCGGAATCCAACTATAAGTAGAG-1-0,
TGCGGAATCCCTCGCTAAGTAGAG-1-0,
TGCGGAATCGAGAGAAAAGTAGAG-1-0,
TGCGGAATCTATTCGGAAGTAGAG-1-0,TP53_CALR_het
TGCGGCTGTAAGCTAGAAGTAGAG-1-0,TP53_EZH2_CALR_mut
TGCGGCTGTACGGGCAAAGTAGAG-1-0,
TGCGGCTGTACTAACCAAGTAGAG-1-0,TP53_EZH2_CALR_mut
TGCGGCTGTCCAGCTAAAGTAGAG-1-0,TP53_CALR_het
TGCGGCTGTGTTAGAGAAGTAGAG-1-0,ZRSR2_CALR_mut
TGCGGCTGTTCCGGGTAAGTAGAG-1-0,
TGCGGCTGTTGCTGTGAAGTAGAG-1-0,TP53_EZH2_CALR_mut
TGCGGCTGTTGTTCCCAAGTAGAG-1-0,TP53_EZH2_CALR_mut
TGCGGCTGTTGTTTGAAAGTAGAG-1-0,TP53_EZH2_CALR_mut
TGCGGTTTCAGCCCTGAAGTAGAG-1-0,TP53_EZH2_CALR_mut
TGCGGTTTCATCACATAAGTAGAG-1-0,
TGCGGTTTCCGCCTCTAAGTAGAG-1-0,TP53_EZH2_CALR_mut
TGCGGTTTCGAAGCATAAGTAGAG-1-0,
TGCGGTTTCGAGGTTGAAGTAGAG-1-0,
TGCGGTTTCGATATGAAAGTAGAG-1-0,TP53_CALR_het
TGCGGTTTCGTCCATAAAGTAGAG-1-0,TP53_CALR_het
TGCGGTTTCTATCACGAAGTAGAG-1-0,TP53_EZH2_CALR_mut
TGCGGTTTCTCAAACTAAGTAGAG-1-0,TP53_CALR_het
TGCGGTTTCTCTCGCCAAGTAGAG-1-0,TP53_EZH2_CALR_mut
TGCGGTTTCTTGAAAGAAGTAGAG-1-0,
TGCTAACGTATAGCGAAAGTAGAG-1-0,
TGCTAACGTATTCGACAAGTAGAG-1-0,
TGCTAACGTCAAGCTTAAGTAGAG-1-0,ZRSR2_CALR_mut
TGCTAACGTCGTAAAGAAGTAGAG-1-0,
TGCTAACGTGCACAAAAAGTAGAG-1-0,TP53_EZH2_CALR_mut
TGCTAACGTGCTCATGAAGTAGAG-1-0,
TGCTAACGTGTTTCGGAAGTAGAG-1-0,
TGCTAACGTTCGGTCAAAGTAGAG-1-0,
TGCTAACGTTGCGCTAAAGTAGAG-1-0,TP53_EZH2_CALR_mut
TGCTATTAGACTGAGTAAGTAGAG-1-0,TP53_EZH2_CALR_mut
TGCTATTAGATTGCAAAAGTAGAG-1-0,TP53_CALR_het
TGCTATTAGCGAAGCCAAGTAGAG-1-0,TP53_EZH2_CALR_mut
TGCTATTAGCTCCCTCAAGTAGAG-1-0,TP53_EZH2_CALR_mut
TGCTATTAGCTTAGTTAAGTAGAG-1-0,
TGCTATTAGGGCAGTCAAGTAGAG-1-0,TP53_CALR_het
TGCTATTAGGGTTACGAAGTAGAG-1-0,
TGCTATTAGTCCTGCGAAGTAGAG-1-0,
TGCTCCACAAATAAGGAAGTAGAG-1-0,ZRSR2_CALR_mut
TGCTCCACAATTAGCGAAGTAGAG-1-0,TP53_EZH2_CALR_mut
TGCTCCACACGGTTCCAAGTAGAG-1-0,TP53_EZH2_CALR_mut
TGCTCCACAGCGATCGAAGTAGAG-1-0,
TGCTCCACATGTTTCAAAGTAGAG-1-0,
TGCTGGTTCACAGCCTAAGTAGAG-1-0,
TGCTGGTTCTGCAACCAAGTAGAG-1-0,
TGCTTAAGTAATGCGAAAGTAGAG-1-0,
TGCTTAAGTACTAACCAAGTAGAG-1-0,
TGCTTAAGTACTTCAAAAGTAGAG-1-0,
TGCTTAAGTAGTTGTCAAGTAGAG-1-0,ZRSR2_CALR_mut
TGCTTAAGTCGAAGCGAAGTAGAG-1-0,TP53_CALR_het
TGCTTAAGTCTCAGCAAAGTAGAG-1-0,
TGCTTAAGTCTTTATCAAGTAGAG-1-0,TP53_EZH2_CALR_mut
TGCTTAAGTTCAAGGAAAGTAGAG-1-0,
TGCTTAAGTTGTTTGAAAGTAGAG-1-0,
TGCTTGATCAATCGCCAAGTAGAG-1-0,ZRSR2_CALR_mut
TGCTTGATCATTTGCGAAGTAGAG-1-0,TP53_EZH2_CALR_mut
TGCTTGATCCAACATTAAGTAGAG-1-0,TP53_EZH2_CALR_mut
TGCTTGATCCAACTTGAAGTAGAG-1-0,
TGCTTGATCCCGTTGGAAGTAGAG-1-0,TP53_EZH2_CALR_mut
TGCTTGATCCGTCAACAAGTAGAG-1-0,TP53_CALR_het
TGCTTGATCCTTTCGTAAGTAGAG-1-0,
TGCTTGATCGCGAGTAAAGTAGAG-1-0,ZRSR2_CALR_mut
TGCTTGATCGCTCAGTAAGTAGAG-1-0,
TGCTTGATCGCTTCAAAAGTAGAG-1-0,
TGCTTGATCGTAAAGCAAGTAGAG-1-0,
TGCTTGATCTGGCCATAAGTAGAG-1-0,
TGGAAACTCAGCACAGAAGTAGAG-1-0,
TGGAAACTCAGGAGCCAAGTAGAG-1-0,
TGGAAACTCAGTCTATAAGTAGAG-1-0,
TGGAAACTCATGGAACAAGTAGAG-1-0,
TGGAAACTCATGGTCCAAGTAGAG-1-0,TP53_CALR_het
TGGAAACTCCAAATAGAAGTAGAG-1-0,TP53_EZH2_CALR_mut
TGGAAACTCCAATACTAAGTAGAG-1-0,
TGGAAACTCCTGGATCAAGTAGAG-1-0,TP53_EZH2_CALR_mut
TGGAAACTCGCTTCGGAAGTAGAG-1-0,
TGGAAACTCGGTAACGAAGTAGAG-1-0,
TGGACAAGTACTTATGAAGTAGAG-1-0,TP53_CALR_het
TGGACAAGTATTCGGTAAGTAGAG-1-0,
TGGACAAGTATTTGTGAAGTAGAG-1-0,
TGGACAAGTCACAGGGAAGTAGAG-1-0,
TGGACAAGTCGTTGCAAAGTAGAG-1-0,
TGGACAAGTGATTAGGAAGTAGAG-1-0,TP53_CALR_het
TGGACAAGTGCTTCGAAAGTAGAG-1-0,
TGGACAAGTTTCTAAGAAGTAGAG-1-0,
TGGACCAAGAATGGCTAAGTAGAG-1-0,
TGGACCAAGATGATTGAAGTAGAG-1-0,TP53_EZH2_CALR_mut
TGGACCAAGCCACTCGAAGTAGAG-1-0,TP53_EZH2_CALR_mut
TGGACCAAGGATCCAGAAGTAGAG-1-0,
TGGACCAAGGTTAGACAAGTAGAG-1-0,TP53_CALR_het
TGGACCAAGTCATAAGAAGTAGAG-1-0,
TGGACCAAGTCATCATAAGTAGAG-1-0,TP53_CALR_het
TGGACCAAGTGTTTGTAAGTAGAG-1-0,ZRSR2_CALR_mut
TGGATCGAGACTAATGAAGTAGAG-1-0,TP53_EZH2_CALR_mut
TGGATCGAGCATTTCGAAGTAGAG-1-0,
TGGATCGAGGATGAAGAAGTAGAG-1-0,TP53_EZH2_CALR_mut
TGGATCGAGGTTACTTAAGTAGAG-1-0,ZRSR2_CALR_mut
TGGATCGAGTCAACTTAAGTAGAG-1-0,
TGGATCGAGTTGACCCAAGTAGAG-1-0,TP53_CALR_het
TGGATTAAGAACCTCCAAGTAGAG-1-0,
TGGATTAAGACAAAGGAAGTAGAG-1-0,TP53_CALR_het
TGGATTAAGCACGTTCAAGTAGAG-1-0,TP53_EZH2_CALR_mut
TGGATTAAGCAGCTAGAAGTAGAG-1-0,
TGGATTAAGCGATGGCAAGTAGAG-1-0,TP53_CALR_het
TGGATTAAGCGCTTACAAGTAGAG-1-0,TP53_CALR_het
TGGATTAAGGCTGTGAAAGTAGAG-1-0,TP53_CALR_het
TGGATTAAGGTCTTTGAAGTAGAG-1-0,
TGGATTAAGGTGCACAAAGTAGAG-1-0,
TGGATTAAGGTTGCAGAAGTAGAG-1-0,TP53_CALR_het
TGGATTAAGTCGAAACAAGTAGAG-1-0,
TGGATTAAGTGTTTCGAAGTAGAG-1-0,
TGGATTCGTACTTACAAAGTAGAG-1-0,TP53_CALR_het
TGGATTCGTGAACGTAAAGTAGAG-1-0,
TGGATTCGTGACATGAAAGTAGAG-1-0,TP53_CALR_het
TGGATTCGTGCTCATGAAGTAGAG-1-0,TP53_CALR_het
TGGATTCGTGGTGCAGAAGTAGAG-1-0,
TGGATTCGTTCGATGTAAGTAGAG-1-0,
TGGATTCGTTGCTCCTAAGTAGAG-1-0,
TGGCAATAGACTAACAAAGTAGAG-1-0,TP53_CALR_het
TGGCAATAGCATCTTGAAGTAGAG-1-0,
TGGCAATAGCCAGAGCAAGTAGAG-1-0,TP53_EZH2_CALR_mut
TGGCAATAGCCATTTGAAGTAGAG-1-0,ZRSR2_CALR_mut
TGGCAATAGCCCTGATAAGTAGAG-1-0,TP53_CALR_het
TGGCAATAGCCTCTAAAAGTAGAG-1-0,TP53_EZH2_CALR_mut
TGGCAATAGCTTAGTTAAGTAGAG-1-0,TP53_CALR_het
TGGCAATAGGCCTCTGAAGTAGAG-1-0,
TGGCAATAGGGCCTTTAAGTAGAG-1-0,
TGGCAATAGGTAAGTCAAGTAGAG-1-0,ZRSR2_CALR_mut
TGGCAATAGGTATGGTAAGTAGAG-1-0,
TGGCAATAGTAAGCACAAGTAGAG-1-0,
TGGCAATAGTTGCGCTAAGTAGAG-1-0,
TGGCATGAGAACCTAAAAGTAGAG-1-0,
TGGCATGAGACCATGGAAGTAGAG-1-0,TP53_EZH2_CALR_mut
TGGCATGAGCCAAACGAAGTAGAG-1-0,TP53_CALR_het
TGGCATGAGGAACCATAAGTAGAG-1-0,
TGGCATGAGGATGGTTAAGTAGAG-1-0,TP53_CALR_het
TGGCATGAGTAAAGGGAAGTAGAG-1-0,TP53_EZH2_CALR_mut
TGGCATGAGTGTGCAGAAGTAGAG-1-0,
TGGCCAGCAAAGTGCCAAGTAGAG-1-0,
TGGCCAGCAACAGCTAAAGTAGAG-1-0,
TGGCCAGCACATAGTGAAGTAGAG-1-0,
TGGCCAGCACATTGAGAAGTAGAG-1-0,
TGGCCAGCATAACCGAAAGTAGAG-1-0,TP53_EZH2_CALR_mut
TGGCCAGCATAGCCGGAAGTAGAG-1-0,TP53_EZH2_CALR_mut
TGGCCAGCATCAGGTAAAGTAGAG-1-0,TP53_EZH2_CALR_mut
TGGCCAGCATGGGTTAAAGTAGAG-1-0,
TGGCCAGCATTGGACAAAGTAGAG-1-0,
TGGCCAGCATTGTGTCAAGTAGAG-1-0,TP53_CALR_het
TGGCCTTAGAGGCGGAAAGTAGAG-1-0,
TGGCCTTAGATGGATCAAGTAGAG-1-0,TP53_EZH2_CALR_mut
TGGCCTTAGCCTATATAAGTAGAG-1-0,TP53_CALR_het
TGGCCTTAGGAAACCTAAGTAGAG-1-0,TP53_EZH2_CALR_mut
TGGCCTTAGGCTTTATAAGTAGAG-1-0,
TGGCCTTAGGGCCTTTAAGTAGAG-1-0,ZRSR2_CALR_mut
TGGCCTTAGTTTGGTTAAGTAGAG-1-0,
TGGCGGTAGACCATGGAAGTAGAG-1-0,ZRSR2_CALR_mut
TGGCGGTAGACTATTCAAGTAGAG-1-0,TP53_EZH2_CALR_mut
TGGCGGTAGAGGCGTCAAGTAGAG-1-0,TP53_CALR_het
TGGCGGTAGCACTACCAAGTAGAG-1-0,TP53_CALR_het
TGGCGGTAGCAGCTAGAAGTAGAG-1-0,TP53_CALR_het
TGGCGGTAGCCATTTGAAGTAGAG-1-0,TP53_CALR_het
TGGCGGTAGCGTGCTTAAGTAGAG-1-0,
TGGCGTGCAAACGGTCAAGTAGAG-1-0,
TGGCGTGCAACCGTAAAAGTAGAG-1-0,TP53_EZH2_CALR_mut
TGGCTACTCAACCAAAAAGTAGAG-1-0,
TGGCTACTCACCTGTAAAGTAGAG-1-0,
TGGCTACTCCAATGAAAAGTAGAG-1-0,TP53_EZH2_CALR_mut
TGGCTACTCCTTGTTCAAGTAGAG-1-0,
TGGGACATCAGGTAACAAGTAGAG-1-0,
TGGGACATCATCCCAAAAGTAGAG-1-0,
TGGGACATCATGATGAAAGTAGAG-1-0,ZRSR2_CALR_mut
TGGGACATCATGGATAAAGTAGAG-1-0,
TGGGACATCCAGAACGAAGTAGAG-1-0,TP53_CALR_het
TGGGACATCCCGCTGAAAGTAGAG-1-0,
TGGGACATCCGTCCAGAAGTAGAG-1-0,TP53_EZH2_CALR_mut
TGGGACATCCTTAGGCAAGTAGAG-1-0,TP53_CALR_het
TGGGACATCGCTTCAAAAGTAGAG-1-0,
TGGGACATCTATTGACAAGTAGAG-1-0,
TGGGACATCTGTGATTAAGTAGAG-1-0,TP53_EZH2_CALR_mut
TGGGACATCTTAAGGAAAGTAGAG-1-0,
TGGGCCACAAGCTTTCAAGTAGAG-1-0,TP53_EZH2_CALR_mut
TGGGCCACATCACGAAAAGTAGAG-1-0,TP53_CALR_het
TGGGCGTAGAGAGCAAAAGTAGAG-1-0,
TGGGCGTAGAGGCGGAAAGTAGAG-1-0,
TGGGCGTAGCTTAGTTAAGTAGAG-1-0,
TGGGCGTAGGCTTTATAAGTAGAG-1-0,TP53_CALR_het
TGGGCGTAGGTCAATAAAGTAGAG-1-0,
TGGGCGTAGTTGGATAAAGTAGAG-1-0,
TGGGTCCGTCCTGCAAAAGTAGAG-1-0,
TGGGTCCGTCGCAATTAAGTAGAG-1-0,
TGGGTCCGTTCAAGCTAAGTAGAG-1-0,
TGGGTCCGTTTAACCAAAGTAGAG-1-0,TP53_CALR_het
TGGGTTTGTAACGTGAAAGTAGAG-1-0,TP53_EZH2_CALR_mut
TGGGTTTGTATGGGACAAGTAGAG-1-0,
TGGGTTTGTCATGAAGAAGTAGAG-1-0,
TGGGTTTGTGCACTATAAGTAGAG-1-0,
TGGGTTTGTGCGGTTCAAGTAGAG-1-0,
TGGGTTTGTGGACCCTAAGTAGAG-1-0,
TGGGTTTGTGTTTCGGAAGTAGAG-1-0,
TGGGTTTGTTAAGGATAAGTAGAG-1-0,
TGGGTTTGTTCCAGCAAAGTAGAG-1-0,
TGGTAAGGTAACTAGGAAGTAGAG-1-0,
TGGTAAGGTCCTGAGCAAGTAGAG-1-0,
TGGTAAGGTGTGGCTCAAGTAGAG-1-0,
TGGTAAGGTGTTTGTAAAGTAGAG-1-0,TP53_EZH2_CALR_mut
TGGTAAGGTTAAGTCCAAGTAGAG-1-0,TP53_EZH2_CALR_mut
TGGTAATCAAAGGGATAAGTAGAG-1-0,
TGGTAATCAATTGAACAAGTAGAG-1-0,
TGGTAATCACTCCCTTAAGTAGAG-1-0,
TGGTAATCACTTTATGAAGTAGAG-1-0,
TGGTAATCAGGCGAAAAAGTAGAG-1-0,
TGGTAATCATTGCCGCAAGTAGAG-1-0,TP53_EZH2_CALR_mut
TGGTAATCATTTGGAGAAGTAGAG-1-0,TP53_EZH2_CALR_mut
TGGTAGTAGAGCAACTAAGTAGAG-1-0,
TGGTAGTAGCGAATGTAAGTAGAG-1-0,
TGGTAGTAGGTAGTTAAAGTAGAG-1-0,TP53_CALR_het
TGGTAGTAGGTGTCCTAAGTAGAG-1-0,TP53_CALR_het
TGGTAGTAGGTTGCTCAAGTAGAG-1-0,
TGGTAGTAGTAACGGTAAGTAGAG-1-0,
TGGTCAACAAGTGGCTAAGTAGAG-1-0,TP53_CALR_het
TGGTCAACAAGTTGCAAAGTAGAG-1-0,ZRSR2_CALR_mut
TGGTCAACAAGTTTCCAAGTAGAG-1-0,TP53_CALR_het
TGGTCAACAATAGCTGAAGTAGAG-1-0,TP53_EZH2_CALR_mut
TGGTCAACAATATGCGAAGTAGAG-1-0,TP53_EZH2_CALR_mut
TGGTCAACAATTGAACAAGTAGAG-1-0,
TGGTCAACACCTTCAGAAGTAGAG-1-0,TP53_CALR_het
TGGTCAACACTCCCAAAAGTAGAG-1-0,
TGGTCAACAGCTTTCGAAGTAGAG-1-0,TP53_EZH2_CALR_mut
TGGTCAACATACCTTAAAGTAGAG-1-0,TP53_EZH2_CALR_mut
TGGTCAACATCGTTCGAAGTAGAG-1-0,
TGGTCTATCAAACCGGAAGTAGAG-1-0,TP53_CALR_het
TGGTCTATCAGGGCACAAGTAGAG-1-0,
TGGTCTATCATGCCTAAAGTAGAG-1-0,
TGGTCTATCCAGCTTAAAGTAGAG-1-0,
TGGTCTATCGTTCGTAAAGTAGAG-1-0,
TGGTGAAGTAAGGTTGAAGTAGAG-1-0,
TGGTGAAGTTTGGCCAAAGTAGAG-1-0,TP53_CALR_het
TGGTGAGTCATTGCATAAGTAGAG-1-0,TP53_CALR_het
TGGTGAGTCCAACATTAAGTAGAG-1-0,
TGGTGAGTCCTGAGGAAAGTAGAG-1-0,
TGGTGAGTCGTGATTTAAGTAGAG-1-0,ZRSR2_CALR_mut
TGGTGAGTCTATCTGGAAGTAGAG-1-0,TP53_CALR_het
TGGTGCGCAAATAGGAAAGTAGAG-1-0,
TGGTGCGCAAGTTGCAAAGTAGAG-1-0,
TGGTGCGCAAGTTTCCAAGTAGAG-1-0,ZRSR2_CALR_mut
TGGTGCGCAATGGATTAAGTAGAG-1-0,TP53_CALR_het
TGGTGCGCACCTTTGGAAGTAGAG-1-0,
TGGTGCGCAGTAAGTTAAGTAGAG-1-0,TP53_CALR_het
TGGTGCGCATAAGTCGAAGTAGAG-1-0,
TGGTGCTTCAGGCCTTAAGTAGAG-1-0,TP53_CALR_het
TGGTGCTTCATCCCAAAAGTAGAG-1-0,TP53_CALR_het
TGGTGCTTCCTTGAGCAAGTAGAG-1-0,
TGGTGCTTCGATTAAGAAGTAGAG-1-0,TP53_EZH2_CALR_mut
TGGTGCTTCGGGCAACAAGTAGAG-1-0,TP53_EZH2_CALR_mut
TGGTGCTTCGTTATGTAAGTAGAG-1-0,
TGGTGCTTCTGGCCCAAAGTAGAG-1-0,TP53_EZH2_CALR_mut
TGGTGTGAGAGGCGGAAAGTAGAG-1-0,TP53_CALR_het
TGGTGTGAGCATGTGGAAGTAGAG-1-0,
TGGTGTGAGCCTGGTTAAGTAGAG-1-0,
TGGTGTGAGGTAATTGAAGTAGAG-1-0,TP53_CALR_het
TGGTGTGAGGTCACAGAAGTAGAG-1-0,TP53_CALR_het
TGGTGTGAGGTGAGCCAAGTAGAG-1-0,
TGGTGTGAGGTTGTAAAAGTAGAG-1-0,
TGGTGTGAGTCATCATAAGTAGAG-1-0,TP53_EZH2_CALR_mut
TGGTGTGAGTGTGCAGAAGTAGAG-1-0,TP53_EZH2_CALR_mut
TGGTGTGAGTTGACCCAAGTAGAG-1-0,
TGGTTAAAGACAGACTAAGTAGAG-1-0,TP53_CALR_het
TGGTTAAAGACTAACAAAGTAGAG-1-0,
TGGTTAAAGATGATTGAAGTAGAG-1-0,TP53_CALR_het
TGGTTAAAGCGAGGGAAAGTAGAG-1-0,
TGGTTAAAGCTCAACCAAGTAGAG-1-0,TP53_EZH2_CALR_mut
TGGTTAAAGGAAACTCAAGTAGAG-1-0,
TGGTTAAAGGAACTTAAAGTAGAG-1-0,
TGGTTAAAGTGATCAAAAGTAGAG-1-0,TP53_EZH2_CALR_mut
TGGTTAAAGTTGCAGGAAGTAGAG-1-0,TP53_CALR_het
TGGTTACGTAATAGGTAAGTAGAG-1-0,
TGGTTACGTACTTCCCAAGTAGAG-1-0,TP53_EZH2_CALR_mut
TGGTTACGTAGGTGACAAGTAGAG-1-0,TP53_CALR_het
TGGTTACGTCACTATAAAGTAGAG-1-0,TP53_EZH2_CALR_mut
TGGTTACGTCATCCTCAAGTAGAG-1-0,TP53_EZH2_CALR_mut
TGGTTACGTCCTCACTAAGTAGAG-1-0,TP53_EZH2_CALR_mut
TGGTTAGCAACAAGTTAAGTAGAG-1-0,TP53_EZH2_CALR_mut
TGGTTAGCAATCGTTCAAGTAGAG-1-0,TP53_CALR_het
TGGTTAGCAGGCAACTAAGTAGAG-1-0,
TGGTTAGCAGTGAGAGAAGTAGAG-1-0,
TGGTTCATCGCCTCTCAAGTAGAG-1-0,
TGGTTCATCGGTTATTAAGTAGAG-1-0,
TGGTTCATCTTAAGCTAAGTAGAG-1-0,TP53_EZH2_CALR_mut
TGGTTCATCTTGAAAGAAGTAGAG-1-0,
TGGTTTAGTAACCTTAAAGTAGAG-1-0,TP53_CALR_het
TGGTTTAGTAATCCTAAAGTAGAG-1-0,TP53_CALR_het
TGGTTTAGTCATCCTCAAGTAGAG-1-0,
TGGTTTAGTCCTGACAAAGTAGAG-1-0,TP53_EZH2_CALR_mut
TGGTTTAGTGGATGCGAAGTAGAG-1-0,
TGGTTTAGTGTTAGCTAAGTAGAG-1-0,
TGGTTTAGTTAACGTCAAGTAGAG-1-0,TP53_CALR_het
TGGTTTAGTTAGTTTGAAGTAGAG-1-0,TP53_CALR_het
TGGTTTAGTTCCAGCAAAGTAGAG-1-0,TP53_CALR_het
TGGTTTGTCATAATCCAAGTAGAG-1-0,
TGGTTTGTCGAGGCGTAAGTAGAG-1-0,
TGGTTTGTCGCCTGCAAAGTAGAG-1-0,
TGGTTTGTCGCGTTACAAGTAGAG-1-0,TP53_CALR_het
TGGTTTGTCTGTCAGCAAGTAGAG-1-0,TP53_EZH2_CALR_mut
TGTAACCGTACGTTCGAAGTAGAG-1-0,TP53_EZH2_CALR_mut
TGTAACCGTCACAGAAAAGTAGAG-1-0,
TGTAACCGTCTTTATCAAGTAGAG-1-0,TP53_CALR_het
TGTAACCGTTAGACTCAAGTAGAG-1-0,
TGTAACCGTTAGCATCAAGTAGAG-1-0,TP53_CALR_het
TGTAACCGTTGCGCTAAAGTAGAG-1-0,
TGTAACTTCATTGTACAAGTAGAG-1-0,TP53_CALR_het
TGTAACTTCCGCCTCTAAGTAGAG-1-0,TP53_EZH2_CALR_mut
TGTAACTTCTATGCATAAGTAGAG-1-0,TP53_CALR_het
TGTAAGTCACCTATCGAAGTAGAG-1-0,TP53_CALR_het
TGTAAGTCAGCATTTCAAGTAGAG-1-0,
TGTAAGTCATAACCAGAAGTAGAG-1-0,TP53_EZH2_CALR_mut
TGTAAGTCATCCCAATAAGTAGAG-1-0,TP53_CALR_het
TGTAAGTCATGAGGGAAAGTAGAG-1-0,TP53_CALR_het
TGTAAGTCATTCAACCAAGTAGAG-1-0,
TGTAATGAGCGCCTTGAAGTAGAG-1-0,
TGTAATGAGGATGAAGAAGTAGAG-1-0,TP53_CALR_het
TGTAATGAGGATGCATAAGTAGAG-1-0,TP53_CALR_het
TGTAATGAGGCCTTCGAAGTAGAG-1-0,
TGTAATGAGGTAGACTAAGTAGAG-1-0,
TGTAATGAGGTCAAGTAAGTAGAG-1-0,TP53_CALR_het
TGTAATGAGTAATGGCAAGTAGAG-1-0,ZRSR2_CALR_mut
TGTAATGAGTGATTTCAAGTAGAG-1-0,
TGTACCGGTAGGTGACAAGTAGAG-1-0,
TGTACCGGTATGGGACAAGTAGAG-1-0,TP53_CALR_het
TGTACCGGTCAAACTCAAGTAGAG-1-0,
TGTACCGGTCAATTGCAAGTAGAG-1-0,TP53_EZH2_CALR_mut
TGTACCGGTCCGGTACAAGTAGAG-1-0,TP53_CALR_het
TGTACCGGTGGTTCGCAAGTAGAG-1-0,
TGTACCGGTTGAGGACAAGTAGAG-1-0,ZRSR2_CALR_mut
TGTACCGGTTGTCCAGAAGTAGAG-1-0,TP53_CALR_het
TGTACCGGTTTATGGCAAGTAGAG-1-0,
TGTACCTCAAGCCTAAAAGTAGAG-1-0,TP53_EZH2_CALR_mut
TGTACCTCAATAGAAGAAGTAGAG-1-0,TP53_CALR_het
TGTACCTCAATTGCGAAAGTAGAG-1-0,
TGTACCTCACATTCGTAAGTAGAG-1-0,
TGTACCTCACCAGCCTAAGTAGAG-1-0,TP53_EZH2_CALR_mut
TGTACCTCACTTTATGAAGTAGAG-1-0,
TGTACCTCATTTGGGAAAGTAGAG-1-0,
TGTATTGGTCATCAGTAAGTAGAG-1-0,TP53_EZH2_CALR_mut
TGTATTGGTCCATTAAAAGTAGAG-1-0,TP53_EZH2_CALR_mut
TGTATTGGTGCATCGCAAGTAGAG-1-0,TP53_CALR_het
TGTATTGGTTTGTTTCAAGTAGAG-1-0,ZRSR2_CALR_mut
TGTCAGGAGAAGGTCTAAGTAGAG-1-0,TP53_CALR_het
TGTCAGGAGACGCATGAAGTAGAG-1-0,TP53_CALR_het
TGTCAGGAGATGGATCAAGTAGAG-1-0,TP53_CALR_het
TGTCAGGAGCAGCCAAAAGTAGAG-1-0,TP53_CALR_het
TGTCAGGAGCCCGTTGAAGTAGAG-1-0,TP53_EZH2_CALR_mut
TGTCAGGAGCGCGAACAAGTAGAG-1-0,
TGTCAGGAGCTAGATAAAGTAGAG-1-0,TP53_CALR_het
TGTCAGGAGTAAGTGCAAGTAGAG-1-0,TP53_CALR_het
TGTCAGGAGTACCCACAAGTAGAG-1-0,TP53_EZH2_CALR_mut
TGTCAGGAGTGGACCAAAGTAGAG-1-0,
TGTCATCCAAACGGTCAAGTAGAG-1-0,
TGTCATCCAACTAGTGAAGTAGAG-1-0,
TGTCATCCAAGTGCACAAGTAGAG-1-0,
TGTCATCCACATAGTGAAGTAGAG-1-0,TP53_EZH2_CALR_mut
TGTCATCCACCTCGACAAGTAGAG-1-0,TP53_EZH2_CALR_mut
TGTCATCCACTTCGATAAGTAGAG-1-0,
TGTCATCCATGACATGAAGTAGAG-1-0,TP53_CALR_het
TGTCATCCATTCATGCAAGTAGAG-1-0,TP53_CALR_het
TGTCCAGGTCAAAGATAAGTAGAG-1-0,
TGTCCAGGTTACTTCTAAGTAGAG-1-0,
TGTCCAGGTTGGCCACAAGTAGAG-1-0,TP53_CALR_het
TGTCCAGGTTGGCGAGAAGTAGAG-1-0,
TGTCCTTTCACCTAATAAGTAGAG-1-0,
TGTCCTTTCAGGCCTTAAGTAGAG-1-0,TP53_EZH2_CALR_mut
TGTCCTTTCCCTCGTCAAGTAGAG-1-0,
TGTCCTTTCTTGATCGAAGTAGAG-1-0,
TGTCCTTTCTTTGGTGAAGTAGAG-1-0,TP53_CALR_het
TGTCGAGAGCTACGTCAAGTAGAG-1-0,
TGTCGAGAGGTTGGGCAAGTAGAG-1-0,
TGTCTTGAGACCATTTAAGTAGAG-1-0,
TGTCTTGAGAGGTTCGAAGTAGAG-1-0,
TGTCTTGAGCGAGCTAAAGTAGAG-1-0,TP53_CALR_het
TGTCTTGAGGAACTTAAAGTAGAG-1-0,TP53_EZH2_CALR_mut
TGTCTTGAGGTTGTAAAAGTAGAG-1-0,
TGTCTTGAGTGCCCTGAAGTAGAG-1-0,
TGTCTTGAGTGTCCACAAGTAGAG-1-0,
TGTCTTGAGTTAACAGAAGTAGAG-1-0,TP53_CALR_het
TGTGAGCCAATCAAGTAAGTAGAG-1-0,
TGTGAGCCAATTGCGAAAGTAGAG-1-0,TP53_CALR_het
TGTGAGCCAGCCCTTAAAGTAGAG-1-0,
TGTGAGCCAGCTTTCGAAGTAGAG-1-0,ZRSR2_CALR_mut
TGTGAGCCATAATGACAAGTAGAG-1-0,
TGTGAGCCATCTATCAAAGTAGAG-1-0,ZRSR2_CALR_mut
TGTGAGCCATTTCATGAAGTAGAG-1-0,TP53_EZH2_CALR_mut
TGTGAGGTCAGGCCTTAAGTAGAG-1-0,
TGTGAGGTCATAGGCGAAGTAGAG-1-0,
TGTGAGGTCATCAAGAAAGTAGAG-1-0,
TGTGAGGTCTGCAACCAAGTAGAG-1-0,
TGTGCGCGTACACCCAAAGTAGAG-1-0,
TGTGCGCGTATTCGTAAAGTAGAG-1-0,TP53_EZH2_CALR_mut
TGTGCGCGTATTGACCAAGTAGAG-1-0,TP53_CALR_het
TGTGCGCGTGGTTACTAAGTAGAG-1-0,TP53_CALR_het
TGTGCGCGTTAGGTAGAAGTAGAG-1-0,
TGTGCGCGTTGCGCTAAAGTAGAG-1-0,
TGTGCGCGTTTCTAAGAAGTAGAG-1-0,
TGTGCTGGTAACGGGTAAGTAGAG-1-0,
TGTGCTGGTAACGTGAAAGTAGAG-1-0,
TGTGCTGGTAATAGGTAAGTAGAG-1-0,ZRSR2_CALR_mut
TGTGCTGGTATTGTCAAAGTAGAG-1-0,
TGTGCTGGTGCGGAATAAGTAGAG-1-0,
TGTGCTGGTGGTGCAGAAGTAGAG-1-0,
TGTGCTGGTGGTTCGCAAGTAGAG-1-0,
TGTGCTGGTTTCACCCAAGTAGAG-1-0,TP53_CALR_het
TGTGCTGGTTTCGCCTAAGTAGAG-1-0,
TGTGGCGCAACAGGGAAAGTAGAG-1-0,
TGTGGCGCAATTAGCGAAGTAGAG-1-0,TP53_CALR_het
TGTGGCGCAATTGAGTAAGTAGAG-1-0,TP53_EZH2_CALR_mut
TGTGGCGCACAAGCGTAAGTAGAG-1-0,
TGTGGCGCAGCACGTGAAGTAGAG-1-0,
TGTGGCGCATACCTTAAAGTAGAG-1-0,TP53_CALR_het
TGTGGCGCATAGACGCAAGTAGAG-1-0,
TGTGGGTCAAACCGTAAAGTAGAG-1-0,
TGTGGGTCACACAAATAAGTAGAG-1-0,
TGTGGGTCACAGGCTGAAGTAGAG-1-0,
TGTGGGTCACATACCTAAGTAGAG-1-0,
TGTGGGTCACTTAACCAAGTAGAG-1-0,
TGTGGGTCAGCCATTTAAGTAGAG-1-0,
TGTGGGTCAGTTGCCCAAGTAGAG-1-0,ZRSR2_CALR_mut
TGTGGGTCATTCCTGGAAGTAGAG-1-0,TP53_EZH2_CALR_mut
TGTGGGTCATTGCCTGAAGTAGAG-1-0,
TGTGTCCAGATAATCGAAGTAGAG-1-0,TP53_EZH2_CALR_mut
TGTGTCCAGATTATCCAAGTAGAG-1-0,
TGTGTCCAGCCTGCCAAAGTAGAG-1-0,TP53_CALR_het
TGTGTCCAGGACAAGAAAGTAGAG-1-0,
TGTGTCCAGGTTATCTAAGTAGAG-1-0,
TGTGTCCAGGTTGCAGAAGTAGAG-1-0,ZRSR2_CALR_mut
TGTGTCCAGTAAAGGGAAGTAGAG-1-0,
TGTGTCCAGTTACCCAAAGTAGAG-1-0,
TGTGTCCAGTTTGGTTAAGTAGAG-1-0,
TGTGTGACAAACCCAAAAGTAGAG-1-0,TP53_CALR_het
TGTGTGACAAGCTCAAAAGTAGAG-1-0,TP53_CALR_het
TGTGTGACAATACCCTAAGTAGAG-1-0,
TGTGTGACAATGAAGAAAGTAGAG-1-0,
TGTGTGACACAAGCGTAAGTAGAG-1-0,
TGTGTGACACTATCACAAGTAGAG-1-0,
TGTGTGACAGCACGTGAAGTAGAG-1-0,
TGTGTGACATACTTCAAAGTAGAG-1-0,
TGTGTGACATTCCTGGAAGTAGAG-1-0,
TGTTAGCGTAGTAGCAAAGTAGAG-1-0,
TGTTAGCGTGAACCAAAAGTAGAG-1-0,ZRSR2_CALR_mut
TGTTAGCGTGACATGAAAGTAGAG-1-0,TP53_CALR_het
TGTTAGCGTGATTAGGAAGTAGAG-1-0,TP53_CALR_het
TGTTAGCGTGCCCTTTAAGTAGAG-1-0,TP53_CALR_het
TGTTAGCGTGCTGCACAAGTAGAG-1-0,TP53_CALR_het
TGTTAGCGTTGCTCCTAAGTAGAG-1-0,
TGTTAGCGTTTGACTAAAGTAGAG-1-0,TP53_CALR_het
TGTTAGTTCACTTGATAAGTAGAG-1-0,TP53_CALR_het
TGTTAGTTCCAAAGGTAAGTAGAG-1-0,ZRSR2_CALR_mut
TGTTAGTTCCAACTATAAGTAGAG-1-0,
TGTTAGTTCCCAGACTAAGTAGAG-1-0,
TGTTAGTTCCTCAATGAAGTAGAG-1-0,TP53_CALR_het
TGTTAGTTCCTGCAACAAGTAGAG-1-0,TP53_EZH2_CALR_mut
TGTTAGTTCCTTGAGCAAGTAGAG-1-0,
TGTTAGTTCGAAACTAAAGTAGAG-1-0,TP53_CALR_het
TGTTAGTTCGCGTTACAAGTAGAG-1-0,
TGTTAGTTCTATGCATAAGTAGAG-1-0,TP53_EZH2_CALR_mut
TGTTAGTTCTCGCCTCAAGTAGAG-1-0,ZRSR2_CALR_mut
TGTTCAAGTATAGCGAAAGTAGAG-1-0,
TGTTCAAGTCATCATAAAGTAGAG-1-0,
TGTTCAAGTCATCCCTAAGTAGAG-1-0,TP53_CALR_het
TGTTCAAGTTAGACTCAAGTAGAG-1-0,
TGTTCAAGTTGCGGCTAAGTAGAG-1-0,TP53_CALR_het
TGTTCAAGTTTATGGCAAGTAGAG-1-0,
TGTTCACCAAGATAAGAAGTAGAG-1-0,TP53_EZH2_CALR_mut
TGTTCACCACAATACGAAGTAGAG-1-0,
TGTTCACCACACCCACAAGTAGAG-1-0,TP53_CALR_het
TGTTCACCAGAATGAAAAGTAGAG-1-0,
TGTTCACCATATGGTGAAGTAGAG-1-0,TP53_CALR_het
TGTTCACCATTGAAGTAAGTAGAG-1-0,
TGTTCCTTCACAAACAAAGTAGAG-1-0,
TGTTCCTTCACGTTATAAGTAGAG-1-0,
TGTTCCTTCACTTGATAAGTAGAG-1-0,
TGTTCCTTCATGAGGTAAGTAGAG-1-0,TP53_CALR_het
TGTTCCTTCATGCATTAAGTAGAG-1-0,
TGTTCCTTCCAGAACGAAGTAGAG-1-0,
TGTTCCTTCCTGAGGAAAGTAGAG-1-0,TP53_CALR_het
TGTTCCTTCTGGCCATAAGTAGAG-1-0,
TGTTCTTGTAGCCCGTAAGTAGAG-1-0,
TGTTCTTGTCAATGTCAAGTAGAG-1-0,ZRSR2_CALR_mut
TGTTCTTGTCCATTAAAAGTAGAG-1-0,
TGTTCTTGTCCTTCGTAAGTAGAG-1-0,
TGTTCTTGTGATTACCAAGTAGAG-1-0,
TGTTGACGTATTCAGCAAGTAGAG-1-0,TP53_EZH2_CALR_mut
TGTTGACGTCCATCCTAAGTAGAG-1-0,TP53_CALR_het
TGTTGACGTCCTGCAAAAGTAGAG-1-0,
TGTTGACGTGCAATAGAAGTAGAG-1-0,
TGTTGACGTTCTCAAAAAGTAGAG-1-0,TP53_CALR_het
TGTTGAGCAAACTGGCAAGTAGAG-1-0,TP53_EZH2_CALR_het
TGTTGAGCAACATGATAAGTAGAG-1-0,ZRSR2_CALR_mut
TGTTGAGCACCATCCAAAGTAGAG-1-0,TP53_CALR_het
TGTTGAGCACGGTACGAAGTAGAG-1-0,TP53_EZH2_CALR_mut
TGTTGAGCAGAAACTTAAGTAGAG-1-0,TP53_CALR_het
TGTTGAGCAGGAATAAAAGTAGAG-1-0,
TGTTGAGCATAACCGAAAGTAGAG-1-0,TP53_CALR_het
TGTTGAGCATTCATGCAAGTAGAG-1-0,
TGTTGCATCACAATGAAAGTAGAG-1-0,
TGTTGCATCGAAGCATAAGTAGAG-1-0,TP53_EZH2_CALR_mut
TGTTGCATCGATGAACAAGTAGAG-1-0,
TGTTGCATCGCAGGACAAGTAGAG-1-0,
TGTTGCATCGCCTAGTAAGTAGAG-1-0,ZRSR2_CALR_mut
TGTTGGTGTATGGTAGAAGTAGAG-1-0,
TGTTGGTGTATTCGACAAGTAGAG-1-0,TP53_CALR_het
TGTTGGTGTCTTACTTAAGTAGAG-1-0,
TGTTGGTGTTAGGCGGAAGTAGAG-1-0,
TGTTGGTGTTGTCATAAAGTAGAG-1-0,
TGTTGGTGTTTGTGACAAGTAGAG-1-0,ZRSR2_CALR_mut
TGTTGTCCAACAAAGAAAGTAGAG-1-0,TP53_EZH2_CALR_mut
TGTTGTCCAATACCCTAAGTAGAG-1-0,TP53_CALR_het
TGTTGTCCAATGTTCCAAGTAGAG-1-0,
TGTTGTCCACAACATGAAGTAGAG-1-0,
TGTTGTCCACGATTAGAAGTAGAG-1-0,
TGTTGTCCAGCAATTGAAGTAGAG-1-0,TP53_EZH2_CALR_mut
TGTTGTCCATAGACCAAAGTAGAG-1-0,
TGTTGTCCATCATAGGAAGTAGAG-1-0,
TGTTGTCCATGAGTCAAAGTAGAG-1-0,
TGTTGTCCATTTCGACAAGTAGAG-1-0,ZRSR2_CALR_mut
TGTTTCGAGAAACCCGAAGTAGAG-1-0,
TGTTTCGAGCAATCCCAAGTAGAG-1-0,
TGTTTCGAGGATGCATAAGTAGAG-1-0,TP53_CALR_het
TGTTTCGAGGGTGGGAAAGTAGAG-1-0,TP53_CALR_het
TGTTTGAGTATGTTTGAAGTAGAG-1-0,ZRSR2_CALR_mut
TGTTTGAGTCACTATAAAGTAGAG-1-0,ZRSR2_CALR_mut
TGTTTGAGTGGTTAAGAAGTAGAG-1-0,ZRSR2_CALR_mut
TGTTTGAGTTAGACTCAAGTAGAG-1-0,TP53_EZH2_CALR_mut
TGTTTGAGTTCAAGCTAAGTAGAG-1-0,
TTAAACCTCAACTGGGAAGTAGAG-1-0,
TTAAACCTCAGGAGCCAAGTAGAG-1-0,
TTAAACCTCAGTTTACAAGTAGAG-1-0,TP53_EZH2_CALR_mut
TTAAACCTCCAGGAATAAGTAGAG-1-0,
TTAAACCTCCGCAATCAAGTAGAG-1-0,
TTAAACCTCGCTCAGTAAGTAGAG-1-0,TP53_CALR_het
TTAAACCTCGGGCAACAAGTAGAG-1-0,
TTAAACCTCTCACTAGAAGTAGAG-1-0,TP53_CALR_het
TTAACCGTCGAGGCACAAGTAGAG-1-0,TP53_CALR_het
TTAACCGTCGGGACTAAAGTAGAG-1-0,
TTAACCGTCTGGCTACAAGTAGAG-1-0,TP53_CALR_het
TTAACGTTCAGCACCTAAGTAGAG-1-0,
TTAACGTTCCAATAGAAAGTAGAG-1-0,
TTAACGTTCCTAAAGAAAGTAGAG-1-0,TP53_EZH2_CALR_het
TTAACGTTCGATATTCAAGTAGAG-1-0,TP53_EZH2_CALR_mut
TTAAGCTTCAAACTTCAAGTAGAG-1-0,TP53_EZH2_CALR_mut
TTAAGCTTCATTAGTCAAGTAGAG-1-0,
TTAAGCTTCCAATAGAAAGTAGAG-1-0,TP53_EZH2_CALR_mut
TTAAGCTTCCGAATTTAAGTAGAG-1-0,
TTAAGCTTCGAGCTAGAAGTAGAG-1-0,
TTAAGCTTCGCCTGCAAAGTAGAG-1-0,
TTAAGCTTCGGTAAGTAAGTAGAG-1-0,TP53_CALR_het
TTAAGCTTCTAACTACAAGTAGAG-1-0,TP53_CALR_het
TTAAGGATCACCCTGGAAGTAGAG-1-0,TP53_CALR_het
TTAAGGATCGCTCAGTAAGTAGAG-1-0,TP53_CALR_het
TTAAGGATCTATCTGGAAGTAGAG-1-0,
TTAAGGATCTATTCGGAAGTAGAG-1-0,ZRSR2_CALR_mut
TTAAGGATCTGCAACCAAGTAGAG-1-0,
TTAAGGTCAACAAGTTAAGTAGAG-1-0,TP53_EZH2_CALR_mut
TTAAGGTCAATTAGACAAGTAGAG-1-0,ZRSR2_CALR_mut
TTAAGGTCACCACAAAAAGTAGAG-1-0,
TTAAGGTCACGCCACTAAGTAGAG-1-0,
TTAAGGTCACTATCACAAGTAGAG-1-0,TP53_CALR_het
TTAAGGTCAGCTACCCAAGTAGAG-1-0,
TTAAGGTCAGTAAGTTAAGTAGAG-1-0,
TTAAGGTCATAAGCCAAAGTAGAG-1-0,ZRSR2_CALR_mut
TTAAGGTCATGGCTTTAAGTAGAG-1-0,TP53_CALR_het
TTACACCCAAACTTGGAAGTAGAG-1-0,
TTACACCCACGTTACTAAGTAGAG-1-0,
TTACACCCATACTTGCAAGTAGAG-1-0,
TTACACCCATGACATGAAGTAGAG-1-0,
TTACCATAGAACCTAAAAGTAGAG-1-0,ZRSR2_CALR_mut
TTACCATAGCAAACCGAAGTAGAG-1-0,TP53_CALR_het
TTACCATAGCCCTTGGAAGTAGAG-1-0,
TTACCATAGCCTCTAAAAGTAGAG-1-0,
TTACCATAGCGAGTTGAAGTAGAG-1-0,TP53_EZH2_CALR_mut
TTACCATAGCTGATGGAAGTAGAG-1-0,
TTACCATAGGCAAGTTAAGTAGAG-1-0,
TTACCATAGGGTTTCCAAGTAGAG-1-0,
TTACCATAGGTTAGACAAGTAGAG-1-0,
TTACCATAGTTAGTTCAAGTAGAG-1-0,
TTACCTTGTCAAAGGCAAGTAGAG-1-0,
TTACCTTGTCAGTGCCAAGTAGAG-1-0,
TTACCTTGTGTGGCTCAAGTAGAG-1-0,
TTACCTTGTTAGTGGAAAGTAGAG-1-0,
TTACCTTGTTCACCTCAAGTAGAG-1-0,TP53_EZH2_CALR_mut
TTACCTTGTTGCGGCTAAGTAGAG-1-0,TP53_CALR_het
TTACCTTGTTGCGGGAAAGTAGAG-1-0,
TTACCTTGTTTGTTGAAAGTAGAG-1-0,
TTACGGACAAAGCTCAAAGTAGAG-1-0,TP53_EZH2_CALR_mut
TTACGGACAATGGCCGAAGTAGAG-1-0,TP53_EZH2_CALR_mut
TTACGGACACAATAGTAAGTAGAG-1-0,
TTACGGACACATGAATAAGTAGAG-1-0,
TTACGGACACGGTCGAAAGTAGAG-1-0,TP53_EZH2_CALR_mut
TTACGGACAGTGAGAGAAGTAGAG-1-0,
TTACGGACATAGGGTCAAGTAGAG-1-0,
TTACGGACATCATGCTAAGTAGAG-1-0,TP53_CALR_het
TTACGGACATCGATAGAAGTAGAG-1-0,
TTACGGACATTACTTGAAGTAGAG-1-0,ZRSR2_CALR_mut
TTACGGACATTGCGCCAAGTAGAG-1-0,
TTACTTCGTACGTTCGAAGTAGAG-1-0,
TTACTTCGTAGCTATCAAGTAGAG-1-0,
TTACTTCGTCCGGTACAAGTAGAG-1-0,TP53_CALR_het
TTACTTCGTCTTACTTAAGTAGAG-1-0,TP53_CALR_het
TTACTTCGTGTTTGTAAAGTAGAG-1-0,TP53_EZH2_CALR_mut
TTACTTCGTTAATCCAAAGTAGAG-1-0,
TTACTTGCAACAAGTTAAGTAGAG-1-0,TP53_CALR_het
TTACTTGCAGCTGCTCAAGTAGAG-1-0,TP53_CALR_het
TTACTTGCATAAGCTGAAGTAGAG-1-0,
TTACTTGCATGCAATGAAGTAGAG-1-0,ZRSR2_CALR_mut
TTACTTGCATTTATCGAAGTAGAG-1-0,
TTAGAGCAGACTGAGTAAGTAGAG-1-0,
TTAGAGCAGAGAGCAAAAGTAGAG-1-0,TP53_CALR_het
TTAGAGCAGAGGAGGTAAGTAGAG-1-0,TP53_EZH2_CALR_mut
TTAGAGCAGCGCCTTGAAGTAGAG-1-0,TP53_EZH2_CALR_mut
TTAGAGCAGGACAACTAAGTAGAG-1-0,TP53_EZH2_CALR_mut
TTAGAGCAGGCCAACAAAGTAGAG-1-0,
TTAGAGCAGGCGAGTCAAGTAGAG-1-0,TP53_CALR_het
TTAGAGCAGGCTAGATAAGTAGAG-1-0,TP53_EZH2_CALR_mut
TTAGAGCAGTGCCCTGAAGTAGAG-1-0,ZRSR2_CALR_mut
TTAGCCGGTAACGGGTAAGTAGAG-1-0,TP53_EZH2_CALR_mut
TTAGCCGGTAAGCGTAAAGTAGAG-1-0,TP53_CALR_het
TTAGCCGGTAGTAGGCAAGTAGAG-1-0,TP53_EZH2_CALR_mut
TTAGCCGGTCCTTAGGAAGTAGAG-1-0,ZRSR2_CALR_mut
TTAGCCGGTCCTTCGTAAGTAGAG-1-0,TP53_EZH2_CALR_mut
TTAGCGGAGCAAACCGAAGTAGAG-1-0,
TTAGCGGAGCTTGAGGAAGTAGAG-1-0,
TTAGCGGAGGGATGAAAAGTAGAG-1-0,TP53_EZH2_CALR_mut
TTAGCGGAGGTAAGTCAAGTAGAG-1-0,TP53_EZH2_CALR_mut
TTAGCGGAGGTGTCCTAAGTAGAG-1-0,TP53_CALR_het
TTAGCGGAGTGTCCACAAGTAGAG-1-0,TP53_CALR_het
TTAGCGGAGTTACCCAAAGTAGAG-1-0,TP53_CALR_het
TTAGCGGAGTTGCAGGAAGTAGAG-1-0,
TTAGGTGCACAAGCGTAAGTAGAG-1-0,TP53_CALR_het
TTAGGTGCACTGACTTAAGTAGAG-1-0,TP53_CALR_het
TTAGGTGCAGGCTAACAAGTAGAG-1-0,TP53_CALR_het
TTAGGTGCAGGCTGTGAAGTAGAG-1-0,
TTAGGTGCATATTTCGAAGTAGAG-1-0,
TTAGGTTTCAGTAGCGAAGTAGAG-1-0,
TTAGGTTTCCCTCGTCAAGTAGAG-1-0,TP53_CALR_het
TTAGGTTTCCGGCTCAAAGTAGAG-1-0,
TTAGGTTTCCTAAATCAAGTAGAG-1-0,TP53_EZH2_CALR_mut
TTAGGTTTCGATTCTGAAGTAGAG-1-0,TP53_CALR_het
TTAGGTTTCGCCTCTCAAGTAGAG-1-0,ZRSR2_CALR_mut
TTAGGTTTCGCTTGCGAAGTAGAG-1-0,
TTAGGTTTCGTGATTTAAGTAGAG-1-0,
TTAGTCAGTAAATAGCAAGTAGAG-1-0,TP53_CALR_het
TTAGTCAGTAGCCTTGAAGTAGAG-1-0,
TTAGTCAGTATTTGTGAAGTAGAG-1-0,TP53_EZH2_CALR_mut
TTAGTCAGTCCGGTACAAGTAGAG-1-0,TP53_CALR_het
TTAGTCAGTGTGTTACAAGTAGAG-1-0,ZRSR2_CALR_mut
TTAGTCAGTTCTCAAAAAGTAGAG-1-0,TP53_CALR_het
TTAGTCAGTTGCCTGAAAGTAGAG-1-0,TP53_CALR_het
TTAGTCAGTTGGGCGAAAGTAGAG-1-0,
TTAGTCGTCACAAAGCAAGTAGAG-1-0,TP53_CALR_het
TTAGTCGTCACGTTCAAAGTAGAG-1-0,
TTAGTCGTCCTCACGGAAGTAGAG-1-0,
TTAGTCGTCGATTGAAAAGTAGAG-1-0,TP53_EZH2_CALR_mut
TTAGTCGTCGCTCAACAAGTAGAG-1-0,TP53_CALR_het
TTAGTCGTCGCTTGCGAAGTAGAG-1-0,TP53_CALR_het
TTAGTCGTCGGTCAAGAAGTAGAG-1-0,
TTAGTCGTCTAACCATAAGTAGAG-1-0,TP53_CALR_het
TTAGTTGGTAAACTGGAAGTAGAG-1-0,TP53_EZH2_CALR_mut
TTAGTTGGTAATTTCGAAGTAGAG-1-0,TP53_CALR_het
TTAGTTGGTATTGCGTAAGTAGAG-1-0,ZRSR2_CALR_mut
TTAGTTGGTCACACCAAAGTAGAG-1-0,
TTAGTTGGTCATCAGTAAGTAGAG-1-0,
TTAGTTGGTTACTCCCAAGTAGAG-1-0,TP53_EZH2_CALR_mut
TTATAGCTCACTAATCAAGTAGAG-1-0,
TTATAGCTCAGGTAACAAGTAGAG-1-0,TP53_EZH2_CALR_mut
TTATAGCTCCGCAACTAAGTAGAG-1-0,
TTATAGCTCGAAGCATAAGTAGAG-1-0,
TTATAGCTCTGTGACCAAGTAGAG-1-0,TP53_CALR_het
TTATCACAGCTCAACCAAGTAGAG-1-0,TP53_CALR_het
TTATCACAGGTTGTAAAAGTAGAG-1-0,TP53_CALR_het
TTATCACAGTAGCCTCAAGTAGAG-1-0,TP53_CALR_het
TTATCACAGTCACTATAAGTAGAG-1-0,ZRSR2_CALR_mut
TTATCCTGTATTCGTAAAGTAGAG-1-0,TP53_CALR_het
TTATCCTGTCAATGTCAAGTAGAG-1-0,
TTATCCTGTGATTACCAAGTAGAG-1-0,TP53_EZH2_CALR_mut
TTATCCTGTTGCGCTAAAGTAGAG-1-0,TP53_CALR_het
TTATCCTGTTGGTTTAAAGTAGAG-1-0,
TTATCGCCAACAGCACAAGTAGAG-1-0,
TTATCGCCAACCGTGGAAGTAGAG-1-0,TP53_CALR_het
TTATCGCCACAATACGAAGTAGAG-1-0,TP53_EZH2_CALR_mut
TTATCGCCACCATCATAAGTAGAG-1-0,TP53_EZH2_CALR_mut
TTATCGCCAGCCAGCAAAGTAGAG-1-0,TP53_CALR_het
TTATCGCCAGCTAAGCAAGTAGAG-1-0,
TTATCGCCAGTTGCCCAAGTAGAG-1-0,TP53_CALR_het
TTATCGCCATAAGTCGAAGTAGAG-1-0,
TTATGGGCAACAGAGGAAGTAGAG-1-0,
TTATGGGCAACTTGTCAAGTAGAG-1-0,
TTATGGGCAATCGTGAAAGTAGAG-1-0,TP53_CALR_het
TTATGGGCAATGGGAGAAGTAGAG-1-0,TP53_CALR_het
TTATGGGCACCACACCAAGTAGAG-1-0,
TTATGGGCACGGTACGAAGTAGAG-1-0,TP53_CALR_het
TTATGGGCAGGCAACTAAGTAGAG-1-0,TP53_CALR_het
TTATGTCAGCCTGCCAAAGTAGAG-1-0,
TTATGTCAGGAACCATAAGTAGAG-1-0,TP53_CALR_het
TTATGTCAGGGAGGATAAGTAGAG-1-0,
TTATGTCAGGTTCCGTAAGTAGAG-1-0,TP53_CALR_het
TTATGTCAGTAAAGGGAAGTAGAG-1-0,
TTATGTCAGTCATTCGAAGTAGAG-1-0,TP53_CALR_het
TTATGTCAGTTGACCCAAGTAGAG-1-0,
TTATTGCAGAGGTTTAAAGTAGAG-1-0,TP53_CALR_het
TTATTGCAGCATCCCGAAGTAGAG-1-0,ZRSR2_CALR_mut
TTATTGCAGCGAGCTAAAGTAGAG-1-0,
TTATTGCAGTCTATGTAAGTAGAG-1-0,TP53_CALR_het
TTATTGCAGTTTACCGAAGTAGAG-1-0,TP53_EZH2_CALR_mut
TTATTGGGTACTTCAAAAGTAGAG-1-0,TP53_CALR_het
TTATTGGGTATGTGAGAAGTAGAG-1-0,TP53_EZH2_CALR_mut
TTATTGGGTATTTACGAAGTAGAG-1-0,TP53_CALR_het
TTATTGGGTCATTACAAAGTAGAG-1-0,
TTATTGGGTCCATAGTAAGTAGAG-1-0,
TTATTGGGTGGTTAAGAAGTAGAG-1-0,
TTATTGGGTGTTTGTAAAGTAGAG-1-0,
TTATTGGGTTAACCACAAGTAGAG-1-0,
TTATTGGGTTAAGGCAAAGTAGAG-1-0,
TTCAACTAGAAACTCAAAGTAGAG-1-0,
TTCAACTAGATAACGCAAGTAGAG-1-0,TP53_CALR_het
TTCAACTAGATTCATCAAGTAGAG-1-0,
TTCAACTAGCAGCCAAAAGTAGAG-1-0,
TTCAACTAGCTTATCGAAGTAGAG-1-0,TP53_CALR_het
TTCAACTAGGGTTTCCAAGTAGAG-1-0,TP53_CALR_het
TTCAACTAGGTCTTTGAAGTAGAG-1-0,
TTCAACTAGGTTAGGTAAGTAGAG-1-0,
TTCAACTAGTAAGCACAAGTAGAG-1-0,TP53_CALR_het
TTCAACTAGTCGTTCAAAGTAGAG-1-0,TP53_CALR_het
TTCAACTAGTGAGTCGAAGTAGAG-1-0,TP53_CALR_het
TTCAACTAGTTACTCGAAGTAGAG-1-0,TP53_EZH2_CALR_mut
TTCAAGCGTACGGGCAAAGTAGAG-1-0,
TTCAAGCGTACGTCCAAAGTAGAG-1-0,ZRSR2_CALR_mut
TTCAAGCGTACTTCCCAAGTAGAG-1-0,
TTCAAGCGTATTGCGTAAGTAGAG-1-0,
TTCAAGCGTATTGTCAAAGTAGAG-1-0,ZRSR2_CALR_mut
TTCAAGCGTCAAACTCAAGTAGAG-1-0,
TTCAAGCGTCCCTCATAAGTAGAG-1-0,
TTCAAGCGTCCTTAGGAAGTAGAG-1-0,
TTCAAGCGTCGGTTATAAGTAGAG-1-0,TP53_CALR_het
TTCAAGCGTGCAATAGAAGTAGAG-1-0,
TTCAAGCGTGTTAGAGAAGTAGAG-1-0,
TTCAAGCGTTAGTGGAAAGTAGAG-1-0,
TTCAAGCGTTCTCAAAAAGTAGAG-1-0,TP53_EZH2_CALR_mut
TTCAAGCGTTTGCATAAAGTAGAG-1-0,TP53_CALR_het
TTCACTTGTAACGTTCAAGTAGAG-1-0,TP53_EZH2_CALR_mut
TTCACTTGTCTCACTCAAGTAGAG-1-0,ZRSR2_CALR_mut
TTCACTTGTGCTCATGAAGTAGAG-1-0,
TTCACTTGTTGCTGTGAAGTAGAG-1-0,
TTCAGGACAAAGACCCAAGTAGAG-1-0,TP53_CALR_het
TTCAGGACAAGCTCAAAAGTAGAG-1-0,
TTCAGGACAATAGAGAAAGTAGAG-1-0,
TTCAGGACATTCCTTTAAGTAGAG-1-0,
TTCATGAGTCACACCAAAGTAGAG-1-0,
TTCATGAGTCACAGGGAAGTAGAG-1-0,
TTCATGAGTGAGAAGGAAGTAGAG-1-0,
TTCATGAGTGGGTGTGAAGTAGAG-1-0,TP53_EZH2_CALR_mut
TTCATGAGTTTCCACCAAGTAGAG-1-0,
TTCATGCCAACCGGATAAGTAGAG-1-0,
TTCATGCCAGAGAGCAAAGTAGAG-1-0,
TTCATGCCATGGCCGAAAGTAGAG-1-0,
TTCCAAAGTACACCCAAAGTAGAG-1-0,TP53_CALR_het
TTCCAAAGTCAGGGCAAAGTAGAG-1-0,
TTCCAAAGTCGAAGCGAAGTAGAG-1-0,TP53_CALR_het
TTCCAAAGTGAACGGTAAGTAGAG-1-0,TP53_CALR_het
TTCCAAAGTGAATCTCAAGTAGAG-1-0,
TTCCAAAGTGACATTCAAGTAGAG-1-0,
TTCCAAAGTGCGGCTTAAGTAGAG-1-0,
TTCCAAAGTGTCCAATAAGTAGAG-1-0,TP53_CALR_het
TTCCAAAGTTAAGCTCAAGTAGAG-1-0,
TTCCAAAGTTACTCCCAAGTAGAG-1-0,
TTCCAACCAAGATGCCAAGTAGAG-1-0,TP53_EZH2_CALR_mut
TTCCAACCAATTAGGTAAGTAGAG-1-0,TP53_CALR_het
TTCCAACCAGCTCGAGAAGTAGAG-1-0,ZRSR2_CALR_mut
TTCCAACCATGGATTGAAGTAGAG-1-0,TP53_CALR_het
TTCCAACCATTTCGACAAGTAGAG-1-0,ZRSR2_CALR_mut
TTCCATTGTAAGAATCAAGTAGAG-1-0,ZRSR2_CALR_mut
TTCCATTGTAAGCGTAAAGTAGAG-1-0,
TTCCATTGTAATGGATAAGTAGAG-1-0,
TTCCATTGTACGCACCAAGTAGAG-1-0,
TTCCATTGTCGAAGCGAAGTAGAG-1-0,
TTCCATTGTGAAGCACAAGTAGAG-1-0,TP53_CALR_het
TTCCATTGTGTTAGAGAAGTAGAG-1-0,TP53_CALR_het
TTCCATTGTTAGTGGAAAGTAGAG-1-0,TP53_CALR_het
TTCCATTGTTGGTTTAAAGTAGAG-1-0,
TTCCGCACAAACTTCCAAGTAGAG-1-0,
TTCCGCACAACAGATTAAGTAGAG-1-0,
TTCCGCACACTGACAAAAGTAGAG-1-0,TP53_CALR_het
TTCCGCACAGCTAAGCAAGTAGAG-1-0,
TTCCGCACATGACCAAAAGTAGAG-1-0,TP53_CALR_het
TTCCGCACATGCGCAGAAGTAGAG-1-0,TP53_CALR_het
TTCCGCACATTGCCTGAAGTAGAG-1-0,
TTCCTCAGTAACGGGTAAGTAGAG-1-0,TP53_CALR_het
TTCCTCAGTAAGTCGAAAGTAGAG-1-0,
TTCCTCAGTAGACTGAAAGTAGAG-1-0,
TTCCTCAGTCAACAAGAAGTAGAG-1-0,
TTCCTCAGTCAGGATAAAGTAGAG-1-0,ZRSR2_CALR_mut
TTCCTCAGTCGTAACTAAGTAGAG-1-0,TP53_CALR_het
TTCCTCAGTGATTACCAAGTAGAG-1-0,
TTCCTCAGTGGGAACTAAGTAGAG-1-0,TP53_EZH2_CALR_mut
TTCCTCAGTTAACGGAAAGTAGAG-1-0,
TTCCTCAGTTTCCAAAAAGTAGAG-1-0,
TTCCTCCCAAGATAAGAAGTAGAG-1-0,
TTCCTCCCAATCTCTAAAGTAGAG-1-0,
TTCCTCCCAATGAGCCAAGTAGAG-1-0,
TTCCTCCCACCTTCTCAAGTAGAG-1-0,
TTCCTCCCAGCCTATTAAGTAGAG-1-0,
TTCCTCCCAGCCTGAGAAGTAGAG-1-0,
TTCCTCCCATATCGCTAAGTAGAG-1-0,ZRSR2_CALR_mut
TTCCTCCCATGAGCTAAAGTAGAG-1-0,
TTCCTCCCATTTCATGAAGTAGAG-1-0,
TTCCTCGTCACACAAAAAGTAGAG-1-0,
TTCCTCGTCAGGTTAAAAGTAGAG-1-0,
TTCCTCGTCATAATCCAAGTAGAG-1-0,TP53_CALR_het
TTCCTCGTCCCAGACTAAGTAGAG-1-0,TP53_EZH2_CALR_mut
TTCCTCGTCCTTTGAGAAGTAGAG-1-0,TP53_CALR_het
TTCCTCGTCGTTATGTAAGTAGAG-1-0,TP53_CALR_het
TTCCTCGTCTATTGACAAGTAGAG-1-0,
TTCCTCGTCTGGCTACAAGTAGAG-1-0,TP53_CALR_het
TTCCTCTAGAAACCCGAAGTAGAG-1-0,
TTCCTCTAGACCATGGAAGTAGAG-1-0,
TTCCTCTAGCAATCCCAAGTAGAG-1-0,TP53_CALR_het
TTCCTCTAGCAGCCAAAAGTAGAG-1-0,TP53_CALR_het
TTCCTCTAGGAAGGTAAAGTAGAG-1-0,
TTCCTCTAGGTTGCTCAAGTAGAG-1-0,ZRSR2_CALR_mut
TTCCTCTAGTGATTTCAAGTAGAG-1-0,TP53_CALR_het
TTCCTTTCAAAGCTCAAAGTAGAG-1-0,
TTCCTTTCAATACTGGAAGTAGAG-1-0,TP53_CALR_het
TTCCTTTCACAATGGCAAGTAGAG-1-0,TP53_CALR_het
TTCCTTTCAGAAAGGTAAGTAGAG-1-0,TP53_CALR_het
TTCCTTTCAGCCATAAAAGTAGAG-1-0,TP53_CALR_het
TTCCTTTCAGCCATTTAAGTAGAG-1-0,TP53_CALR_het
TTCCTTTCATAAGCTGAAGTAGAG-1-0,TP53_EZH2_CALR_mut
TTCCTTTCATCAATCCAAGTAGAG-1-0,
TTCCTTTCATCACGCCAAGTAGAG-1-0,
TTCCTTTCATCGATAGAAGTAGAG-1-0,
TTCCTTTCATGTGGCGAAGTAGAG-1-0,TP53_EZH2_CALR_mut
TTCGAACGTAAAGGCCAAGTAGAG-1-0,TP53_EZH2_CALR_mut
TTCGAACGTACGTAAGAAGTAGAG-1-0,TP53_CALR_het
TTCGAACGTAGCCACCAAGTAGAG-1-0,TP53_EZH2_CALR_mut
TTCGAACGTAGCGGATAAGTAGAG-1-0,ZRSR2_CALR_mut
TTCGAACGTAGTTGTCAAGTAGAG-1-0,
TTCGAACGTCAATTCAAAGTAGAG-1-0,
TTCGAACGTCCGGGTTAAGTAGAG-1-0,
TTCGAACGTTCGAATCAAGTAGAG-1-0,
TTCGAACGTTTGTTGAAAGTAGAG-1-0,
TTCGAGGAGACTAACAAAGTAGAG-1-0,
TTCGAGGAGATAATCGAAGTAGAG-1-0,TP53_CALR_het
TTCGAGGAGCGAATGTAAGTAGAG-1-0,
TTCGAGGAGGATTATGAAGTAGAG-1-0,TP53_EZH2_CALR_mut
TTCGAGGAGGGTTGCAAAGTAGAG-1-0,TP53_EZH2_CALR_mut
TTCGAGGAGTCATCATAAGTAGAG-1-0,
TTCGATAGTGGCTCACAAGTAGAG-1-0,TP53_CALR_het
TTCGATAGTTAACGTCAAGTAGAG-1-0,TP53_EZH2_CALR_mut
TTCGATAGTTAGGTGAAAGTAGAG-1-0,TP53_CALR_het
TTCGATAGTTCACTCCAAGTAGAG-1-0,
TTCGATAGTTTCGCCTAAGTAGAG-1-0,TP53_EZH2_CALR_mut
TTCGATGTCAATGTGAAAGTAGAG-1-0,ZRSR2_CALR_mut
TTCGATGTCAGGAGCCAAGTAGAG-1-0,
TTCGATGTCATTAGCTAAGTAGAG-1-0,
TTCGATGTCCAGAAACAAGTAGAG-1-0,
TTCGATGTCCAGAACGAAGTAGAG-1-0,
TTCGATGTCCATGATTAAGTAGAG-1-0,TP53_CALR_het
TTCGATGTCCCATAATAAGTAGAG-1-0,
TTCGATGTCGCCTATAAAGTAGAG-1-0,
TTCGATGTCGGTCAAGAAGTAGAG-1-0,
TTCGATGTCTTTAAGCAAGTAGAG-1-0,
TTCGATTAGACGCATGAAGTAGAG-1-0,TP53_EZH2_CALR_mut
TTCGATTAGAGCCGGTAAGTAGAG-1-0,ZRSR2_CALR_mut
TTCGATTAGCATTACTAAGTAGAG-1-0,ZRSR2_CALR_mut
TTCGATTAGGCAAGCCAAGTAGAG-1-0,
TTCGATTAGGCGAGAGAAGTAGAG-1-0,TP53_CALR_het
TTCGCCACAACAGCACAAGTAGAG-1-0,
TTCGCCACAACCATTCAAGTAGAG-1-0,TP53_CALR_het
TTCGCCACACATAAACAAGTAGAG-1-0,
TTCGCCACACTCAGTTAAGTAGAG-1-0,
TTCGCCACAGGAATAAAAGTAGAG-1-0,
TTCGCCACAGTGAGGAAAGTAGAG-1-0,TP53_EZH2_CALR_mut
TTCGCCACAGTTATCCAAGTAGAG-1-0,
TTCGCCACATTCCTGGAAGTAGAG-1-0,TP53_CALR_het
TTCGCCTGTAAGAATCAAGTAGAG-1-0,
TTCGCCTGTAATGGATAAGTAGAG-1-0,TP53_EZH2_CALR_mut
TTCGCCTGTACTTACAAAGTAGAG-1-0,
TTCGCCTGTAGCTTTAAAGTAGAG-1-0,TP53_CALR_het
TTCGCCTGTATTCGACAAGTAGAG-1-0,
TTCGCCTGTCATTATGAAGTAGAG-1-0,
TTCGCCTGTCGTTCTCAAGTAGAG-1-0,
TTCGCCTGTGCAATAGAAGTAGAG-1-0,TP53_EZH2_CALR_mut
TTCGCCTGTGGATGCGAAGTAGAG-1-0,
TTCGCCTGTTAGCTCGAAGTAGAG-1-0,
TTCGCCTGTTCCTTTGAAGTAGAG-1-0,
TTCGCGCCAGCCTTCAAAGTAGAG-1-0,TP53_EZH2_CALR_mut
TTCGCGCCATTTGGCTAAGTAGAG-1-0,
TTCGGTCAGACATAGCAAGTAGAG-1-0,ZRSR2_CALR_mut
TTCGGTCAGCGGGACTAAGTAGAG-1-0,TP53_CALR_het
TTCGGTCAGGCCAACAAAGTAGAG-1-0,TP53_CALR_het
TTCGGTCAGGCTTTATAAGTAGAG-1-0,TP53_CALR_het
TTCGTTCTCAAGTTAGAAGTAGAG-1-0,
TTCGTTCTCAGTCTATAAGTAGAG-1-0,
TTCGTTCTCCAATTACAAGTAGAG-1-0,ZRSR2_CALR_mut
TTCGTTCTCCATAGAAAAGTAGAG-1-0,TP53_EZH2_CALR_mut
TTCGTTCTCCCATAGCAAGTAGAG-1-0,
TTCGTTCTCCTCACGGAAGTAGAG-1-0,
TTCGTTCTCGATATAGAAGTAGAG-1-0,TP53_EZH2_CALR_mut
TTCGTTCTCGATTGAAAAGTAGAG-1-0,
TTCGTTCTCTTTAAGCAAGTAGAG-1-0,TP53_EZH2_CALR_mut
TTCTAAGGTCCATCAGAAGTAGAG-1-0,TP53_CALR_het
TTCTAAGGTGCTGATTAAGTAGAG-1-0,
TTCTAAGGTGTTAGAGAAGTAGAG-1-0,
TTCTAAGGTTCATTAGAAGTAGAG-1-0,TP53_CALR_het
TTCTATCGTACTTCAAAAGTAGAG-1-0,
TTCTATCGTGTTAGAGAAGTAGAG-1-0,
TTCTATCGTTAAGGATAAGTAGAG-1-0,
TTCTCACTCACTAGGGAAGTAGAG-1-0,
TTCTCACTCAGCCTTAAAGTAGAG-1-0,TP53_CALR_het
TTCTCACTCATAATCCAAGTAGAG-1-0,
TTCTCACTCCTAAGGGAAGTAGAG-1-0,TP53_EZH2_CALR_mut
TTCTCACTCGAAATGCAAGTAGAG-1-0,
TTCTCACTCGCGGATAAAGTAGAG-1-0,TP53_CALR_het
TTCTCACTCTATCGGCAAGTAGAG-1-0,TP53_EZH2_CALR_mut
TTCTCACTCTATGGCCAAGTAGAG-1-0,
TTCTGGCAGATTGAGCAAGTAGAG-1-0,TP53_CALR_het
TTCTGGCAGCAACTTTAAGTAGAG-1-0,
TTCTGGCAGCCACTCGAAGTAGAG-1-0,TP53_CALR_het
TTCTGGCAGGAACCATAAGTAGAG-1-0,
TTCTGGCAGGCGATATAAGTAGAG-1-0,
TTCTGGCAGGTATGGTAAGTAGAG-1-0,TP53_EZH2_CALR_mut
TTCTGGCAGGTCTTTGAAGTAGAG-1-0,TP53_CALR_het
TTCTGGCAGTGAGTTAAAGTAGAG-1-0,
TTCTGGCAGTTACACTAAGTAGAG-1-0,TP53_EZH2_CALR_mut
TTCTGTGAGATAGCTAAAGTAGAG-1-0,TP53_CALR_het
TTCTGTGAGATGCCTCAAGTAGAG-1-0,
TTCTGTGAGATTCCCAAAGTAGAG-1-0,
TTCTGTGAGCGCTTACAAGTAGAG-1-0,
TTCTGTGAGGCTACTCAAGTAGAG-1-0,
TTCTGTGAGGGTGGGAAAGTAGAG-1-0,
TTCTGTGAGGTCACTCAAGTAGAG-1-0,
TTCTGTGAGTAAGCACAAGTAGAG-1-0,TP53_CALR_het
TTCTTGCTCAAGGGCCAAGTAGAG-1-0,TP53_EZH2_CALR_mut
TTCTTGCTCAAGGTGTAAGTAGAG-1-0,
TTCTTGCTCAATCCTGAAGTAGAG-1-0,
TTCTTGCTCACCCTCCAAGTAGAG-1-0,
TTCTTGCTCACTATGTAAGTAGAG-1-0,
TTCTTGCTCAGGGATTAAGTAGAG-1-0,TP53_CALR_het
TTCTTGCTCAGTCTATAAGTAGAG-1-0,TP53_CALR_het
TTCTTGCTCATCAGCCAAGTAGAG-1-0,
TTCTTGCTCATTTGCGAAGTAGAG-1-0,TP53_CALR_het
TTCTTGCTCCGTTAGCAAGTAGAG-1-0,
TTCTTGCTCCTAAGTTAAGTAGAG-1-0,TP53_CALR_het
TTCTTGCTCCTTATGGAAGTAGAG-1-0,
TTCTTGCTCCTTGAGCAAGTAGAG-1-0,TP53_CALR_het
TTCTTGCTCGAAGGCCAAGTAGAG-1-0,TP53_CALR_het
TTCTTGCTCGATTGAAAAGTAGAG-1-0,TP53_CALR_het
TTGAAAGTCAATGGGTAAGTAGAG-1-0,TP53_CALR_het
TTGAAAGTCATGCGTCAAGTAGAG-1-0,TP53_CALR_het
TTGAAAGTCCGCCCAAAAGTAGAG-1-0,
TTGAAAGTCGCCTCGAAAGTAGAG-1-0,
TTGAAAGTCGTCCATAAAGTAGAG-1-0,TP53_CALR_het
TTGAAAGTCTATGCATAAGTAGAG-1-0,
TTGAACAAGAATGGGAAAGTAGAG-1-0,TP53_CALR_het
TTGAACAAGATAGCCGAAGTAGAG-1-0,
TTGAACAAGCAAACCGAAGTAGAG-1-0,TP53_CALR_het
TTGAACAAGCGCTTACAAGTAGAG-1-0,
TTGAACAAGGAACCGCAAGTAGAG-1-0,TP53_CALR_het
TTGAACAAGTAGCCTCAAGTAGAG-1-0,TP53_EZH2_CALR_mut
TTGAACAAGTGATCAAAAGTAGAG-1-0,
TTGAACAAGTTTGAGAAAGTAGAG-1-0,ZRSR2_CALR_mut
TTGAATCTCACTAGGGAAGTAGAG-1-0,
TTGAATCTCCATCCTTAAGTAGAG-1-0,TP53_CALR_het
TTGAATCTCCTTAGGCAAGTAGAG-1-0,TP53_CALR_het
TTGAATCTCGCCTCGAAAGTAGAG-1-0,TP53_EZH2_CALR_mut
TTGAATCTCTTCGCCCAAGTAGAG-1-0,
TTGAATCTCTTTAAGCAAGTAGAG-1-0,
TTGACATTCACAAACAAAGTAGAG-1-0,
TTGACATTCACAGGGCAAGTAGAG-1-0,
TTGACATTCAGCGGGTAAGTAGAG-1-0,
TTGACATTCATCGATTAAGTAGAG-1-0,TP53_EZH2_CALR_mut
TTGACATTCCGCTATAAAGTAGAG-1-0,
TTGACATTCGCGAAATAAGTAGAG-1-0,
TTGACATTCGCGTTCGAAGTAGAG-1-0,TP53_EZH2_CALR_het
TTGACATTCTATCTGGAAGTAGAG-1-0,
TTGACATTCTATGCATAAGTAGAG-1-0,TP53_CALR_het
TTGACATTCTCACCGGAAGTAGAG-1-0,TP53_EZH2_CALR_mut
TTGACATTCTGCCATAAAGTAGAG-1-0,
TTGACATTCTTGAAGAAAGTAGAG-1-0,TP53_CALR_het
TTGAGCGAGATAGCCGAAGTAGAG-1-0,
TTGAGCGAGCAGGCTAAAGTAGAG-1-0,
TTGAGCGAGGATGAAGAAGTAGAG-1-0,TP53_CALR_het
TTGAGCGAGGTAGACTAAGTAGAG-1-0,TP53_CALR_het
TTGAGCGAGTTATTGCAAGTAGAG-1-0,ZRSR2_CALR_mut
TTGAGCGAGTTTCCAGAAGTAGAG-1-0,
TTGAGGAGTAACTACCAAGTAGAG-1-0,
TTGAGGAGTAAGCGTAAAGTAGAG-1-0,ZRSR2_CALR_mut
TTGAGGAGTAGGTTTCAAGTAGAG-1-0,TP53_CALR_het
TTGAGGAGTATCCGCAAAGTAGAG-1-0,
TTGAGGAGTCAAGCTTAAGTAGAG-1-0,
TTGAGGAGTCAATGTCAAGTAGAG-1-0,ZRSR2_CALR_mut
TTGAGGAGTCCAGCACAAGTAGAG-1-0,
TTGAGGAGTCGAAGGTAAGTAGAG-1-0,TP53_CALR_het
TTGAGGAGTGGATGGTAAGTAGAG-1-0,
TTGAGGAGTGTTAGAGAAGTAGAG-1-0,
TTGAGGAGTGTTTGCGAAGTAGAG-1-0,
TTGAGGAGTTCGATGTAAGTAGAG-1-0,
TTGAGGTAGATGCCTCAAGTAGAG-1-0,TP53_CALR_het
TTGAGGTAGGAAACTCAAGTAGAG-1-0,TP53_CALR_het
TTGAGGTAGGACAAAGAAGTAGAG-1-0,TP53_EZH2_CALR_mut
TTGAGGTAGGCACAATAAGTAGAG-1-0,
TTGAGGTAGGCGCGATAAGTAGAG-1-0,
TTGAGGTAGGCTGTGAAAGTAGAG-1-0,TP53_EZH2_CALR_mut
TTGAGGTAGGTTCTTGAAGTAGAG-1-0,
TTGAGGTAGTTACTCGAAGTAGAG-1-0,
TTGAGGTAGTTTCAGTAAGTAGAG-1-0,TP53_CALR_het
TTGAGGTAGTTTGCATAAGTAGAG-1-0,ZRSR2_CALR_mut
TTGAGTAAGACTAATGAAGTAGAG-1-0,
TTGAGTAAGAGGTTTAAAGTAGAG-1-0,TP53_EZH2_CALR_mut
TTGAGTAAGATTCCCAAAGTAGAG-1-0,
TTGAGTAAGCCCTGATAAGTAGAG-1-0,
TTGAGTAAGCGAATGTAAGTAGAG-1-0,TP53_EZH2_CALR_mut
TTGAGTAAGTCACTATAAGTAGAG-1-0,TP53_EZH2_CALR_mut
TTGAGTAAGTTACATCAAGTAGAG-1-0,TP53_CALR_het
TTGATCAGTATCCGCAAAGTAGAG-1-0,
TTGATCAGTATTACCAAAGTAGAG-1-0,TP53_CALR_het
TTGATCAGTCAATCGTAAGTAGAG-1-0,ZRSR2_CALR_mut
TTGATCAGTCAGTGCCAAGTAGAG-1-0,
TTGATCAGTCCTCCATAAGTAGAG-1-0,
TTGATCAGTCGGTTTGAAGTAGAG-1-0,ZRSR2_CALR_mut
TTGATCAGTGGTTATCAAGTAGAG-1-0,TP53_CALR_het
TTGATCAGTGTTAGAGAAGTAGAG-1-0,TP53_CALR_het
TTGATCAGTTGCGAAAAAGTAGAG-1-0,
TTGATCAGTTTACTGAAAGTAGAG-1-0,TP53_EZH2_CALR_mut
TTGATCAGTTTGTGACAAGTAGAG-1-0,TP53_CALR_het
TTGCACGGTAGACTGAAAGTAGAG-1-0,TP53_CALR_het
TTGCACGGTGAAGCACAAGTAGAG-1-0,TP53_EZH2_CALR_mut
TTGCACGGTGTGATGAAAGTAGAG-1-0,TP53_CALR_het
TTGCACGGTTAGTAGGAAGTAGAG-1-0,
TTGCATCCAAATATGCAAGTAGAG-1-0,TP53_CALR_het
TTGCATCCAAGAAATGAAGTAGAG-1-0,TP53_CALR_het
TTGCATCCAAGCCACGAAGTAGAG-1-0,TP53_EZH2_CALR_mut
TTGCATCCAAGTTAACAAGTAGAG-1-0,TP53_EZH2_CALR_mut
TTGCATCCACGGTTCCAAGTAGAG-1-0,
TTGCATCCACTTAACCAAGTAGAG-1-0,TP53_EZH2_CALR_mut
TTGCATCCAGTTATCCAAGTAGAG-1-0,TP53_CALR_het
TTGCATCCATGACCAAAAGTAGAG-1-0,
TTGCATCCATGGCTTTAAGTAGAG-1-0,TP53_CALR_het
TTGCATCCATTTCGCGAAGTAGAG-1-0,TP53_CALR_het
TTGCGCAGTAAAGCGCAAGTAGAG-1-0,
TTGCGCAGTAATAGGTAAGTAGAG-1-0,
TTGCGCAGTACTTATGAAGTAGAG-1-0,TP53_CALR_het
TTGCGCAGTATTACCAAAGTAGAG-1-0,
TTGCGCAGTCGCAACCAAGTAGAG-1-0,
TTGCGCAGTCTCAGCAAAGTAGAG-1-0,TP53_CALR_het
TTGCGCAGTCTGTCAGAAGTAGAG-1-0,TP53_CALR_het
TTGCGCAGTGCCCTTTAAGTAGAG-1-0,
TTGCGCAGTTCGGTATAAGTAGAG-1-0,TP53_CALR_het
TTGCGCAGTTCTTGAAAAGTAGAG-1-0,TP53_EZH2_CALR_mut
TTGCGCAGTTGCACTGAAGTAGAG-1-0,TP53_CALR_het
TTGCGCTAGACCTTGCAAGTAGAG-1-0,
TTGCGCTAGAGGTTTAAAGTAGAG-1-0,TP53_EZH2_CALR_mut
TTGCGCTAGATAACTGAAGTAGAG-1-0,
TTGCGCTAGCCATCGTAAGTAGAG-1-0,
TTGCGCTAGCTATATCAAGTAGAG-1-0,
TTGCGCTAGCTGGACAAAGTAGAG-1-0,
TTGCGCTAGCTGGGTAAAGTAGAG-1-0,TP53_CALR_het
TTGCGCTAGGAACCGCAAGTAGAG-1-0,
TTGCGCTAGGCTTATTAAGTAGAG-1-0,ZRSR2_CALR_mut
TTGCGCTAGTCCTCAAAAGTAGAG-1-0,TP53_EZH2_CALR_mut
TTGCGGGCAACATAGTAAGTAGAG-1-0,
TTGCGGGCACCTTACGAAGTAGAG-1-0,
TTGCGGGCACTATCACAAGTAGAG-1-0,TP53_CALR_het
TTGCGGGCAGCTTTCGAAGTAGAG-1-0,TP53_CALR_het
TTGCGGGCAGTGAGGAAAGTAGAG-1-0,
TTGCGGGCATAGCCTTAAGTAGAG-1-0,
TTGCGGGCATCGAACAAAGTAGAG-1-0,TP53_EZH2_CALR_mut
TTGCGGGCATCGTTCGAAGTAGAG-1-0,
TTGCGGGCATGGATTGAAGTAGAG-1-0,ZRSR2_CALR_mut
TTGCGGGCATTACTTGAAGTAGAG-1-0,
TTGCGGGCATTTCTTCAAGTAGAG-1-0,TP53_EZH2_CALR_mut
TTGCGGTTCACCTTTCAAGTAGAG-1-0,
TTGCGGTTCCCTCTCAAAGTAGAG-1-0,
TTGCGGTTCGACTCACAAGTAGAG-1-0,
TTGCGGTTCGGCTAGAAAGTAGAG-1-0,
TTGCGGTTCGGTACGAAAGTAGAG-1-0,TP53_EZH2_CALR_mut
TTGCGGTTCTAATCGTAAGTAGAG-1-0,TP53_CALR_het
TTGCGGTTCTATTCGGAAGTAGAG-1-0,TP53_CALR_het
TTGCGGTTCTGGAACGAAGTAGAG-1-0,TP53_EZH2_CALR_mut
TTGCGGTTCTGTCAGCAAGTAGAG-1-0,TP53_EZH2_CALR_mut
TTGCTCAAGAAGGTTCAAGTAGAG-1-0,
TTGCTCAAGACAAAGGAAGTAGAG-1-0,TP53_CALR_het
TTGCTCAAGACTCCTAAAGTAGAG-1-0,
TTGCTCAAGAGCAATCAAGTAGAG-1-0,TP53_CALR_het
TTGCTCAAGATAACCAAAGTAGAG-1-0,TP53_CALR_het
TTGCTCAAGGGTTGCAAAGTAGAG-1-0,TP53_CALR_het
TTGCTCAAGGTTACTTAAGTAGAG-1-0,
TTGCTCAAGGTTGGGCAAGTAGAG-1-0,
TTGCTCAAGTGATGGTAAGTAGAG-1-0,TP53_CALR_het
TTGCTCAAGTGCTGAGAAGTAGAG-1-0,
TTGGCCAGTACGTAAGAAGTAGAG-1-0,
TTGGCCAGTATTGTCAAAGTAGAG-1-0,TP53_EZH2_CALR_mut
TTGGCCAGTCCGTGACAAGTAGAG-1-0,ZRSR2_CALR_mut
TTGGCCAGTCCTGAGCAAGTAGAG-1-0,
TTGGCCAGTGTTAGCTAAGTAGAG-1-0,
TTGGTCATCAAGGGTTAAGTAGAG-1-0,TP53_CALR_het
TTGGTCATCAAGGTACAAGTAGAG-1-0,
TTGGTCATCAGCACGAAAGTAGAG-1-0,
TTGGTCATCCAATACTAAGTAGAG-1-0,
TTGGTCATCCTTTAGGAAGTAGAG-1-0,TP53_EZH2_CALR_mut
TTGGTCATCGCCTGCAAAGTAGAG-1-0,TP53_CALR_het
TTGGTCATCGCGCATTAAGTAGAG-1-0,TP53_CALR_het
TTGGTCATCGTTAACTAAGTAGAG-1-0,
TTGGTCATCTAATCACAAGTAGAG-1-0,TP53_CALR_het
TTGGTCATCTCGCCTCAAGTAGAG-1-0,
TTGGTTAGTACCGTTGAAGTAGAG-1-0,
TTGGTTAGTCCGCTAAAAGTAGAG-1-0,
TTGGTTAGTGTAATGGAAGTAGAG-1-0,
TTGGTTAGTTAGGCTTAAGTAGAG-1-0,TP53_CALR_het
TTGGTTAGTTAGTAGGAAGTAGAG-1-0,TP53_CALR_het
TTGGTTAGTTCAAGCTAAGTAGAG-1-0,
TTGGTTAGTTGCGCTAAAGTAGAG-1-0,ZRSR2_CALR_mut
TTGGTTAGTTGCTGTGAAGTAGAG-1-0,
TTGGTTAGTTTGCAACAAGTAGAG-1-0,TP53_EZH2_CALR_mut
TTGGTTAGTTTGGCCAAAGTAGAG-1-0,
TTGTACGTCAGGGATTAAGTAGAG-1-0,
TTGTACGTCCCTCAAAAAGTAGAG-1-0,
TTGTACGTCCGCCATGAAGTAGAG-1-0,TP53_CALR_het
TTGTACGTCGAGGTTGAAGTAGAG-1-0,TP53_CALR_het
TTGTACGTCGCCTAACAAGTAGAG-1-0,
TTGTACGTCTGGCTACAAGTAGAG-1-0,
TTGTCAGTCAATTTGCAAGTAGAG-1-0,
TTGTCAGTCCACAACCAAGTAGAG-1-0,TP53_EZH2_CALR_mut
TTGTCAGTCCAGCTTAAAGTAGAG-1-0,TP53_EZH2_CALR_mut
TTGTCAGTCGGTTATTAAGTAGAG-1-0,
TTGTCAGTCTGCAACCAAGTAGAG-1-0,
TTGTCAGTCTGTGACCAAGTAGAG-1-0,TP53_EZH2_CALR_mut
TTGTCAGTCTTTGGTGAAGTAGAG-1-0,
TTGTGAGCAAAGGTAAAAGTAGAG-1-0,TP53_CALR_het
TTGTGAGCACATTGTCAAGTAGAG-1-0,TP53_EZH2_CALR_mut
TTGTGAGCACTAAGCAAAGTAGAG-1-0,TP53_EZH2_CALR_mut
TTGTGAGCACTAGTAGAAGTAGAG-1-0,TP53_CALR_het
TTGTGAGCATTGAAGTAAGTAGAG-1-0,ZRSR2_CALR_mut
TTGTGATTCAACCAAAAAGTAGAG-1-0,TP53_CALR_het
TTGTGATTCACATTCGAAGTAGAG-1-0,TP53_EZH2_CALR_mut
TTGTGATTCAGCCCTGAAGTAGAG-1-0,
TTGTGATTCAGGTCGAAAGTAGAG-1-0,TP53_EZH2_CALR_mut
TTGTGATTCATCAAGAAAGTAGAG-1-0,
TTGTGATTCCAACATTAAGTAGAG-1-0,TP53_EZH2_CALR_mut
TTGTGATTCCGCCACAAAGTAGAG-1-0,ZRSR2_CALR_mut
TTGTGATTCCGGCTCAAAGTAGAG-1-0,TP53_EZH2_CALR_mut
TTGTGATTCCTTATGGAAGTAGAG-1-0,TP53_EZH2_CALR_mut
TTGTGATTCGATATGAAAGTAGAG-1-0,
TTGTGATTCTGTCAGCAAGTAGAG-1-0,
TTGTGATTCTGTGACCAAGTAGAG-1-0,
TTGTGGACAATGAATCAAGTAGAG-1-0,
TTGTGGACACTAGTCTAAGTAGAG-1-0,TP53_CALR_het
TTGTGGACAGAATGAAAAGTAGAG-1-0,TP53_EZH2_CALR_mut
TTGTGGACAGGCTAACAAGTAGAG-1-0,TP53_CALR_het
TTGTGGACATAGCCGGAAGTAGAG-1-0,ZRSR2_CALR_mut
TTGTGGACATCCCTCTAAGTAGAG-1-0,
TTGTGGACATCGATAGAAGTAGAG-1-0,
TTGTGGACATGACCAAAAGTAGAG-1-0,TP53_CALR_het
TTGTGGACATTCTGTAAAGTAGAG-1-0,
TTGTGGACATTGGGTAAAGTAGAG-1-0,TP53_EZH2_CALR_mut
TTGTGGACATTGTACCAAGTAGAG-1-0,
TTGTTGTAGCAACTTTAAGTAGAG-1-0,ZRSR2_CALR_mut
TTGTTGTAGCCCGTTGAAGTAGAG-1-0,
TTGTTGTAGGAACCGCAAGTAGAG-1-0,ZRSR2_CALR_mut
TTGTTGTAGGCTCCATAAGTAGAG-1-0,TP53_EZH2_CALR_mut
TTGTTGTAGGGTCTAGAAGTAGAG-1-0,ZRSR2_CALR_mut
TTGTTGTAGTCAACAAAAGTAGAG-1-0,
TTTAACGGTAGCCTTGAAGTAGAG-1-0,TP53_EZH2_CALR_mut
TTTAACGGTATTACCAAAGTAGAG-1-0,
TTTAACGGTGCGGCAAAAGTAGAG-1-0,TP53_EZH2_CALR_mut
TTTAACGGTGGCTCACAAGTAGAG-1-0,
TTTAACGGTGTAATGGAAGTAGAG-1-0,
TTTAACGGTTAAGCTCAAGTAGAG-1-0,
TTTACTGCAAACCTGAAAGTAGAG-1-0,
TTTACTGCAAGCCTAAAAGTAGAG-1-0,
TTTACTGCAATGAGCCAAGTAGAG-1-0,
TTTACTGCAATTCGGAAAGTAGAG-1-0,
TTTACTGCACACCCACAAGTAGAG-1-0,
TTTACTGCACATGCTTAAGTAGAG-1-0,TP53_CALR_het
TTTACTGCACCAACAAAAGTAGAG-1-0,
TTTACTGCACTTTGTAAAGTAGAG-1-0,TP53_CALR_het
TTTACTGCATTTCTTCAAGTAGAG-1-0,TP53_CALR_het
TTTAGTCAGAATGGGAAAGTAGAG-1-0,ZRSR2_CALR_mut
TTTAGTCAGACAACTAAAGTAGAG-1-0,
TTTAGTCAGAGGAAATAAGTAGAG-1-0,TP53_CALR_het
TTTAGTCAGAGGATGAAAGTAGAG-1-0,TP53_CALR_het
TTTAGTCAGAGGCGGAAAGTAGAG-1-0,
TTTAGTCAGATGCCTCAAGTAGAG-1-0,ZRSR2_CALR_mut
TTTAGTCAGCTAAATGAAGTAGAG-1-0,
TTTAGTCAGCTTCTAGAAGTAGAG-1-0,
TTTAGTCAGGACAACTAAGTAGAG-1-0,TP53_EZH2_CALR_mut
TTTAGTCAGGTATGGTAAGTAGAG-1-0,TP53_CALR_het
TTTAGTCAGTCACACCAAGTAGAG-1-0,
TTTAGTCAGTCTAATCAAGTAGAG-1-0,
TTTAGTCAGTGAATCAAAGTAGAG-1-0,
TTTAGTCAGTTTACCGAAGTAGAG-1-0,
TTTATGGGTACTTAGCAAGTAGAG-1-0,TP53_CALR_het
TTTATGGGTAGCTATCAAGTAGAG-1-0,
TTTATGGGTCTTTATCAAGTAGAG-1-0,TP53_CALR_het
TTTATGGGTGAAGCACAAGTAGAG-1-0,TP53_EZH2_CALR_mut
TTTATGGGTGCTTCGAAAGTAGAG-1-0,
TTTATGGGTGTGTCGCAAGTAGAG-1-0,TP53_CALR_het
TTTATGGGTTACTTCTAAGTAGAG-1-0,TP53_EZH2_CALR_mut
TTTATGGGTTAGTTTGAAGTAGAG-1-0,
TTTATGGGTTCTTACTAAGTAGAG-1-0,TP53_CALR_het
TTTATGGGTTGTTGTAAAGTAGAG-1-0,TP53_EZH2_CALR_mut
TTTCAAGGTAAAGGCCAAGTAGAG-1-0,
TTTCAAGGTATGGTCTAAGTAGAG-1-0,
TTTCAAGGTCATCATAAAGTAGAG-1-0,TP53_EZH2_CALR_mut
TTTCAAGGTGTTTCGGAAGTAGAG-1-0,TP53_EZH2_CALR_mut
TTTCAAGGTTAATGCCAAGTAGAG-1-0,TP53_CALR_het
TTTCAAGGTTAGCATCAAGTAGAG-1-0,
TTTCAAGGTTCCGTGAAAGTAGAG-1-0,
TTTCAAGGTTTGTGACAAGTAGAG-1-0,TP53_CALR_het
TTTCACCTCAACATTCAAGTAGAG-1-0,TP53_EZH2_CALR_mut
TTTCACCTCAGCACGAAAGTAGAG-1-0,
TTTCACCTCCGTCCAGAAGTAGAG-1-0,
TTTCACCTCCTTAGGCAAGTAGAG-1-0,TP53_CALR_het
TTTCACCTCGCGAAATAAGTAGAG-1-0,TP53_CALR_het
TTTCACCTCGCTTCGGAAGTAGAG-1-0,
TTTCACCTCGGGACTAAAGTAGAG-1-0,ZRSR2_CALR_mut
TTTCACCTCGTAGTTTAAGTAGAG-1-0,ZRSR2_CALR_mut
TTTCACCTCTCTATGGAAGTAGAG-1-0,
TTTCACCTCTTGAGGGAAGTAGAG-1-0,
TTTCAGTAGGTCAAGTAAGTAGAG-1-0,
TTTCATCGTATAGCGAAAGTAGAG-1-0,
TTTCATCGTCCAGCACAAGTAGAG-1-0,
TTTCATCGTGAACGGTAAGTAGAG-1-0,
TTTCATGCAAGGTGTCAAGTAGAG-1-0,
TTTCATGCAAGTTGGCAAGTAGAG-1-0,
TTTCATGCAATTCGGAAAGTAGAG-1-0,
TTTCATGCACCTGGTCAAGTAGAG-1-0,
TTTCATGCAGGATTGCAAGTAGAG-1-0,TP53_EZH2_CALR_mut
TTTCATGCATCACGAAAAGTAGAG-1-0,TP53_CALR_het
TTTCATGCATCGTTCGAAGTAGAG-1-0,
TTTCATGCATTTGGGAAAGTAGAG-1-0,ZRSR2_CALR_mut
TTTCCTGGTAAGCGTAAAGTAGAG-1-0,
TTTCCTGGTCACAGGGAAGTAGAG-1-0,ZRSR2_CALR_mut
TTTCCTGGTCACCAGCAAGTAGAG-1-0,ZRSR2_CALR_mut
TTTCCTGGTCGAAGCGAAGTAGAG-1-0,
TTTCCTGGTGCTGATTAAGTAGAG-1-0,TP53_EZH2_CALR_mut
TTTCCTGGTGTGACCCAAGTAGAG-1-0,TP53_CALR_het
TTTCCTGGTTGCGGCTAAGTAGAG-1-0,TP53_EZH2_CALR_mut
TTTCGCGCACGATTAGAAGTAGAG-1-0,TP53_CALR_het
TTTCGCGCAGGAGCAAAAGTAGAG-1-0,
TTTCGCGCATCAATCCAAGTAGAG-1-0,TP53_EZH2_CALR_mut
TTTGAGAAGACAGACTAAGTAGAG-1-0,
TTTGAGAAGCAAACCGAAGTAGAG-1-0,
TTTGAGAAGCCTTAATAAGTAGAG-1-0,TP53_CALR_het
TTTGAGAAGCGCGAACAAGTAGAG-1-0,TP53_CALR_het
TTTGAGAAGCTAAGTAAAGTAGAG-1-0,
TTTGAGAAGGCTAGATAAGTAGAG-1-0,
TTTGAGAAGGGAGGCAAAGTAGAG-1-0,TP53_CALR_het
TTTGAGAAGGTTGCAGAAGTAGAG-1-0,TP53_CALR_het
TTTGAGAAGGTTTCCAAAGTAGAG-1-0,TP53_EZH2_CALR_mut
TTTGAGAAGTTTGACTAAGTAGAG-1-0,TP53_EZH2_CALR_mut
TTTGCCCGTAATGCGAAAGTAGAG-1-0,
TTTGCCCGTATGTTGCAAGTAGAG-1-0,
TTTGCCCGTGTTAGAGAAGTAGAG-1-0,TP53_EZH2_CALR_mut
TTTGCCCGTTAGTAGGAAGTAGAG-1-0,TP53_EZH2_CALR_mut
TTTGCCCGTTAGTGGAAAGTAGAG-1-0,TP53_CALR_het
TTTGCCCGTTGGTTACAAGTAGAG-1-0,TP53_EZH2_CALR_mut
TTTGCGCAGACAACACAAGTAGAG-1-0,ZRSR2_CALR_mut
TTTGCGCAGAGGCGGAAAGTAGAG-1-0,
TTTGCGCAGATGCTAAAAGTAGAG-1-0,TP53_CALR_het
TTTGCGCAGCTCATTGAAGTAGAG-1-0,
TTTGCGCAGGAAACCTAAGTAGAG-1-0,TP53_EZH2_CALR_mut
TTTGCGCAGGAACCTGAAGTAGAG-1-0,ZRSR2_CALR_mut
TTTGCGCAGGCTCCATAAGTAGAG-1-0,
TTTGCGCAGGGCGGAAAAGTAGAG-1-0,TP53_EZH2_CALR_mut
TTTGCGCAGGGTCTAGAAGTAGAG-1-0,
TTTGCGCAGTAATTGGAAGTAGAG-1-0,TP53_EZH2_CALR_mut
TTTGCGCAGTCTTGCAAAGTAGAG-1-0,
TTTGCGCAGTGATTAGAAGTAGAG-1-0,
TTTGCGCAGTGTGCAGAAGTAGAG-1-0,
TTTGCGCAGTTACATCAAGTAGAG-1-0,
TTTGCGGGTAATTTCGAAGTAGAG-1-0,TP53_CALR_het
TTTGCGGGTCGTCCAAAAGTAGAG-1-0,
TTTGCGGGTGCTTCGAAAGTAGAG-1-0,TP53_CALR_het
TTTGCGGGTTAGCATCAAGTAGAG-1-0,
TTTGCTCTCAATGTTCAAGTAGAG-1-0,TP53_EZH2_CALR_mut
TTTGCTCTCACAGCCTAAGTAGAG-1-0,TP53_EZH2_CALR_mut
TTTGCTCTCACCAGGAAAGTAGAG-1-0,TP53_EZH2_CALR_mut
TTTGCTCTCACCATATAAGTAGAG-1-0,TP53_EZH2_CALR_mut
TTTGCTCTCCAACTTGAAGTAGAG-1-0,
TTTGCTCTCGCAAATAAAGTAGAG-1-0,
TTTGCTCTCTAATGAGAAGTAGAG-1-0,
TTTGCTGAGACGCATGAAGTAGAG-1-0,
TTTGCTGAGAGGCGTCAAGTAGAG-1-0,TP53_CALR_het
TTTGCTGAGGAAGGTAAAGTAGAG-1-0,
TTTGCTGAGGCGGATCAAGTAGAG-1-0,
TTTGCTGAGGCTGTGAAAGTAGAG-1-0,
TTTGCTGAGGGATTTAAAGTAGAG-1-0,
TTTGCTGAGGGCACTAAAGTAGAG-1-0,TP53_CALR_het
TTTGCTGAGGGCGGTTAAGTAGAG-1-0,
TTTGCTGAGGGTTAACAAGTAGAG-1-0,
TTTGCTGAGGTAATGCAAGTAGAG-1-0,TP53_EZH2_CALR_mut
TTTGCTGAGGTTCCGTAAGTAGAG-1-0,TP53_CALR_het
TTTGCTGAGTAGCGCAAAGTAGAG-1-0,TP53_CALR_het
TTTGCTGAGTCAATGAAAGTAGAG-1-0,
TTTGCTGAGTCACACCAAGTAGAG-1-0,
TTTGCTGAGTCTATGTAAGTAGAG-1-0,TP53_EZH2_CALR_mut
TTTGGACGTAATGCGAAAGTAGAG-1-0,TP53_EZH2_CALR_mut
TTTGGACGTCACACCAAAGTAGAG-1-0,ZRSR2_CALR_mut
TTTGGACGTGCGGCAAAAGTAGAG-1-0,
TTTGGACGTTGCACTGAAGTAGAG-1-0,TP53_CALR_het
TTTGGACGTTGGGCGAAAGTAGAG-1-0,TP53_EZH2_CALR_mut
TTTGGACGTTTCCAAAAAGTAGAG-1-0,
TTTGGACGTTTGGCCAAAGTAGAG-1-0,TP53_CALR_het
TTTGGCGGTCCTTCGTAAGTAGAG-1-0,
TTTGGCGGTCGTCCAAAAGTAGAG-1-0,
TTTGGCGGTGCAGCTCAAGTAGAG-1-0,
TTTGGCGGTGTGACCCAAGTAGAG-1-0,ZRSR2_CALR_mut
TTTGTGAGTAAGGCCGAAGTAGAG-1-0,TP53_EZH2_CALR_mut
TTTGTGAGTATAGTGGAAGTAGAG-1-0,
TTTGTGAGTCAAGCTTAAGTAGAG-1-0,TP53_CALR_het
TTTGTGAGTCACAGGGAAGTAGAG-1-0,
TTTGTGAGTCTACCTCAAGTAGAG-1-0,TP53_CALR_het
TTTGTGAGTGCGCAAGAAGTAGAG-1-0,
AAACAAGCAACATAGTAAGTAGAG-1-1,
AAACAAGCAAGGCTTAAAGTAGAG-1-1,
AAACAAGCAATTGAGTAAGTAGAG-1-1,
AAACAAGCACAAATACAAGTAGAG-1-1,TP53_EZH2_CALR_mut
AAACAAGCAGTTGCCCAAGTAGAG-1-1,
AAACAAGCATCAAGCAAAGTAGAG-1-1,TP53_CALR_het
AAACAAGCATCCACCAAAGTAGAG-1-1,TP53_CALR_het
AAACAAGCATTCTGTAAAGTAGAG-1-1,
AAACCAATCAAGGTACAAGTAGAG-1-1,TP53_EZH2_CALR_mut
AAACCAATCACGTTATAAGTAGAG-1-1,TP53_CALR_het
AAACCAATCAGGGCACAAGTAGAG-1-1,TP53_EZH2_CALR_mut
AAACCAATCATAGGTAAAGTAGAG-1-1,
AAACCAATCATGAGGTAAGTAGAG-1-1,TP53_CALR_het
AAACCAATCCAATAGAAAGTAGAG-1-1,
AAACCAATCGCATTTGAAGTAGAG-1-1,TP53_CALR_het
AAACCAATCGCTTCAAAAGTAGAG-1-1,TP53_CALR_het
AAACCAATCGGTTCACAAGTAGAG-1-1,
AAACCAGGTACCGTTGAAGTAGAG-1-1,
AAACCAGGTACCTCAGAAGTAGAG-1-1,
AAACCAGGTACGTCCAAAGTAGAG-1-1,
AAACCAGGTAGTAGGCAAGTAGAG-1-1,
AAACCAGGTGAAGCACAAGTAGAG-1-1,TP53_EZH2_CALR_mut
AAACCAGGTGGTGCAGAAGTAGAG-1-1,
AAACCAGGTTAGCGGGAAGTAGAG-1-1,
AAACCAGGTTCCGTGAAAGTAGAG-1-1,TP53_CALR_het
AAACCGGTCAACCGCTAAGTAGAG-1-1,
AAACCGGTCACTATACAAGTAGAG-1-1,
AAACCGGTCAGGCAATAAGTAGAG-1-1,
AAACCGGTCATCCAGCAAGTAGAG-1-1,TP53_EZH2_CALR_mut
AAACCGGTCCCAAATTAAGTAGAG-1-1,
AAACCGGTCCTAAGTTAAGTAGAG-1-1,TP53_EZH2_CALR_mut
AAACCGGTCGGTACAGAAGTAGAG-1-1,TP53_CALR_het
AAACGGGCAACATGATAAGTAGAG-1-1,
AAACGGGCACTTTATGAAGTAGAG-1-1,
AAACGGGCAGGCTGTGAAGTAGAG-1-1,TP53_EZH2_CALR_mut
AAACGGGCAGGTCAACAAGTAGAG-1-1,
AAACGTTCAAGCTCAAAAGTAGAG-1-1,
AAACGTTCAAGTTCCTAAGTAGAG-1-1,
AAACGTTCAATACCCTAAGTAGAG-1-1,
AAACGTTCAATTAGGTAAGTAGAG-1-1,
AAACGTTCAATTGCGAAAGTAGAG-1-1,TP53_CALR_het
AAACGTTCACATAAGTAAGTAGAG-1-1,TP53_CALR_het
AAACGTTCACCTAAAGAAGTAGAG-1-1,
AAACGTTCACGTAAATAAGTAGAG-1-1,
AAACGTTCACTCCCAAAAGTAGAG-1-1,ZRSR2_CALR_mut
AAACGTTCAGGCCTCTAAGTAGAG-1-1,TP53_EZH2_CALR_mut
AAACTGGGTAGCTATCAAGTAGAG-1-1,
AAACTGGGTATGTTTGAAGTAGAG-1-1,
AAACTGGGTGCAGCTCAAGTAGAG-1-1,TP53_CALR_het
AAACTGGGTTAATCCAAAGTAGAG-1-1,
AAACTGGGTTTCCTGCAAGTAGAG-1-1,
AAACTGTCAAAGTGCCAAGTAGAG-1-1,TP53_CALR_het
AAACTGTCAACAAGTTAAGTAGAG-1-1,ZRSR2_CALR_mut
AAACTGTCAAGGTTATAAGTAGAG-1-1,
AAACTGTCAATAGCTGAAGTAGAG-1-1,
AAACTGTCACCATACTAAGTAGAG-1-1,ZRSR2_CALR_mut
AAACTGTCACGATTAGAAGTAGAG-1-1,
AAACTGTCATCACAGAAAGTAGAG-1-1,
AAACTGTCATTGCCTGAAGTAGAG-1-1,
AAAGATGCAAAGACCCAAGTAGAG-1-1,TP53_CALR_het
AAAGATGCAAATATGCAAGTAGAG-1-1,
AAAGATGCAACCGTGGAAGTAGAG-1-1,
AAAGATGCAAGCCACGAAGTAGAG-1-1,
AAAGATGCACTAAGCAAAGTAGAG-1-1,
AAAGATGCACTGTCATAAGTAGAG-1-1,TP53_EZH2_CALR_mut
AAAGATGCAGAAAGGTAAGTAGAG-1-1,TP53_CALR_het
AAAGATGCATATTTCGAAGTAGAG-1-1,TP53_CALR_het
AAAGATGCATCCTTGGAAGTAGAG-1-1,
AAAGCATGTATTGTCAAAGTAGAG-1-1,TP53_EZH2_CALR_mut
AAAGCATGTCCATAGTAAGTAGAG-1-1,
AAAGCATGTTAATTCGAAGTAGAG-1-1,
AAAGCCTAGCACGGTAAAGTAGAG-1-1,TP53_CALR_het
AAAGCCTAGCTGGGTAAAGTAGAG-1-1,TP53_CALR_het
AAAGCCTAGTGTGCAGAAGTAGAG-1-1,TP53_CALR_het
AAAGCCTAGTTGCGCTAAGTAGAG-1-1,ZRSR2_CALR_mut
AAAGCCTAGTTGGATAAAGTAGAG-1-1,
AAAGCGAAGAAACTCAAAGTAGAG-1-1,TP53_CALR_het
AAAGCGAAGAACCTAAAAGTAGAG-1-1,TP53_EZH2_CALR_mut
AAAGCGAAGACTGAGTAAGTAGAG-1-1,
AAAGCGAAGCAATCGGAAGTAGAG-1-1,
AAAGCGAAGCACCTTAAAGTAGAG-1-1,
AAAGCGAAGCCCTTGGAAGTAGAG-1-1,TP53_CALR_het
AAAGCGAAGGACTTGGAAGTAGAG-1-1,TP53_CALR_het
AAAGCGAAGGGTTAACAAGTAGAG-1-1,
AAAGCGAAGTCATTCGAAGTAGAG-1-1,
AAAGCGAAGTCTAACTAAGTAGAG-1-1,TP53_EZH2_CALR_mut
AAAGCGAAGTCTAATCAAGTAGAG-1-1,
AAAGCGAAGTTACCTGAAGTAGAG-1-1,TP53_CALR_het
AAAGGCAAGACCTTTGAAGTAGAG-1-1,
AAAGGCAAGAGCAACTAAGTAGAG-1-1,TP53_CALR_het
AAAGGCAAGCAATCGGAAGTAGAG-1-1,
AAAGGCAAGCACGCAAAAGTAGAG-1-1,TP53_CALR_het
AAAGGCAAGCCCGTTGAAGTAGAG-1-1,TP53_CALR_het
AAAGGCAAGCCCTGATAAGTAGAG-1-1,
AAAGGCAAGGACTTGGAAGTAGAG-1-1,TP53_EZH2_CALR_mut
AAAGGCAAGGGCAGTCAAGTAGAG-1-1,
AAAGGCAAGGTGCACAAAGTAGAG-1-1,TP53_EZH2_CALR_mut
AAAGGCAAGTCAAACAAAGTAGAG-1-1,TP53_CALR_het
AAAGGCAAGTCTAACTAAGTAGAG-1-1,TP53_EZH2_CALR_mut
AAAGGCAAGTTGACGGAAGTAGAG-1-1,TP53_EZH2_CALR_mut
AAAGGCAAGTTTGAGAAAGTAGAG-1-1,
AAAGGCTTCAAGCTCCAAGTAGAG-1-1,TP53_CALR_het
AAAGGCTTCAGCGATGAAGTAGAG-1-1,TP53_CALR_het
AAAGGCTTCCTTTCGTAAGTAGAG-1-1,
AAAGGCTTCGCCTCTCAAGTAGAG-1-1,
AAAGGCTTCGCTTGACAAGTAGAG-1-1,TP53_CALR_het
AAAGGGATCACCTTTCAAGTAGAG-1-1,
AAAGGGATCAGCACCTAAGTAGAG-1-1,TP53_CALR_het
AAAGGGATCCCACATAAAGTAGAG-1-1,TP53_EZH2_CALR_mut
AAAGGGATCCTTGAGCAAGTAGAG-1-1,
AAAGGGATCGCACACTAAGTAGAG-1-1,TP53_CALR_het
AAAGGGATCTGTGACCAAGTAGAG-1-1,
AAAGGTACAAGCTAATAAGTAGAG-1-1,
AAAGGTACACCACATTAAGTAGAG-1-1,TP53_CALR_het
AAAGGTACACCTTCTCAAGTAGAG-1-1,ZRSR2_CALR_mut
AAAGGTACAGCTAAGCAAGTAGAG-1-1,TP53_EZH2_CALR_mut
AAAGGTACATCACTCGAAGTAGAG-1-1,TP53_EZH2_CALR_mut
AAAGGTACATGGCGCAAAGTAGAG-1-1,TP53_CALR_het
AAAGGTACATTACTCAAAGTAGAG-1-1,
AAAGGTACATTTAGCCAAGTAGAG-1-1,TP53_CALR_het
AAAGGTGAGACCATTTAAGTAGAG-1-1,
AAAGGTGAGCAAAGCTAAGTAGAG-1-1,TP53_EZH2_CALR_mut
AAAGGTGAGCGCCTTGAAGTAGAG-1-1,
AAAGGTGAGCTACGTCAAGTAGAG-1-1,TP53_EZH2_CALR_mut
AAAGGTGAGCTTAAAGAAGTAGAG-1-1,
AAAGGTGAGGTTCCGTAAGTAGAG-1-1,
AAAGGTGAGTGTTTGTAAGTAGAG-1-1,
AAAGGTGAGTTACATCAAGTAGAG-1-1,TP53_EZH2_CALR_het
AAAGGTGAGTTATTGCAAGTAGAG-1-1,
AAAGGTGAGTTGGATAAAGTAGAG-1-1,
AAAGTAGCAAACAATCAAGTAGAG-1-1,
AAAGTAGCAAGCCACGAAGTAGAG-1-1,
AAAGTAGCAGAAACTTAAGTAGAG-1-1,
AAAGTAGCAGCCAGCAAAGTAGAG-1-1,
AAAGTAGCAGCTCGAGAAGTAGAG-1-1,
AAAGTAGCATGGGTTAAAGTAGAG-1-1,TP53_CALR_het
AAAGTCATCAAGCCAGAAGTAGAG-1-1,
AAAGTCATCATAACCTAAGTAGAG-1-1,
AAAGTCATCGTGATTTAAGTAGAG-1-1,TP53_CALR_het
AAAGTCATCGTTCGTAAAGTAGAG-1-1,TP53_CALR_het
AAAGTCATCTATTGACAAGTAGAG-1-1,
AAAGTCATCTCAAGAAAAGTAGAG-1-1,
AAAGTCATCTGTCAGCAAGTAGAG-1-1,TP53_EZH2_CALR_mut
AAAGTCATCTTCAAGTAAGTAGAG-1-1,
AAAGTGCTCACAATGAAAGTAGAG-1-1,ZRSR2_CALR_mut
AAAGTGCTCACTGTCAAAGTAGAG-1-1,
AAAGTGCTCAGGCCAAAAGTAGAG-1-1,
AAAGTGCTCATAGGCGAAGTAGAG-1-1,
AAAGTGCTCCAACAGGAAGTAGAG-1-1,TP53_CALR_het
AAAGTGCTCCATAGAAAAGTAGAG-1-1,TP53_EZH2_CALR_mut
AAAGTGCTCGACTCACAAGTAGAG-1-1,ZRSR2_CALR_mut
AAAGTGCTCGACTTTGAAGTAGAG-1-1,TP53_CALR_het
AAAGTGCTCGGTAAGTAAGTAGAG-1-1,
AAAGTGCTCTAAGTCTAAGTAGAG-1-1,
AAAGTGCTCTATGGCCAAGTAGAG-1-1,TP53_EZH2_CALR_mut
AAATCACCACGTAGGTAAGTAGAG-1-1,
AAATCACCAGAAAGGTAAGTAGAG-1-1,TP53_CALR_het
AAATCACCAGCCCTTAAAGTAGAG-1-1,
AAATCACCAGCTACCCAAGTAGAG-1-1,TP53_EZH2_CALR_mut
AAATCACCATTGGACAAAGTAGAG-1-1,
AAATCCTTCAAAGGGAAAGTAGAG-1-1,TP53_CALR_het
AAATCCTTCACGAACGAAGTAGAG-1-1,
AAATCCTTCATGGAACAAGTAGAG-1-1,TP53_CALR_het
AAATCCTTCCAAACAAAAGTAGAG-1-1,TP53_CALR_het
AAATCCTTCGATTCTGAAGTAGAG-1-1,TP53_CALR_het
AAATCCTTCGCGTTACAAGTAGAG-1-1,
AAATCGATCAATTGGAAAGTAGAG-1-1,
AAATCGATCAGGTCGAAAGTAGAG-1-1,ZRSR2_CALR_mut
AAATCGATCCAATGAAAAGTAGAG-1-1,ZRSR2_CALR_mut
AAATCGATCCTCACGGAAGTAGAG-1-1,TP53_EZH2_CALR_mut
AAATCGATCCTGAGGAAAGTAGAG-1-1,TP53_CALR_het
AAATCGATCGATTATCAAGTAGAG-1-1,
AAATCGATCGTCAACCAAGTAGAG-1-1,
AAATCGATCTATGCATAAGTAGAG-1-1,
AAATGAGCAAAGAACAAAGTAGAG-1-1,TP53_EZH2_CALR_mut
AAATGAGCAACAGCTAAAGTAGAG-1-1,TP53_CALR_het
AAATGAGCAGACTCAAAAGTAGAG-1-1,
AAATGAGCAGGCTATAAAGTAGAG-1-1,
AAATGAGCATGCCTCAAAGTAGAG-1-1,ZRSR2_CALR_mut
AAATGAGCATTGAGATAAGTAGAG-1-1,
AAATGGTGTCATTATGAAGTAGAG-1-1,
AAATGGTGTTAGCATCAAGTAGAG-1-1,
AACAAGCTCAACTGGGAAGTAGAG-1-1,ZRSR2_CALR_mut
AACAAGCTCACCTGTAAAGTAGAG-1-1,TP53_EZH2_CALR_mut
AACAAGCTCACGTTATAAGTAGAG-1-1,
AACAAGCTCGGTAACGAAGTAGAG-1-1,ZRSR2_CALR_mut
AACAAGCTCTAAGTCTAAGTAGAG-1-1,TP53_CALR_het
AACAAGCTCTATCTGGAAGTAGAG-1-1,
AACACTAAGAAGGTTCAAGTAGAG-1-1,
AACACTAAGAATGGGAAAGTAGAG-1-1,
AACACTAAGATATTGGAAGTAGAG-1-1,
AACACTAAGCACTACCAAGTAGAG-1-1,
AACACTAAGCCATAAAAAGTAGAG-1-1,
AACACTAAGCTTTACGAAGTAGAG-1-1,
AACACTAAGGCCTCTGAAGTAGAG-1-1,TP53_CALR_het
AACACTAAGTACCCACAAGTAGAG-1-1,
AACATAGTCACGTTCAAAGTAGAG-1-1,
AACATAGTCAGCATGGAAGTAGAG-1-1,TP53_CALR_het
AACATAGTCATCAAGAAAGTAGAG-1-1,ZRSR2_CALR_mut
AACATAGTCATTACCGAAGTAGAG-1-1,TP53_CALR_het
AACATAGTCATTTGCGAAGTAGAG-1-1,
AACATAGTCCAACATTAAGTAGAG-1-1,
AACATAGTCCCTCGTCAAGTAGAG-1-1,TP53_CALR_het
AACATAGTCCCTTTGTAAGTAGAG-1-1,TP53_EZH2_CALR_het
AACATAGTCCTTTGTCAAGTAGAG-1-1,TP53_EZH2_CALR_mut
AACATTGAGCGATAACAAGTAGAG-1-1,TP53_CALR_het
AACATTGAGCTTGAGGAAGTAGAG-1-1,
AACATTGAGGATCCCTAAGTAGAG-1-1,TP53_EZH2_CALR_mut
AACATTGAGGATTAGCAAGTAGAG-1-1,TP53_CALR_het
AACATTGAGGCCATTCAAGTAGAG-1-1,
AACATTGAGGGAGGATAAGTAGAG-1-1,
AACATTGAGGGTCTAGAAGTAGAG-1-1,
AACATTGAGGGTTGCAAAGTAGAG-1-1,TP53_CALR_het
AACATTGAGGTTAGCGAAGTAGAG-1-1,ZRSR2_CALR_mut
AACATTGAGTACGGGCAAGTAGAG-1-1,TP53_EZH2_CALR_mut
AACATTGAGTGGACCAAAGTAGAG-1-1,
AACCAAATCAAAGGGAAAGTAGAG-1-1,
AACCAAATCACAACAAAAGTAGAG-1-1,
AACCAAATCACTATGTAAGTAGAG-1-1,
AACCAAATCAGGCCAAAAGTAGAG-1-1,TP53_CALR_het
AACCAAATCATAATCCAAGTAGAG-1-1,TP53_EZH2_CALR_mut
AACCAAATCGGCTAAGAAGTAGAG-1-1,TP53_EZH2_CALR_mut
AACCAAATCGTAAAGCAAGTAGAG-1-1,ZRSR2_CALR_mut
AACCAAATCTATTGACAAGTAGAG-1-1,
AACCAAATCTATTGGTAAGTAGAG-1-1,
AACCAACAGAACCTCCAAGTAGAG-1-1,TP53_CALR_het
AACCAACAGCGCTAGAAAGTAGAG-1-1,
AACCAACAGGATGAAGAAGTAGAG-1-1,
AACCAACAGGGTTATAAAGTAGAG-1-1,
AACCAACAGGTAAGCTAAGTAGAG-1-1,
AACCAACAGGTTGTGGAAGTAGAG-1-1,
AACCAACAGTAAGCACAAGTAGAG-1-1,TP53_CALR_het
AACCAACAGTCAATAGAAGTAGAG-1-1,
AACCAACAGTGATCAAAAGTAGAG-1-1,
AACCAACAGTTACATCAAGTAGAG-1-1,TP53_CALR_het
AACCAGGTCATAATGGAAGTAGAG-1-1,
AACCAGGTCATGGATAAAGTAGAG-1-1,TP53_CALR_het
AACCAGGTCATTAGTCAAGTAGAG-1-1,
AACCAGGTCCAAATTCAAGTAGAG-1-1,
AACCAGGTCGCTTCGGAAGTAGAG-1-1,ZRSR2_CALR_mut
AACCAGGTCGGTAAACAAGTAGAG-1-1,TP53_EZH2_CALR_mut
AACCAGGTCGTTAGGGAAGTAGAG-1-1,
AACCATAAGAAAGGCAAAGTAGAG-1-1,
AACCATAAGAACCTCCAAGTAGAG-1-1,TP53_EZH2_CALR_mut
AACCATAAGATGAAGGAAGTAGAG-1-1,
AACCATAAGATGATTGAAGTAGAG-1-1,TP53_CALR_het
AACCATAAGCCTATATAAGTAGAG-1-1,
AACCATAAGCTAGCCTAAGTAGAG-1-1,TP53_CALR_het
AACCATAAGCTTAAAGAAGTAGAG-1-1,
AACCATAAGGCTGTGAAAGTAGAG-1-1,
AACCATAAGTTATCCGAAGTAGAG-1-1,
AACCATTTCAGGGATTAAGTAGAG-1-1,
AACCATTTCCATAACTAAGTAGAG-1-1,TP53_CALR_het
AACCATTTCCATTAACAAGTAGAG-1-1,TP53_EZH2_CALR_mut
AACCATTTCTATGCATAAGTAGAG-1-1,
AACCCGGCAACAAAGAAAGTAGAG-1-1,
AACCCGGCAATGTTCCAAGTAGAG-1-1,TP53_EZH2_CALR_het
AACCCGGCACATGCTTAAGTAGAG-1-1,
AACCCGGCACCGGTAGAAGTAGAG-1-1,
AACCCGGCAGATAGCCAAGTAGAG-1-1,TP53_EZH2_CALR_mut
AACCCGGCAGGATTGCAAGTAGAG-1-1,TP53_CALR_het
AACCCGGCATGGATTGAAGTAGAG-1-1,TP53_EZH2_CALR_mut
AACCTAAAGCAAGACTAAGTAGAG-1-1,TP53_EZH2_CALR_mut
AACCTAAAGCTAGCCTAAGTAGAG-1-1,TP53_CALR_het
AACCTAAAGGTGGATTAAGTAGAG-1-1,
AACCTAAAGGTTAGCGAAGTAGAG-1-1,
AACCTAAAGGTTATCTAAGTAGAG-1-1,
AACCTAAAGTCTGTGCAAGTAGAG-1-1,TP53_CALR_het
AACCTAAAGTGTCCACAAGTAGAG-1-1,
AACCTATTCCAGGAATAAGTAGAG-1-1,ZRSR2_CALR_mut
AACCTATTCGTTCGTAAAGTAGAG-1-1,
AACCTATTCTAAGTAGAAGTAGAG-1-1,
AACCTATTCTACTACGAAGTAGAG-1-1,TP53_EZH2_CALR_mut
AACCTATTCTTTAAGCAAGTAGAG-1-1,TP53_CALR_het
AACCTATTCTTTAGCGAAGTAGAG-1-1,TP53_CALR_het
AACCTCATCAGCGATGAAGTAGAG-1-1,
AACCTCATCATGAGGTAAGTAGAG-1-1,TP53_CALR_het
AACCTCATCCAAAGACAAGTAGAG-1-1,
AACCTCATCCAATTACAAGTAGAG-1-1,
AACCTCATCCATAAAGAAGTAGAG-1-1,TP53_CALR_het
AACCTCATCCATTAGTAAGTAGAG-1-1,TP53_EZH2_CALR_mut
AACCTCATCCCAGTACAAGTAGAG-1-1,
AACCTCATCCGTTAGCAAGTAGAG-1-1,TP53_EZH2_CALR_mut
AACCTCATCCTTAGATAAGTAGAG-1-1,TP53_CALR_het
AACCTCATCGCATTTGAAGTAGAG-1-1,TP53_EZH2_CALR_mut
AACCTCATCGGCTAAGAAGTAGAG-1-1,
AACCTCATCGGGACTAAAGTAGAG-1-1,
AACCTCATCTAACTACAAGTAGAG-1-1,
AACCTCATCTATTGCGAAGTAGAG-1-1,ZRSR2_CALR_mut
AACCTCATCTATTGGTAAGTAGAG-1-1,TP53_CALR_het
AACCTCATCTCGCCTCAAGTAGAG-1-1,TP53_EZH2_CALR_mut
AACCTCATCTTAAGCTAAGTAGAG-1-1,
AACCTCATCTTGAAGAAAGTAGAG-1-1,
AACCTCATCTTTAGCGAAGTAGAG-1-1,
AACCTGCTCAAAGGCTAAGTAGAG-1-1,
AACCTGCTCACACAAAAAGTAGAG-1-1,
AACCTGCTCACCACACAAGTAGAG-1-1,
AACCTGCTCATCACATAAGTAGAG-1-1,
AACCTGCTCATGACAAAAGTAGAG-1-1,
AACCTGCTCATGCGTCAAGTAGAG-1-1,TP53_CALR_het
AACCTGCTCATTGTACAAGTAGAG-1-1,TP53_CALR_het
AACCTGCTCCAATACTAAGTAGAG-1-1,TP53_CALR_het
AACCTTTAGACAACTAAAGTAGAG-1-1,
AACCTTTAGCAGGTTGAAGTAGAG-1-1,
AACCTTTAGCCATTTGAAGTAGAG-1-1,TP53_EZH2_CALR_mut
AACCTTTAGGCGGATCAAGTAGAG-1-1,
AACCTTTAGTAACTTCAAGTAGAG-1-1,TP53_EZH2_CALR_mut
AACCTTTAGTAGCGCAAAGTAGAG-1-1,
AACCTTTAGTCAACAAAAGTAGAG-1-1,TP53_EZH2_CALR_mut
AACCTTTAGTCAACTTAAGTAGAG-1-1,
AACCTTTAGTGATCAAAAGTAGAG-1-1,
AACCTTTAGTGCAACGAAGTAGAG-1-1,
AACGGCTCAAGGGTCTAAGTAGAG-1-1,TP53_EZH2_CALR_mut
AACGGCTCAAGGTGCTAAGTAGAG-1-1,TP53_CALR_het
AACGGCTCACAATACGAAGTAGAG-1-1,
AACGGCTCACTCAGTTAAGTAGAG-1-1,
AACGGCTCACTCCCAAAAGTAGAG-1-1,
AACGGCTCAGCCATAAAAGTAGAG-1-1,TP53_EZH2_CALR_mut
AACGGCTCAGCTAAGCAAGTAGAG-1-1,TP53_EZH2_CALR_mut
AACGGCTCAGCTACCCAAGTAGAG-1-1,
AACGGCTCATTGCATCAAGTAGAG-1-1,
AACGGTTAGATTATCCAAGTAGAG-1-1,
AACGGTTAGCACGCAAAAGTAGAG-1-1,
AACGGTTAGCTAGATAAAGTAGAG-1-1,
AACGGTTAGTAAGCACAAGTAGAG-1-1,TP53_EZH2_CALR_mut
AACGGTTAGTACCCACAAGTAGAG-1-1,
AACGGTTAGTGCCCTGAAGTAGAG-1-1,
AACGTTAAGCGAGTTGAAGTAGAG-1-1,
AACGTTAAGCTTAAAGAAGTAGAG-1-1,
AACGTTAAGGACAACTAAGTAGAG-1-1,TP53_CALR_het
AACGTTAAGGATTAGCAAGTAGAG-1-1,TP53_CALR_het
AACGTTAAGGTAAGCTAAGTAGAG-1-1,TP53_CALR_het
AACGTTAAGTACCAGGAAGTAGAG-1-1,ZRSR2_CALR_mut
AACGTTAAGTGATCAAAAGTAGAG-1-1,TP53_EZH2_CALR_mut
AACGTTAAGTGTAATGAAGTAGAG-1-1,
AACGTTCGTAACCCATAAGTAGAG-1-1,
AACGTTCGTCATGAAGAAGTAGAG-1-1,TP53_EZH2_CALR_mut
AACGTTCGTCCATCAGAAGTAGAG-1-1,
AACGTTCGTCCATTAAAAGTAGAG-1-1,TP53_CALR_het
AACGTTCGTGGGAACTAAGTAGAG-1-1,ZRSR2_CALR_mut
AACGTTCGTTATGTGCAAGTAGAG-1-1,
AACGTTCGTTGAGGACAAGTAGAG-1-1,
AACGTTCGTTTGCATAAAGTAGAG-1-1,TP53_EZH2_CALR_mut
AACTAACCAATAGAAGAAGTAGAG-1-1,
AACTAACCACATAGTGAAGTAGAG-1-1,
AACTAACCACGTAGTAAAGTAGAG-1-1,
AACTAACCAGACTCAAAAGTAGAG-1-1,TP53_CALR_het
AACTAACCAGCCATTTAAGTAGAG-1-1,ZRSR2_CALR_mut
AACTAACCATAACCAGAAGTAGAG-1-1,TP53_CALR_het
AACTAACCATAGCGCGAAGTAGAG-1-1,TP53_EZH2_CALR_mut
AACTAACCATCTATCAAAGTAGAG-1-1,
AACTAACCATTCAGGAAAGTAGAG-1-1,
AACTAAGTCACAAGCGAAGTAGAG-1-1,TP53_CALR_het
AACTAAGTCACTTCGAAAGTAGAG-1-1,ZRSR2_CALR_mut
AACTAAGTCAGCTACCAAGTAGAG-1-1,TP53_CALR_het
AACTAAGTCAGGTTGGAAGTAGAG-1-1,
AACTAAGTCCTTTGAGAAGTAGAG-1-1,
AACTAAGTCGACCGTTAAGTAGAG-1-1,TP53_CALR_het
AACTCGCTCCTAAAGAAAGTAGAG-1-1,
AACTCGCTCGAGGCACAAGTAGAG-1-1,
AACTCGCTCGCCACATAAGTAGAG-1-1,TP53_CALR_het
AACTCGCTCGGTACGAAAGTAGAG-1-1,
AACTCGCTCTCTCGCCAAGTAGAG-1-1,
AACTGAATCACGAACGAAGTAGAG-1-1,
AACTGAATCAGCACGAAAGTAGAG-1-1,TP53_CALR_het
AACTGAATCATCAAGAAAGTAGAG-1-1,
AACTGAATCATCCCAAAAGTAGAG-1-1,
AACTGAATCCAGCTTAAAGTAGAG-1-1,
AACTGAATCCGGATAGAAGTAGAG-1-1,TP53_CALR_het
AACTGAATCGCGAGTAAAGTAGAG-1-1,TP53_EZH2_CALR_mut
AACTGAATCGGTAACGAAGTAGAG-1-1,TP53_EZH2_CALR_mut
AACTGAGGTCATCCTCAAGTAGAG-1-1,TP53_EZH2_CALR_mut
AACTGAGGTCCAGCACAAGTAGAG-1-1,
AACTGAGGTGTGGCTCAAGTAGAG-1-1,TP53_CALR_het
AACTGAGGTGTTCCAGAAGTAGAG-1-1,
AACTGAGGTTAATTCGAAGTAGAG-1-1,
AACTGGCCAAACCTGAAAGTAGAG-1-1,
AACTGGCCAAACTGGCAAGTAGAG-1-1,TP53_CALR_het
AACTGGCCAACCCTATAAGTAGAG-1-1,
AACTGGCCACATACCTAAGTAGAG-1-1,
AACTGGCCACTAAGCAAAGTAGAG-1-1,ZRSR2_CALR_mut
AACTGGCCACTCAAAGAAGTAGAG-1-1,
AACTGGCCACTTTGTAAAGTAGAG-1-1,ZRSR2_CALR_mut
AACTGGCCAGATAACTAAGTAGAG-1-1,TP53_CALR_het
AACTGGGTCATCGATTAAGTAGAG-1-1,TP53_EZH2_CALR_mut
AACTGGGTCCCAGACTAAGTAGAG-1-1,TP53_EZH2_CALR_mut
AACTGGGTCGGTAAACAAGTAGAG-1-1,
AACTGGGTCGTCAATTAAGTAGAG-1-1,TP53_CALR_het
AACTGGGTCTGGAACGAAGTAGAG-1-1,
AACTGGGTCTTTAAGCAAGTAGAG-1-1,
AACTTACTCACCCTCCAAGTAGAG-1-1,TP53_CALR_het
AACTTACTCACTGTCAAAGTAGAG-1-1,TP53_CALR_het
AACTTACTCAGCGGGTAAGTAGAG-1-1,TP53_CALR_het
AACTTACTCAGGGATTAAGTAGAG-1-1,TP53_CALR_het
AACTTACTCATTGAGAAAGTAGAG-1-1,TP53_CALR_het
AACTTACTCCAATACTAAGTAGAG-1-1,ZRSR2_CALR_mut
AACTTACTCCCTGGATAAGTAGAG-1-1,
AACTTACTCGATATTCAAGTAGAG-1-1,TP53_CALR_het
AACTTACTCGCAGGACAAGTAGAG-1-1,
AACTTACTCGGCTAGAAAGTAGAG-1-1,
AACTTACTCGGTAATAAAGTAGAG-1-1,
AACTTACTCGTTGCACAAGTAGAG-1-1,
AACTTACTCTGTGCACAAGTAGAG-1-1,
AACTTCGTCAACTGGGAAGTAGAG-1-1,
AACTTCGTCACTATACAAGTAGAG-1-1,
AACTTCGTCCAAATTCAAGTAGAG-1-1,
AACTTCGTCCAATTACAAGTAGAG-1-1,
AACTTCGTCCCAAATTAAGTAGAG-1-1,TP53_EZH2_CALR_mut
AACTTCGTCCCATTGAAAGTAGAG-1-1,
AACTTCGTCCTTTGGAAAGTAGAG-1-1,
AACTTCGTCGGTACGAAAGTAGAG-1-1,
AACTTCGTCTGTCAATAAGTAGAG-1-1,
AACTTGTTCAATCCTGAAGTAGAG-1-1,TP53_CALR_het
AACTTGTTCATAATGGAAGTAGAG-1-1,TP53_EZH2_CALR_mut
AACTTGTTCATCACATAAGTAGAG-1-1,
AACTTGTTCCTGTTCTAAGTAGAG-1-1,ZRSR2_CALR_mut
AACTTGTTCGATTGAAAAGTAGAG-1-1,
AAGAATCGTAAGCGTAAAGTAGAG-1-1,ZRSR2_CALR_mut
AAGAATCGTCCGGTACAAGTAGAG-1-1,TP53_CALR_het
AAGAATCGTCTAACCGAAGTAGAG-1-1,TP53_CALR_het
AAGAATCGTGTAATGGAAGTAGAG-1-1,
AAGAATCGTGTTTGTAAAGTAGAG-1-1,
AAGAATCGTTGCCTGAAAGTAGAG-1-1,
AAGACAACAACGTTAGAAGTAGAG-1-1,
AAGACAACAGGATCCGAAGTAGAG-1-1,
AAGACAACATAGCCTTAAGTAGAG-1-1,TP53_EZH2_CALR_mut
AAGACAACATTACTCAAAGTAGAG-1-1,TP53_CALR_het
AAGACTCAGAAACTCAAAGTAGAG-1-1,ZRSR2_CALR_mut
AAGACTCAGCTATTACAAGTAGAG-1-1,TP53_EZH2_CALR_mut
AAGACTCAGGAGCCGTAAGTAGAG-1-1,
AAGACTCAGGGCGGTTAAGTAGAG-1-1,
AAGACTCAGTTATCCGAAGTAGAG-1-1,
AAGCAACTCACTGTCAAAGTAGAG-1-1,
AAGCAACTCAGCTACCAAGTAGAG-1-1,TP53_CALR_het
AAGCAACTCATAACCTAAGTAGAG-1-1,
AAGCAACTCATGACCCAAGTAGAG-1-1,TP53_EZH2_CALR_mut
AAGCAACTCCAATAGAAAGTAGAG-1-1,
AAGCAACTCCGCCTCTAAGTAGAG-1-1,
AAGCAACTCCGTCAACAAGTAGAG-1-1,TP53_EZH2_CALR_mut
AAGCAACTCGCAACGAAAGTAGAG-1-1,TP53_CALR_het
AAGCAACTCGCTCAGTAAGTAGAG-1-1,TP53_CALR_het
AAGCAACTCGGTACGAAAGTAGAG-1-1,TP53_EZH2_CALR_mut
AAGCAACTCTGTCAGCAAGTAGAG-1-1,
AAGCATGGTAACCCATAAGTAGAG-1-1,
AAGCATGGTAAGGTTGAAGTAGAG-1-1,
AAGCATGGTCCATAGTAAGTAGAG-1-1,
AAGCATGGTCCATCCTAAGTAGAG-1-1,ZRSR2_CALR_mut
AAGCATGGTGAATCTCAAGTAGAG-1-1,TP53_CALR_het
AAGCATGGTGTTGCTGAAGTAGAG-1-1,TP53_EZH2_CALR_mut
AAGCATGGTTAGGTGAAAGTAGAG-1-1,TP53_CALR_het
AAGCATGGTTCGATGTAAGTAGAG-1-1,TP53_EZH2_CALR_mut
AAGCATGGTTGCGGCTAAGTAGAG-1-1,
AAGCATGGTTTCACCCAAGTAGAG-1-1,TP53_EZH2_CALR_mut
AAGCCTCTCAACTTGTAAGTAGAG-1-1,TP53_EZH2_CALR_mut
AAGCCTCTCACATTACAAGTAGAG-1-1,TP53_EZH2_CALR_mut
AAGCCTCTCACTTCGAAAGTAGAG-1-1,
AAGCCTCTCAGCGATGAAGTAGAG-1-1,TP53_CALR_het
AAGCCTCTCATGACAAAAGTAGAG-1-1,
AAGCCTCTCCCATTGAAAGTAGAG-1-1,
AAGCCTCTCCCTGGTGAAGTAGAG-1-1,
AAGCCTCTCCGTGACTAAGTAGAG-1-1,ZRSR2_CALR_mut
AAGCCTCTCGGTAAACAAGTAGAG-1-1,ZRSR2_CALR_mut
AAGCCTCTCGGTACCTAAGTAGAG-1-1,TP53_EZH2_CALR_mut
AAGCCTGAGAACCTAAAAGTAGAG-1-1,
AAGCCTGAGATTCCCAAAGTAGAG-1-1,TP53_CALR_het
AAGCCTGAGCTTGAAAAAGTAGAG-1-1,TP53_EZH2_CALR_mut
AAGCCTGAGGATCCAGAAGTAGAG-1-1,TP53_CALR_het
AAGCCTGAGGGTTAACAAGTAGAG-1-1,
AAGCCTTGTAAGGCTAAAGTAGAG-1-1,TP53_EZH2_CALR_mut
AAGCCTTGTACTAACCAAGTAGAG-1-1,
AAGCCTTGTACTGCCAAAGTAGAG-1-1,TP53_EZH2_CALR_mut
AAGCCTTGTAGACTGAAAGTAGAG-1-1,
AAGCCTTGTCAGGATAAAGTAGAG-1-1,
AAGCCTTGTCGAAGCGAAGTAGAG-1-1,ZRSR2_CALR_mut
AAGCCTTGTGGGAACTAAGTAGAG-1-1,TP53_EZH2_CALR_het
AAGCGATTCAAGGGCCAAGTAGAG-1-1,
AAGCGATTCACAGGGCAAGTAGAG-1-1,
AAGCGATTCACTAATCAAGTAGAG-1-1,
AAGCGATTCATGCCTAAAGTAGAG-1-1,TP53_EZH2_CALR_mut
AAGCGATTCATGGAACAAGTAGAG-1-1,
AAGCGATTCATTGAAGAAGTAGAG-1-1,TP53_CALR_het
AAGCGATTCGAAATGCAAGTAGAG-1-1,ZRSR2_CALR_mut
AAGCGATTCGAAGGCCAAGTAGAG-1-1,TP53_EZH2_CALR_mut
AAGCGATTCGACTCACAAGTAGAG-1-1,TP53_CALR_het
AAGCGATTCGGTTCACAAGTAGAG-1-1,
AAGCGATTCTAATGGAAAGTAGAG-1-1,TP53_CALR_het
AAGCGATTCTGTGCACAAGTAGAG-1-1,
AAGCGCTCAATGGATTAAGTAGAG-1-1,TP53_CALR_het
AAGCGCTCAGCCCTTAAAGTAGAG-1-1,
AAGCGCTCAGGCAACTAAGTAGAG-1-1,
AAGCGCTCATACTGAGAAGTAGAG-1-1,TP53_EZH2_CALR_mut
AAGCGCTCATTTGGCTAAGTAGAG-1-1,TP53_CALR_het
AAGCGGCTCAAGGTCGAAGTAGAG-1-1,TP53_CALR_het
AAGCGGCTCAGGCCTTAAGTAGAG-1-1,TP53_EZH2_CALR_mut
AAGCGGCTCAGGTCGAAAGTAGAG-1-1,
AAGCGGCTCGGTAAACAAGTAGAG-1-1,
AAGCGGCTCGTAAAGCAAGTAGAG-1-1,
AAGCTAATCAGCACAGAAGTAGAG-1-1,TP53_EZH2_CALR_mut
AAGCTAATCCCATAATAAGTAGAG-1-1,TP53_CALR_het
AAGCTAATCCCTCAAAAAGTAGAG-1-1,ZRSR2_CALR_mut
AAGCTAATCGAGGTTGAAGTAGAG-1-1,
AAGCTAATCGCTTGACAAGTAGAG-1-1,TP53_CALR_het
AAGCTAATCGGTAACGAAGTAGAG-1-1,TP53_CALR_het
AAGCTAATCGGTAATAAAGTAGAG-1-1,
AAGCTAATCGGTTATTAAGTAGAG-1-1,TP53_EZH2_CALR_mut
AAGCTAATCGTCAACCAAGTAGAG-1-1,TP53_CALR_het
AAGCTAATCTAAATCCAAGTAGAG-1-1,TP53_EZH2_CALR_mut
AAGCTTAAGATGCTAAAAGTAGAG-1-1,
AAGCTTAAGATTATCCAAGTAGAG-1-1,
AAGCTTAAGGATTAGCAAGTAGAG-1-1,TP53_EZH2_CALR_mut
AAGCTTAAGTAGCTAAAAGTAGAG-1-1,
AAGCTTAAGTCCTGCGAAGTAGAG-1-1,ZRSR2_CALR_mut
AAGCTTAAGTGCCCTGAAGTAGAG-1-1,TP53_CALR_het
AAGCTTAAGTTTGGTTAAGTAGAG-1-1,TP53_CALR_het
AAGGAACCAATACCCTAAGTAGAG-1-1,
AAGGAACCAATACTGGAAGTAGAG-1-1,
AAGGAACCACGGTCGAAAGTAGAG-1-1,TP53_EZH2_CALR_mut
AAGGAACCAGGCAACTAAGTAGAG-1-1,
AAGGAACCATCGATAGAAGTAGAG-1-1,
AAGGAACCATTTCGCGAAGTAGAG-1-1,TP53_EZH2_CALR_mut
AAGGACAAGACCATTTAAGTAGAG-1-1,TP53_EZH2_CALR_mut
AAGGACAAGATTCATCAAGTAGAG-1-1,TP53_CALR_het
AAGGACAAGATTGAGCAAGTAGAG-1-1,TP53_CALR_het
AAGGACAAGCAAGTTAAAGTAGAG-1-1,
AAGGACAAGGATCCAGAAGTAGAG-1-1,
AAGGACAAGGATCCCTAAGTAGAG-1-1,
AAGGACAAGGCAATCGAAGTAGAG-1-1,
AAGGACAAGGCGAGTCAAGTAGAG-1-1,
AAGGACAAGGCTTAGGAAGTAGAG-1-1,
AAGGACAAGTAAGCACAAGTAGAG-1-1,TP53_EZH2_CALR_mut
AAGGACAAGTAGCTAAAAGTAGAG-1-1,
AAGGACAAGTGAGTTAAAGTAGAG-1-1,TP53_CALR_het
AAGGACAAGTTTCCAGAAGTAGAG-1-1,TP53_CALR_het
AAGGAGCAGATAACCAAAGTAGAG-1-1,ZRSR2_CALR_mut
AAGGAGCAGATGAAGGAAGTAGAG-1-1,
AAGGAGCAGCAATCCCAAGTAGAG-1-1,
AAGGAGCAGGTCACAGAAGTAGAG-1-1,
AAGGAGCAGTCCTGCGAAGTAGAG-1-1,
AAGGAGCAGTGTGCAGAAGTAGAG-1-1,TP53_CALR_het
AAGGCACGTTAAGGCAAAGTAGAG-1-1,TP53_EZH2_CALR_mut
AAGGCACGTTAGACTCAAGTAGAG-1-1,TP53_CALR_het
AAGGCACGTTAGCGCCAAGTAGAG-1-1,
AAGGCACGTTGCTCCTAAGTAGAG-1-1,TP53_EZH2_CALR_mut
AAGGCACGTTTCACCCAAGTAGAG-1-1,
AAGGCACGTTTCGCCTAAGTAGAG-1-1,TP53_CALR_het
AAGGCCATCAACTGTTAAGTAGAG-1-1,
AAGGCCATCACAAGCGAAGTAGAG-1-1,
AAGGCCATCCTCAATGAAGTAGAG-1-1,TP53_CALR_het
AAGGCCATCGATATAGAAGTAGAG-1-1,TP53_CALR_het
AAGGCCATCGGCTAAGAAGTAGAG-1-1,TP53_CALR_het
AAGGCCATCTGTCAGCAAGTAGAG-1-1,ZRSR2_CALR_mut
AAGGCCCAGAACCTCCAAGTAGAG-1-1,TP53_EZH2_CALR_mut
AAGGCCCAGACAGACTAAGTAGAG-1-1,TP53_EZH2_CALR_mut
AAGGCCCAGAGGAAATAAGTAGAG-1-1,
AAGGCCCAGAGGTTCGAAGTAGAG-1-1,
AAGGCCCAGCAAATTGAAGTAGAG-1-1,
AAGGCCCAGCCTAGTCAAGTAGAG-1-1,TP53_EZH2_CALR_mut
AAGGCCCAGCTTTACGAAGTAGAG-1-1,TP53_EZH2_CALR_mut
AAGGCCCAGGAACTTAAAGTAGAG-1-1,
AAGGCCCAGGCGCATAAAGTAGAG-1-1,TP53_CALR_het
AAGGCCCAGGCTGGTAAAGTAGAG-1-1,
AAGGCCCAGTCTGTGCAAGTAGAG-1-1,
AAGGCCGGTAAGCGTAAAGTAGAG-1-1,
AAGGCCGGTATAGTGGAAGTAGAG-1-1,TP53_CALR_het
AAGGCCGGTCTACCAGAAGTAGAG-1-1,
AAGGCCGGTGATTACCAAGTAGAG-1-1,
AAGGCCGGTTAATTCGAAGTAGAG-1-1,TP53_CALR_het
AAGGCTGTCGATTGGGAAGTAGAG-1-1,
AAGGCTGTCGCCTCTCAAGTAGAG-1-1,ZRSR2_CALR_mut
AAGGCTGTCGCGTTCGAAGTAGAG-1-1,
AAGGCTGTCGGGCAGTAAGTAGAG-1-1,
AAGGCTGTCTAAGTAGAAGTAGAG-1-1,TP53_CALR_het
AAGGCTGTCTAAGTCTAAGTAGAG-1-1,TP53_CALR_het
AAGGCTGTCTGGCTACAAGTAGAG-1-1,TP53_CALR_het
AAGGCTGTCTTCAAGTAAGTAGAG-1-1,
AAGGCTTAGAATGGCTAAGTAGAG-1-1,
AAGGCTTAGCTGGACAAAGTAGAG-1-1,
AAGGCTTAGGACTTGGAAGTAGAG-1-1,
AAGGCTTAGGAGGATAAAGTAGAG-1-1,
AAGGCTTAGGCGCGATAAGTAGAG-1-1,TP53_CALR_het
AAGGCTTAGTAACGGTAAGTAGAG-1-1,TP53_CALR_het
AAGGCTTAGTAATGGCAAGTAGAG-1-1,
AAGGCTTAGTGAGGAAAAGTAGAG-1-1,
AAGGCTTAGTTGGCCTAAGTAGAG-1-1,TP53_CALR_het
AAGGGAGGTATGTGAGAAGTAGAG-1-1,TP53_CALR_het
AAGGGAGGTCAAAGATAAGTAGAG-1-1,
AAGGGAGGTCATGCATAAGTAGAG-1-1,
AAGGGAGGTCCGTGACAAGTAGAG-1-1,
AAGGGAGGTGCGATAAAAGTAGAG-1-1,
AAGGGAGGTTCACCAGAAGTAGAG-1-1,
AAGGGAGGTTCCTTCAAAGTAGAG-1-1,
AAGGGAGGTTCCTTTGAAGTAGAG-1-1,TP53_CALR_het
AAGGGAGGTTGTTTAGAAGTAGAG-1-1,
AAGGTATGTACGTAAGAAGTAGAG-1-1,TP53_CALR_het
AAGGTATGTACTTATGAAGTAGAG-1-1,
AAGGTATGTATTGCGTAAGTAGAG-1-1,
AAGGTATGTCGAAGGTAAGTAGAG-1-1,
AAGGTATGTCGCAATTAAGTAGAG-1-1,
AAGGTATGTGCTGCACAAGTAGAG-1-1,
AAGGTATGTGGCTTTGAAGTAGAG-1-1,
AAGGTATGTGGTGAGTAAGTAGAG-1-1,
AAGGTATGTGTTCCAGAAGTAGAG-1-1,
AAGGTATGTTAATTCGAAGTAGAG-1-1,ZRSR2_CALR_mut
AAGGTATGTTCCGGGTAAGTAGAG-1-1,TP53_CALR_het
AAGGTTATCACAAAGCAAGTAGAG-1-1,TP53_EZH2_CALR_mut
AAGGTTATCACCTTTCAAGTAGAG-1-1,TP53_CALR_het
AAGGTTATCACTTCGAAAGTAGAG-1-1,
AAGGTTATCAGGCCTTAAGTAGAG-1-1,TP53_CALR_het
AAGGTTATCAGTTTACAAGTAGAG-1-1,TP53_EZH2_CALR_mut
AAGGTTATCCCACATAAAGTAGAG-1-1,TP53_EZH2_CALR_het
AAGGTTATCCCGTTGGAAGTAGAG-1-1,TP53_EZH2_CALR_mut
AAGGTTATCCTCAATGAAGTAGAG-1-1,
AAGGTTATCGACTTGCAAGTAGAG-1-1,
AAGGTTGGTACAGCAAAAGTAGAG-1-1,
AAGGTTGGTCAAAGATAAGTAGAG-1-1,
AAGGTTGGTGCACAAAAAGTAGAG-1-1,
AAGGTTGGTGGCCCATAAGTAGAG-1-1,TP53_CALR_het
AAGGTTGGTGGCTTTGAAGTAGAG-1-1,
AAGGTTGGTTATGTGCAAGTAGAG-1-1,TP53_CALR_het
AAGGTTGGTTGGCCACAAGTAGAG-1-1,TP53_EZH2_CALR_het
AAGGTTGGTTTACCGGAAGTAGAG-1-1,TP53_CALR_het
AAGGTTGGTTTGGGCCAAGTAGAG-1-1,TP53_CALR_het
AAGTACCAGAAACTCAAAGTAGAG-1-1,
AAGTACCAGGGTGGGAAAGTAGAG-1-1,
AAGTACCAGGTTGTAAAAGTAGAG-1-1,
AAGTACCAGTAACTTCAAGTAGAG-1-1,TP53_EZH2_CALR_mut
AAGTCATCAAACCGTAAAGTAGAG-1-1,
AAGTCATCAAGACATTAAGTAGAG-1-1,TP53_CALR_het
AAGTCATCAAGCGATCAAGTAGAG-1-1,TP53_EZH2_CALR_mut
AAGTCATCAAGCTATGAAGTAGAG-1-1,
AAGTCATCACCACACCAAGTAGAG-1-1,TP53_CALR_het
AAGTCATCAGAATCGCAAGTAGAG-1-1,TP53_EZH2_CALR_mut
AAGTCATCATACCTTAAAGTAGAG-1-1,TP53_CALR_het
AAGTCATCATAGCGACAAGTAGAG-1-1,
AAGTCATCATGAGGGAAAGTAGAG-1-1,
AAGTCATCATGGTCAAAAGTAGAG-1-1,
AAGTCATCATTCATGCAAGTAGAG-1-1,
AAGTGAACAAGGCGTTAAGTAGAG-1-1,TP53_CALR_het
AAGTGAACACATAGATAAGTAGAG-1-1,ZRSR2_CALR_mut
AAGTGAACACCGGTAGAAGTAGAG-1-1,TP53_EZH2_CALR_mut
AAGTGAACACTGACAAAAGTAGAG-1-1,
AAGTGAACAGCACTAAAAGTAGAG-1-1,
AAGTGAACAGCGATCGAAGTAGAG-1-1,ZRSR2_CALR_mut
AAGTGAGAGACTAACAAAGTAGAG-1-1,
AAGTGAGAGATGCAACAAGTAGAG-1-1,
AAGTGAGAGCCATCGTAAGTAGAG-1-1,
AAGTGAGAGCTCGACTAAGTAGAG-1-1,
AAGTGAGAGGACAAGAAAGTAGAG-1-1,TP53_CALR_het
AAGTGAGAGGCTACTCAAGTAGAG-1-1,TP53_EZH2_CALR_mut
AAGTTCGCAAACGGTCAAGTAGAG-1-1,
AAGTTCGCAACAGGGAAAGTAGAG-1-1,
AAGTTCGCAAGATAAGAAGTAGAG-1-1,TP53_CALR_het
AAGTTCGCACATTGTCAAGTAGAG-1-1,ZRSR2_CALR_mut
AAGTTCGCACCGGCAAAAGTAGAG-1-1,TP53_CALR_het
AAGTTCGCATGGCGCAAAGTAGAG-1-1,TP53_CALR_het
AAGTTCGCATTCGGTTAAGTAGAG-1-1,
AAGTTCGCATTTGTTGAAGTAGAG-1-1,
AAGTTGCAGAAGGTTCAAGTAGAG-1-1,TP53_CALR_het
AAGTTGCAGAGGATAGAAGTAGAG-1-1,
AAGTTGCAGCACTACCAAGTAGAG-1-1,
AAGTTGCAGCAGCTAGAAGTAGAG-1-1,TP53_EZH2_CALR_mut
AAGTTGCAGCGAAGAAAAGTAGAG-1-1,
AAGTTGCAGGATCCAGAAGTAGAG-1-1,TP53_CALR_het
AAGTTGCAGGCAAGTTAAGTAGAG-1-1,TP53_EZH2_CALR_mut
AAGTTGCAGGTAGACTAAGTAGAG-1-1,
AAGTTGCAGTATCGCCAAGTAGAG-1-1,TP53_CALR_het
AAGTTGCAGTTGGATAAAGTAGAG-1-1,
AAGTTGTCAAGCCTAAAAGTAGAG-1-1,
AAGTTGTCAAGTAAGAAAGTAGAG-1-1,TP53_EZH2_CALR_mut
AAGTTGTCAATCTCTAAAGTAGAG-1-1,
AAGTTGTCACCTTACGAAGTAGAG-1-1,
AAGTTGTCATAGGCGTAAGTAGAG-1-1,TP53_CALR_het
AAGTTGTCATGTGGGTAAGTAGAG-1-1,TP53_EZH2_CALR_mut
AAGTTGTCATTGCCTGAAGTAGAG-1-1,
AAGTTGTCATTTGCTAAAGTAGAG-1-1,
AATACTGAGAAGCATCAAGTAGAG-1-1,
AATACTGAGCAAACCGAAGTAGAG-1-1,TP53_CALR_het
AATACTGAGCAAATTGAAGTAGAG-1-1,TP53_CALR_het
AATACTGAGCAATTGAAAGTAGAG-1-1,TP53_EZH2_CALR_mut
AATACTGAGCACGTTCAAGTAGAG-1-1,TP53_CALR_het
AATACTGAGCTGATTTAAGTAGAG-1-1,TP53_EZH2_CALR_mut
AATACTGAGGCGCGATAAGTAGAG-1-1,
AATACTGAGGCTTAGGAAGTAGAG-1-1,TP53_CALR_het
AATACTGAGGTGAGCCAAGTAGAG-1-1,TP53_EZH2_CALR_mut
AATACTGAGTCGAAACAAGTAGAG-1-1,TP53_EZH2_CALR_mut
AATACTGAGTGATTTCAAGTAGAG-1-1,
AATACTGAGTGTCCACAAGTAGAG-1-1,
AATAGCATCACAGGGCAAGTAGAG-1-1,TP53_EZH2_CALR_mut
AATAGCATCACATTACAAGTAGAG-1-1,TP53_EZH2_CALR_mut
AATAGCATCCAGATAAAAGTAGAG-1-1,
AATAGCATCGGGCAACAAGTAGAG-1-1,
AATAGCATCTATTGGTAAGTAGAG-1-1,
AATATGGTCAACCTCAAAGTAGAG-1-1,TP53_CALR_het
AATATGGTCACTAGGGAAGTAGAG-1-1,
AATATGGTCCAGAAACAAGTAGAG-1-1,
AATATGGTCCCAGACTAAGTAGAG-1-1,TP53_CALR_het
AATATGGTCTAACCTGAAGTAGAG-1-1,
AATATGGTCTTTGGTGAAGTAGAG-1-1,
AATCACGCAATAACCGAAGTAGAG-1-1,
AATCACGCACCTAAAGAAGTAGAG-1-1,TP53_EZH2_CALR_mut
AATCACGCACCTTACGAAGTAGAG-1-1,
AATCACGCATGACATGAAGTAGAG-1-1,
AATCACGCATGGATTGAAGTAGAG-1-1,
AATCCAAAGAAGGTCTAAGTAGAG-1-1,TP53_EZH2_CALR_mut
AATCCAAAGACTATTCAAGTAGAG-1-1,TP53_CALR_het
AATCCAAAGCACTAGGAAGTAGAG-1-1,
AATCCAAAGCGCGAACAAGTAGAG-1-1,TP53_CALR_het
AATCCAAAGCTAAGTAAAGTAGAG-1-1,ZRSR2_CALR_mut
AATCCAAAGGCCTCTGAAGTAGAG-1-1,TP53_EZH2_CALR_mut
AATCCAAAGGCTTAGGAAGTAGAG-1-1,
AATCCAAAGGGCACTAAAGTAGAG-1-1,TP53_CALR_het
AATCCAAAGGTATTTCAAGTAGAG-1-1,TP53_EZH2_CALR_mut
AATCCAAAGTCGAAACAAGTAGAG-1-1,TP53_CALR_het
AATCCAAAGTCTGTGCAAGTAGAG-1-1,TP53_EZH2_CALR_mut
AATCCGGAGACAACACAAGTAGAG-1-1,TP53_EZH2_CALR_mut
AATCCGGAGAGGCGTCAAGTAGAG-1-1,TP53_CALR_het
AATCCGGAGATAATCGAAGTAGAG-1-1,ZRSR2_CALR_mut
AATCCGGAGGTTAGGTAAGTAGAG-1-1,
AATCCGGAGGTTCTTGAAGTAGAG-1-1,
AATCCGGAGTCCTGACAAGTAGAG-1-1,TP53_EZH2_CALR_mut
AATCCGGAGTTTCACGAAGTAGAG-1-1,
AATCCGTGTACTTAGCAAGTAGAG-1-1,
AATCCGTGTCAATACCAAGTAGAG-1-1,
AATCCGTGTCCATTAAAAGTAGAG-1-1,TP53_CALR_het
AATCCGTGTCCCTCATAAGTAGAG-1-1,
AATCCGTGTCCTTCTAAAGTAGAG-1-1,TP53_CALR_het
AATCCGTGTCGTTCGAAAGTAGAG-1-1,TP53_EZH2_CALR_mut
AATCCGTGTGGCCCATAAGTAGAG-1-1,
AATCCGTGTTCTTGAAAAGTAGAG-1-1,
AATCCGTGTTTGCTCCAAGTAGAG-1-1,TP53_CALR_het
AATCGCACAACCGTAAAAGTAGAG-1-1,
AATCGCACAATAACCGAAGTAGAG-1-1,
AATCGCACAATTAGGTAAGTAGAG-1-1,TP53_EZH2_CALR_mut
AATCGCACACATAGTGAAGTAGAG-1-1,
AATCGCACACGTAGTAAAGTAGAG-1-1,TP53_EZH2_CALR_mut
AATCGCACATCGTTCGAAGTAGAG-1-1,TP53_EZH2_CALR_mut
AATCGCCTCAACATTCAAGTAGAG-1-1,TP53_EZH2_CALR_mut
AATCGCCTCAGGAGCCAAGTAGAG-1-1,TP53_CALR_het
AATCGCCTCTCTCGCCAAGTAGAG-1-1,
AATCGCCTCTTAAGCTAAGTAGAG-1-1,TP53_CALR_het
AATCGCGAGACTAATGAAGTAGAG-1-1,TP53_EZH2_CALR_mut
AATCGCGAGATTCCCAAAGTAGAG-1-1,
AATCGCGAGCACCTTAAAGTAGAG-1-1,TP53_EZH2_CALR_mut
AATCGCGAGCATTACTAAGTAGAG-1-1,
AATCGCGAGCCATAAAAAGTAGAG-1-1,
AATCGCGAGCTGGACAAAGTAGAG-1-1,ZRSR2_CALR_mut
AATCGCGAGGAGGCCTAAGTAGAG-1-1,
AATCGCGAGGGCAGTCAAGTAGAG-1-1,TP53_EZH2_CALR_mut
AATCGCGAGTGTGATAAAGTAGAG-1-1,
AATCGCGAGTTAGTTCAAGTAGAG-1-1,TP53_EZH2_CALR_mut
AATCGGCCAAACCCAAAAGTAGAG-1-1,
AATCGGCCAACAGCACAAGTAGAG-1-1,TP53_CALR_het
AATCGGCCAAGCTAATAAGTAGAG-1-1,
AATCGGCCACAATACGAAGTAGAG-1-1,
AATCGGCCACAATGGCAAGTAGAG-1-1,TP53_CALR_het
AATCGGCCAGGATTATAAGTAGAG-1-1,TP53_CALR_het
AATCGGCCAGGCTGTGAAGTAGAG-1-1,ZRSR2_CALR_mut
AATCGGCCATCGTTCGAAGTAGAG-1-1,TP53_EZH2_CALR_mut
AATCGGCCATGGCGCAAAGTAGAG-1-1,ZRSR2_CALR_mut
AATCGTTTCACAAATGAAGTAGAG-1-1,
AATCGTTTCCCTCGCTAAGTAGAG-1-1,TP53_CALR_het
AATCGTTTCGACCCATAAGTAGAG-1-1,
AATCGTTTCGGGCAACAAGTAGAG-1-1,TP53_CALR_het
AATCGTTTCGTTGCACAAGTAGAG-1-1,
AATCGTTTCTTGATCGAAGTAGAG-1-1,ZRSR2_CALR_mut
AATCTCTAGAAGTACCAAGTAGAG-1-1,TP53_EZH2_CALR_mut
AATCTCTAGAGGATAGAAGTAGAG-1-1,TP53_CALR_het
AATCTCTAGATTCGTTAAGTAGAG-1-1,
AATCTCTAGGGATGAAAAGTAGAG-1-1,
AATCTCTAGTAACGTAAAGTAGAG-1-1,TP53_CALR_het
AATCTCTAGTAACTTCAAGTAGAG-1-1,ZRSR2_CALR_mut
AATGAAGCATAAGTCGAAGTAGAG-1-1,TP53_CALR_het
AATGAAGCATATCGCTAAGTAGAG-1-1,TP53_EZH2_CALR_mut
AATGAAGCATCGGGCAAAGTAGAG-1-1,TP53_EZH2_CALR_mut
AATGAAGCATTGTGAGAAGTAGAG-1-1,
AATGAAGCATTTAGCCAAGTAGAG-1-1,
AATGACCAGACTAACAAAGTAGAG-1-1,TP53_EZH2_CALR_mut
AATGACCAGCGAGCTAAAGTAGAG-1-1,TP53_CALR_het
AATGACCAGCTTACATAAGTAGAG-1-1,TP53_CALR_het
AATGACCAGGATGGTTAAGTAGAG-1-1,
AATGACCAGGCGCAGTAAGTAGAG-1-1,TP53_CALR_het
AATGACCAGTCAACAAAAGTAGAG-1-1,TP53_EZH2_CALR_mut
AATGACCAGTCGAAACAAGTAGAG-1-1,
AATGACCAGTTTGCATAAGTAGAG-1-1,TP53_CALR_het
AATGCGCCACTATGTCAAGTAGAG-1-1,
AATGCGCCATTGCCCAAAGTAGAG-1-1,TP53_CALR_het
AATGCGCCATTTCGCGAAGTAGAG-1-1,TP53_CALR_het
AATGGATGTATGTTTGAAGTAGAG-1-1,TP53_EZH2_CALR_mut
AATGGATGTATTGGGAAAGTAGAG-1-1,TP53_CALR_het
AATGGATGTCCACAATAAGTAGAG-1-1,
AATGGATGTGCGTACCAAGTAGAG-1-1,TP53_EZH2_CALR_mut
AATGGCAGTAAAGCATAAGTAGAG-1-1,TP53_CALR_het
AATGGCAGTAAAGCGCAAGTAGAG-1-1,TP53_CALR_het
AATGGCAGTAGCTATCAAGTAGAG-1-1,TP53_EZH2_CALR_mut
AATGGCAGTCATCCTCAAGTAGAG-1-1,
AATGGCAGTGCACAAAAAGTAGAG-1-1,TP53_CALR_het
AATGGCAGTGTCCTTCAAGTAGAG-1-1,TP53_CALR_het
AATGGCAGTTAGTGGAAAGTAGAG-1-1,TP53_EZH2_CALR_mut
AATGGCAGTTGCTCCTAAGTAGAG-1-1,TP53_CALR_het
AATGGCAGTTGGGTTTAAGTAGAG-1-1,
AATGGCAGTTTATCGAAAGTAGAG-1-1,TP53_CALR_het
AATGTGATCACAAAGCAAGTAGAG-1-1,
AATGTGATCACAGATAAAGTAGAG-1-1,TP53_EZH2_CALR_mut
AATGTGATCACGAACGAAGTAGAG-1-1,TP53_CALR_het
AATGTGATCACTAATCAAGTAGAG-1-1,ZRSR2_CALR_mut
AATGTGATCCATCCGGAAGTAGAG-1-1,TP53_EZH2_CALR_mut
AATGTGATCCCTGGATAAGTAGAG-1-1,
AATGTGATCCGCAACTAAGTAGAG-1-1,
AATGTGATCGCCTGCAAAGTAGAG-1-1,
AATGTGATCTCTATGGAAGTAGAG-1-1,TP53_CALR_het
AATTACCTCAATGTTCAAGTAGAG-1-1,TP53_EZH2_CALR_mut
AATTACCTCAATTGGAAAGTAGAG-1-1,
AATTACCTCACAACAAAAGTAGAG-1-1,TP53_CALR_het
AATTACCTCATCAAGAAAGTAGAG-1-1,
AATTACCTCATGACCCAAGTAGAG-1-1,TP53_EZH2_CALR_mut
AATTACCTCCAAAGGTAAGTAGAG-1-1,
AATTACCTCCTGCCAGAAGTAGAG-1-1,TP53_CALR_het
AATTACCTCGACTCACAAGTAGAG-1-1,
AATTACCTCGATTGAAAAGTAGAG-1-1,TP53_CALR_het
AATTACCTCGCGTTCGAAGTAGAG-1-1,
AATTACCTCTGTGCACAAGTAGAG-1-1,ZRSR2_CALR_mut
AATTGACCAAGATAAGAAGTAGAG-1-1,
AATTGACCAATACTGGAAGTAGAG-1-1,
AATTGACCAATGTGGCAAGTAGAG-1-1,
AATTGACCACAACAATAAGTAGAG-1-1,TP53_EZH2_CALR_mut
AATTGACCACCTCGACAAGTAGAG-1-1,TP53_EZH2_CALR_mut
AATTGACCACTCAATCAAGTAGAG-1-1,TP53_EZH2_CALR_mut
AATTGACCAGGAGCAAAAGTAGAG-1-1,
AATTGACCAGGGCTATAAGTAGAG-1-1,
AATTGACCATCGATAGAAGTAGAG-1-1,ZRSR2_CALR_mut
AATTGACCATGAAGCCAAGTAGAG-1-1,
AATTGACCATTACACCAAGTAGAG-1-1,TP53_CALR_het
AATTGACCATTCATGCAAGTAGAG-1-1,
AATTGACCATTGTGAGAAGTAGAG-1-1,ZRSR2_CALR_mut
AATTTGGAGCGAATACAAGTAGAG-1-1,
AATTTGGAGCGAGTTGAAGTAGAG-1-1,TP53_CALR_het
AATTTGGAGCTCAACCAAGTAGAG-1-1,TP53_EZH2_CALR_het
AATTTGGAGCTTAAAGAAGTAGAG-1-1,
AATTTGGAGGTTCCGTAAGTAGAG-1-1,
AATTTGGAGGTTTCCAAAGTAGAG-1-1,TP53_CALR_het
AATTTGGAGTACCCACAAGTAGAG-1-1,ZRSR2_CALR_mut
AATTTGGAGTTACACTAAGTAGAG-1-1,TP53_EZH2_CALR_mut
ACAAACCAGAATGGCTAAGTAGAG-1-1,TP53_CALR_het
ACAAACCAGAGCCGGTAAGTAGAG-1-1,TP53_EZH2_CALR_mut
ACAAACCAGAGGAAATAAGTAGAG-1-1,TP53_EZH2_CALR_mut
ACAAACCAGATTATCCAAGTAGAG-1-1,TP53_EZH2_CALR_het
ACAAACCAGCGAATGTAAGTAGAG-1-1,
ACAAACCAGGACAAAGAAGTAGAG-1-1,
ACAAACCAGGTCACTCAAGTAGAG-1-1,TP53_EZH2_CALR_mut
ACAAAGGAGCAAGTTAAAGTAGAG-1-1,
ACAAAGGAGCCAGAGCAAGTAGAG-1-1,
ACAAAGGAGCCATCACAAGTAGAG-1-1,TP53_CALR_het
ACAAAGGAGCGAAGAAAAGTAGAG-1-1,TP53_CALR_het
ACAAAGGAGCGCGAACAAGTAGAG-1-1,
ACAAAGGAGCTAAGTAAAGTAGAG-1-1,
ACAAAGGAGCTATCCAAAGTAGAG-1-1,TP53_CALR_het
ACAAAGGAGCTGATTTAAGTAGAG-1-1,
ACAAAGGAGGAAGGTAAAGTAGAG-1-1,TP53_EZH2_CALR_mut
ACAAAGGAGGCGATATAAGTAGAG-1-1,
ACAAAGGAGTATGGGTAAGTAGAG-1-1,
ACAACATCAAAGGTAAAAGTAGAG-1-1,
ACAACATCAACTAAGTAAGTAGAG-1-1,TP53_CALR_het
ACAACATCAATCATCCAAGTAGAG-1-1,TP53_EZH2_CALR_mut
ACAACATCACGTAGTAAAGTAGAG-1-1,
ACAACATCATCACAGAAAGTAGAG-1-1,TP53_CALR_het
ACAACATCATCATGCTAAGTAGAG-1-1,ZRSR2_CALR_mut
ACAACATCATGTGGCGAAGTAGAG-1-1,
ACAACATCATTACACCAAGTAGAG-1-1,
ACAACATCATTTCTTCAAGTAGAG-1-1,TP53_CALR_het
ACAACCTGTAACCTTAAAGTAGAG-1-1,TP53_EZH2_CALR_mut
ACAACCTGTACTTACAAAGTAGAG-1-1,TP53_CALR_het
ACAACCTGTAGCCCGTAAGTAGAG-1-1,TP53_EZH2_CALR_mut
ACAACCTGTGCGGCTTAAGTAGAG-1-1,TP53_EZH2_CALR_mut
ACAACCTGTGTGGCTCAAGTAGAG-1-1,
ACAACCTGTTCGGTCAAAGTAGAG-1-1,TP53_CALR_het
ACAACCTGTTTCTAAGAAGTAGAG-1-1,TP53_CALR_het
ACAACGGTCAACTTGTAAGTAGAG-1-1,
ACAACGGTCAATTTGCAAGTAGAG-1-1,ZRSR2_CALR_mut
ACAACGGTCAGGCAATAAGTAGAG-1-1,TP53_CALR_het
ACAACGGTCCCAGTACAAGTAGAG-1-1,
ACAACGGTCCTAAATCAAGTAGAG-1-1,
ACAACGGTCGATTGAAAAGTAGAG-1-1,
ACAACGGTCGGCTAGAAAGTAGAG-1-1,TP53_CALR_het
ACAACGGTCGTAAAGCAAGTAGAG-1-1,TP53_CALR_het
ACAACGGTCTATCACGAAGTAGAG-1-1,
ACAACTTTCAAGCCAGAAGTAGAG-1-1,
ACAACTTTCACAAATGAAGTAGAG-1-1,TP53_EZH2_CALR_mut
ACAACTTTCACCTGTAAAGTAGAG-1-1,TP53_CALR_het
ACAACTTTCAGTAGGTAAGTAGAG-1-1,TP53_CALR_het
ACAACTTTCATGGAACAAGTAGAG-1-1,TP53_EZH2_CALR_het
ACAACTTTCATTAGCTAAGTAGAG-1-1,
ACAACTTTCATTAGTCAAGTAGAG-1-1,TP53_EZH2_CALR_mut
ACAACTTTCGATATAGAAGTAGAG-1-1,
ACAACTTTCGTCCATAAAGTAGAG-1-1,TP53_EZH2_CALR_mut
ACAACTTTCGTTGCACAAGTAGAG-1-1,
ACAAGGCGTATTTACGAAGTAGAG-1-1,TP53_EZH2_CALR_mut
ACAAGGCGTGCCCTTTAAGTAGAG-1-1,TP53_EZH2_CALR_mut
ACAAGGCGTGCGATAAAAGTAGAG-1-1,
ACAAGGCGTGTTAGAGAAGTAGAG-1-1,TP53_CALR_het
ACAAGGCGTTGCCTGAAAGTAGAG-1-1,
ACAAGGCGTTTCACCCAAGTAGAG-1-1,TP53_CALR_het
ACAAGTATCAACCGGAAAGTAGAG-1-1,TP53_CALR_het
ACAAGTATCACTAATCAAGTAGAG-1-1,
ACAAGTATCATCACATAAGTAGAG-1-1,TP53_CALR_het
ACAAGTATCATGCATTAAGTAGAG-1-1,TP53_CALR_het
ACAAGTATCCACAATTAAGTAGAG-1-1,TP53_EZH2_CALR_mut
ACAAGTATCCTTTCTAAAGTAGAG-1-1,TP53_CALR_het
ACAAGTATCGGTACCTAAGTAGAG-1-1,TP53_CALR_het
ACAATCAAGAAACTCAAAGTAGAG-1-1,TP53_CALR_het
ACAATCAAGAGCCGGTAAGTAGAG-1-1,TP53_EZH2_CALR_mut
ACAATCAAGAGGAGTAAAGTAGAG-1-1,
ACAATCAAGAGGCGGAAAGTAGAG-1-1,
ACAATCAAGCGCTTACAAGTAGAG-1-1,
ACAATCAAGGAGCCGTAAGTAGAG-1-1,TP53_CALR_het
ACAATCAAGGTTGTGGAAGTAGAG-1-1,
ACAATCAAGTAAGCTAAAGTAGAG-1-1,TP53_CALR_het
ACAATGTCAAATATGCAAGTAGAG-1-1,
ACAATGTCACAAATACAAGTAGAG-1-1,TP53_CALR_het
ACAATGTCACCACAAAAAGTAGAG-1-1,
ACAATGTCACCTAACTAAGTAGAG-1-1,
ACAATGTCACCTAAGAAAGTAGAG-1-1,TP53_EZH2_CALR_mut
ACAATGTCAGGAGCAAAAGTAGAG-1-1,
ACAATGTCAGGTGACTAAGTAGAG-1-1,
ACAATGTCATCCGCTAAAGTAGAG-1-1,
ACAATGTCATTGAACGAAGTAGAG-1-1,TP53_CALR_het
ACAATGTCATTTAGCCAAGTAGAG-1-1,TP53_EZH2_CALR_mut
ACAATTGAGAAGGTCTAAGTAGAG-1-1,TP53_CALR_het
ACAATTGAGATTGCAAAAGTAGAG-1-1,
ACAATTGAGGCAGGCTAAGTAGAG-1-1,TP53_EZH2_CALR_mut
ACAATTGAGGTCAATAAAGTAGAG-1-1,
ACAATTGAGTAAGCTAAAGTAGAG-1-1,TP53_CALR_het
ACAATTGAGTCTATGTAAGTAGAG-1-1,
ACAATTGAGTTTGCATAAGTAGAG-1-1,
ACACAAGGTAAACCCTAAGTAGAG-1-1,TP53_CALR_het
ACACAAGGTAACCGCCAAGTAGAG-1-1,ZRSR2_CALR_mut
ACACAAGGTACGTTACAAGTAGAG-1-1,
ACACAAGGTCACTATAAAGTAGAG-1-1,
ACACAAGGTCGTTGCAAAGTAGAG-1-1,TP53_EZH2_CALR_mut
ACACAAGGTGGCTCACAAGTAGAG-1-1,TP53_CALR_het
ACACAAGGTTGAATCCAAGTAGAG-1-1,
ACACAAGGTTGCATCGAAGTAGAG-1-1,TP53_CALR_het
ACACAAGGTTGGAGCGAAGTAGAG-1-1,
ACACAAGGTTGTTGTAAAGTAGAG-1-1,TP53_EZH2_CALR_mut
ACACAAGGTTGTTTAGAAGTAGAG-1-1,TP53_CALR_het
ACACAAGGTTTGTTTCAAGTAGAG-1-1,
ACACAATCAAACGGGAAAGTAGAG-1-1,
ACACAATCAACCGTAAAAGTAGAG-1-1,ZRSR2_CALR_mut
ACACAATCAGCAAGCTAAGTAGAG-1-1,
ACACAATCAGGCAACTAAGTAGAG-1-1,TP53_CALR_het
ACACAATCAGTTGCCCAAGTAGAG-1-1,TP53_CALR_het
ACACAATCATCATCACAAGTAGAG-1-1,
ACACAATCATGCGCAGAAGTAGAG-1-1,TP53_CALR_het
ACACAATCATTTCTTCAAGTAGAG-1-1,
ACACCAACAAACACGCAAGTAGAG-1-1,TP53_EZH2_CALR_mut
ACACCAACAAGGTGCTAAGTAGAG-1-1,TP53_EZH2_CALR_mut
ACACCAACAAGTTAACAAGTAGAG-1-1,
ACACCAACAAGTTCCTAAGTAGAG-1-1,TP53_CALR_het
ACACCAACAATCGTTCAAGTAGAG-1-1,TP53_EZH2_CALR_mut
ACACCAACACTTTATGAAGTAGAG-1-1,ZRSR2_CALR_mut
ACACCAACAGGCAACTAAGTAGAG-1-1,
ACACCAACATTCCTGGAAGTAGAG-1-1,
ACACCAACATTGGACAAAGTAGAG-1-1,TP53_CALR_het
ACACCGGCAACAGAGGAAGTAGAG-1-1,
ACACCGGCAAGATGCCAAGTAGAG-1-1,
ACACCGGCAGACTCAAAAGTAGAG-1-1,TP53_CALR_het
ACACCGGCAGAGGCTTAAGTAGAG-1-1,
ACACCGGCAGCCAGCAAAGTAGAG-1-1,
ACACCGGCATTAGCGAAAGTAGAG-1-1,TP53_EZH2_CALR_mut
ACACCGGCATTGCGCCAAGTAGAG-1-1,
ACACCTATCAAAGGGAAAGTAGAG-1-1,TP53_EZH2_CALR_mut
ACACCTATCACCTGTAAAGTAGAG-1-1,TP53_CALR_het
ACACCTATCATCCAGCAAGTAGAG-1-1,TP53_EZH2_CALR_mut
ACACCTATCATGAATGAAGTAGAG-1-1,
ACACCTATCCAGAACGAAGTAGAG-1-1,
ACACCTATCCCGCTGAAAGTAGAG-1-1,ZRSR2_CALR_mut
ACACCTATCGCTTGGTAAGTAGAG-1-1,TP53_CALR_het
ACACCTATCGGTACAGAAGTAGAG-1-1,
ACACCTATCTCAAACTAAGTAGAG-1-1,
ACACCTATCTGTCAGCAAGTAGAG-1-1,
ACACCTTCAACATAGTAAGTAGAG-1-1,TP53_CALR_het
ACACCTTCAGCACCTCAAGTAGAG-1-1,TP53_EZH2_CALR_mut
ACACCTTCATAGGCGTAAGTAGAG-1-1,
ACACCTTCATAGGGTCAAGTAGAG-1-1,TP53_CALR_het
ACACGCGCAAGCTCAAAAGTAGAG-1-1,
ACACGCGCAATGGCCGAAGTAGAG-1-1,TP53_EZH2_CALR_het
ACACGCGCAGCTAGACAAGTAGAG-1-1,
ACACGCGCAGCTTTCGAAGTAGAG-1-1,
ACACGCGCAGTGAGGAAAGTAGAG-1-1,TP53_EZH2_CALR_mut
ACACGCGCATCGATAGAAGTAGAG-1-1,
ACACTAAAGCGAGTTGAAGTAGAG-1-1,TP53_CALR_het
ACACTAAAGCGCTAGAAAGTAGAG-1-1,TP53_EZH2_CALR_mut
ACACTAAAGGAACCGCAAGTAGAG-1-1,TP53_EZH2_CALR_mut
ACACTAAAGGTCACTCAAGTAGAG-1-1,ZRSR2_CALR_mut
ACACTAAAGGTGGATTAAGTAGAG-1-1,
ACACTAAAGGTTGCAGAAGTAGAG-1-1,TP53_CALR_het
ACACTAAAGTCGAAACAAGTAGAG-1-1,TP53_CALR_het
ACACTAAAGTGTCCACAAGTAGAG-1-1,
ACACTTGTCACCATATAAGTAGAG-1-1,
ACACTTGTCATTTGCGAAGTAGAG-1-1,
ACACTTGTCCACAATTAAGTAGAG-1-1,
ACACTTGTCCTGGAAGAAGTAGAG-1-1,TP53_CALR_het
ACAGCACCAAACACGCAAGTAGAG-1-1,
ACAGCACCAAGGAATAAAGTAGAG-1-1,
ACAGCACCAATCATCCAAGTAGAG-1-1,
ACAGCACCAATGTTCCAAGTAGAG-1-1,
ACAGCACCACAGCCAGAAGTAGAG-1-1,TP53_CALR_het
ACAGCACCACCTAAAGAAGTAGAG-1-1,TP53_EZH2_CALR_mut
ACAGCACCACGCCACTAAGTAGAG-1-1,TP53_CALR_het
ACAGCACCACGGTAACAAGTAGAG-1-1,
ACAGCACCAGCTACCCAAGTAGAG-1-1,
ACAGCACCAGGTATTGAAGTAGAG-1-1,TP53_CALR_het
ACAGCACCATAGGCGTAAGTAGAG-1-1,
ACAGCACCATTAGCGAAAGTAGAG-1-1,TP53_CALR_het
ACAGCACCATTGGACAAAGTAGAG-1-1,
ACAGCCGCAAGTAAGAAAGTAGAG-1-1,
ACAGCCGCACTAAGGCAAGTAGAG-1-1,TP53_EZH2_CALR_mut
ACAGCCGCACTCAATCAAGTAGAG-1-1,TP53_CALR_het
ACAGCCGCAGTAATACAAGTAGAG-1-1,
ACAGCCGCATCGTTCGAAGTAGAG-1-1,TP53_CALR_het
ACAGCGGGTACTAACCAAGTAGAG-1-1,
ACAGCGGGTAGCTTTAAAGTAGAG-1-1,ZRSR2_CALR_mut
ACAGCGGGTGCAATAGAAGTAGAG-1-1,
ACAGCGGGTTAAGCTCAAGTAGAG-1-1,TP53_EZH2_CALR_mut
ACAGCGGGTTCGGTATAAGTAGAG-1-1,
ACAGCGGGTTGAGTCTAAGTAGAG-1-1,
ACAGCGGGTTGGCGAGAAGTAGAG-1-1,
ACAGGCATCAAGATGCAAGTAGAG-1-1,TP53_CALR_het
ACAGGCATCGCGAGTAAAGTAGAG-1-1,TP53_EZH2_CALR_mut
ACAGGCATCTAGCCTAAAGTAGAG-1-1,TP53_CALR_het
ACAGGCATCTGGCCATAAGTAGAG-1-1,
ACAGGCATCTGGGAATAAGTAGAG-1-1,TP53_EZH2_CALR_mut
ACAGGTAGTACGAACAAAGTAGAG-1-1,TP53_CALR_het
ACAGGTAGTATAGTGGAAGTAGAG-1-1,
ACAGGTAGTCGTTGCAAAGTAGAG-1-1,TP53_EZH2_CALR_mut
ACAGGTAGTGTGAGACAAGTAGAG-1-1,
ACAGGTAGTTATGTGCAAGTAGAG-1-1,TP53_CALR_het
ACAGGTAGTTGGATGAAAGTAGAG-1-1,ZRSR2_CALR_mut
ACAGTTGCAAACCGGTAAGTAGAG-1-1,
ACAGTTGCAAATATGCAAGTAGAG-1-1,ZRSR2_CALR_mut
ACAGTTGCAACATAGTAAGTAGAG-1-1,
ACAGTTGCAAGCTATGAAGTAGAG-1-1,TP53_CALR_het
ACAGTTGCACACTAAGAAGTAGAG-1-1,TP53_EZH2_CALR_mut
ACAGTTGCAGGCTATAAAGTAGAG-1-1,TP53_CALR_het
ACAGTTGCAGGTAGCTAAGTAGAG-1-1,
ACAGTTGCATCATAGGAAGTAGAG-1-1,
ACAGTTGCATTCAACCAAGTAGAG-1-1,
ACAGTTGCATTTCTTCAAGTAGAG-1-1,
ACAGTTGCATTTGGAGAAGTAGAG-1-1,
ACATACTTCAAGCTCCAAGTAGAG-1-1,
ACATACTTCACAAAGCAAGTAGAG-1-1,TP53_CALR_het
ACATACTTCACCATATAAGTAGAG-1-1,TP53_EZH2_CALR_mut
ACATACTTCCGTCAACAAGTAGAG-1-1,TP53_CALR_het
ACATACTTCCTGCAACAAGTAGAG-1-1,
ACATACTTCGACCGTTAAGTAGAG-1-1,
ACATACTTCGATTGAAAAGTAGAG-1-1,
ACATACTTCGCCTGCAAAGTAGAG-1-1,
ACATAGTCAAGCTATGAAGTAGAG-1-1,
ACATAGTCACTCCCTTAAGTAGAG-1-1,
ACATAGTCAGTGAGGAAAGTAGAG-1-1,
ACATAGTCAGTTATCCAAGTAGAG-1-1,
ACATAGTCATTGGACAAAGTAGAG-1-1,TP53_EZH2_CALR_het
ACATGTTTCAGTAGGTAAGTAGAG-1-1,
ACATGTTTCCGTGACTAAGTAGAG-1-1,
ACATGTTTCCTTGAGCAAGTAGAG-1-1,
ACATGTTTCGCAGCAAAAGTAGAG-1-1,
ACATGTTTCTCGCCTCAAGTAGAG-1-1,TP53_CALR_het
ACATGTTTCTGGGAATAAGTAGAG-1-1,
ACATGTTTCTGGTCTAAAGTAGAG-1-1,TP53_EZH2_CALR_mut
ACATTACTCACAGCCTAAGTAGAG-1-1,
ACATTACTCATGTCATAAGTAGAG-1-1,
ACATTACTCCATAACTAAGTAGAG-1-1,TP53_EZH2_CALR_mut
ACATTACTCGCGCATTAAGTAGAG-1-1,TP53_CALR_het
ACATTACTCGCTTCAAAAGTAGAG-1-1,
ACATTACTCGTCAATTAAGTAGAG-1-1,
ACATTGTTCAGGCCTTAAGTAGAG-1-1,
ACATTGTTCCAAACAAAAGTAGAG-1-1,
ACATTGTTCCAACATTAAGTAGAG-1-1,
ACATTGTTCCTAAAGAAAGTAGAG-1-1,
ACATTGTTCCTTTCGTAAGTAGAG-1-1,TP53_EZH2_CALR_mut
ACATTGTTCGACCGTTAAGTAGAG-1-1,TP53_EZH2_CALR_het
ACATTGTTCGCCTCTCAAGTAGAG-1-1,
ACATTGTTCTGGCTACAAGTAGAG-1-1,
ACCAACTGTAACGTGAAAGTAGAG-1-1,ZRSR2_CALR_mut
ACCAACTGTAGCCCGTAAGTAGAG-1-1,TP53_EZH2_CALR_mut
ACCAACTGTAGTAGGCAAGTAGAG-1-1,ZRSR2_CALR_mut
ACCAACTGTCAATTCAAAGTAGAG-1-1,
ACCAACTGTGCGCAAGAAGTAGAG-1-1,TP53_CALR_het
ACCAACTGTGTGACCCAAGTAGAG-1-1,
ACCAACTGTTTGGCCAAAGTAGAG-1-1,TP53_EZH2_CALR_mut
ACCAATAAGATGCTAAAAGTAGAG-1-1,
ACCAATAAGCAGGCTAAAGTAGAG-1-1,
ACCAATAAGGCTCCATAAGTAGAG-1-1,
ACCAATAAGGTTTCGCAAGTAGAG-1-1,
ACCAATAAGTACCCACAAGTAGAG-1-1,
ACCAATAAGTGCCCTGAAGTAGAG-1-1,TP53_EZH2_CALR_mut
ACCAATCGTACTGCCAAAGTAGAG-1-1,TP53_EZH2_CALR_mut
ACCAATCGTAGCCACCAAGTAGAG-1-1,
ACCAATCGTGCCCGATAAGTAGAG-1-1,
ACCAATCGTGCGGCTTAAGTAGAG-1-1,
ACCAATCGTGCTGCACAAGTAGAG-1-1,TP53_EZH2_CALR_mut
ACCAATCGTGGGTGTGAAGTAGAG-1-1,
ACCAATCGTTAGAGGCAAGTAGAG-1-1,
ACCAATCGTTAGTGGAAAGTAGAG-1-1,TP53_EZH2_CALR_mut
ACCAATCGTTGGCGAGAAGTAGAG-1-1,TP53_CALR_het
ACCAATTTCAAAGGCTAAGTAGAG-1-1,
ACCAATTTCAACTGTTAAGTAGAG-1-1,TP53_EZH2_CALR_mut
ACCAATTTCATGCGTCAAGTAGAG-1-1,TP53_CALR_het
ACCAATTTCGGTACAGAAGTAGAG-1-1,
ACCACAACAAGTGGCTAAGTAGAG-1-1,TP53_CALR_het
ACCACAACACATAGATAAGTAGAG-1-1,
ACCACAACACCAGCCTAAGTAGAG-1-1,TP53_CALR_het
ACCACAACACTTTACAAAGTAGAG-1-1,TP53_CALR_het
ACCACAACATGTGGGTAAGTAGAG-1-1,
ACCACAACATTCTGTAAAGTAGAG-1-1,
ACCACAACATTGAAGTAAGTAGAG-1-1,TP53_CALR_het
ACCACAACATTGACTCAAGTAGAG-1-1,TP53_CALR_het
ACCACGTTCACAAAGCAAGTAGAG-1-1,TP53_EZH2_CALR_mut
ACCACGTTCACTATGTAAGTAGAG-1-1,
ACCACGTTCATTACCGAAGTAGAG-1-1,
ACCACGTTCCCTCATTAAGTAGAG-1-1,
ACCACGTTCCTTAGATAAGTAGAG-1-1,TP53_CALR_het
ACCACGTTCCTTGTTCAAGTAGAG-1-1,
ACCACGTTCGATGAACAAGTAGAG-1-1,
ACCACGTTCGCCACATAAGTAGAG-1-1,
ACCAGGTCAAATAAGGAAGTAGAG-1-1,
ACCAGGTCAAGCTAATAAGTAGAG-1-1,
ACCAGGTCACTAACGAAAGTAGAG-1-1,
ACCAGGTCAGAATCGCAAGTAGAG-1-1,TP53_CALR_het
ACCAGGTCATACTTCAAAGTAGAG-1-1,
ACCAGGTCATCACTCGAAGTAGAG-1-1,TP53_CALR_het
ACCATATTCAAGATGCAAGTAGAG-1-1,
ACCATATTCACAAATGAAGTAGAG-1-1,TP53_CALR_het
ACCATATTCAGGTTAAAAGTAGAG-1-1,ZRSR2_CALR_mut
ACCATATTCCACTAATAAGTAGAG-1-1,
ACCATATTCCATGATTAAGTAGAG-1-1,TP53_CALR_het
ACCATATTCGCCTATAAAGTAGAG-1-1,
ACCATATTCGCTTCAAAAGTAGAG-1-1,TP53_CALR_het
ACCATATTCGGGCAGTAAGTAGAG-1-1,TP53_EZH2_CALR_mut
ACCATATTCTCACAATAAGTAGAG-1-1,TP53_CALR_het
ACCATTAGTAATTGCCAAGTAGAG-1-1,TP53_EZH2_CALR_mut
ACCATTAGTACGAACAAAGTAGAG-1-1,TP53_EZH2_CALR_mut
ACCATTAGTATTCGTAAAGTAGAG-1-1,TP53_CALR_het
ACCATTAGTGAACGTAAAGTAGAG-1-1,
ACCATTAGTGATTAGGAAGTAGAG-1-1,ZRSR2_CALR_mut
ACCATTAGTTAGAGGCAAGTAGAG-1-1,
ACCATTAGTTGGCGAGAAGTAGAG-1-1,
ACCCAAACAAAGTGCCAAGTAGAG-1-1,
ACCCAAACAAGACATTAAGTAGAG-1-1,
ACCCAAACAAGCGAAGAAGTAGAG-1-1,TP53_CALR_het
ACCCAAACAAGTCGCGAAGTAGAG-1-1,ZRSR2_CALR_mut
ACCCAAACAAGTGCACAAGTAGAG-1-1,TP53_CALR_het
ACCCAAACATGGCCGAAAGTAGAG-1-1,
ACCCAAACATGGCTAAAAGTAGAG-1-1,
ACCCAAACATTGTGAGAAGTAGAG-1-1,TP53_EZH2_CALR_mut
ACCCAAACATTTGGAGAAGTAGAG-1-1,
ACCCAACTCACTTCGAAAGTAGAG-1-1,TP53_CALR_het
ACCCAACTCACTTGATAAGTAGAG-1-1,TP53_EZH2_CALR_mut
ACCCAACTCAGGCAATAAGTAGAG-1-1,
ACCCAACTCATGATGAAAGTAGAG-1-1,
ACCCAACTCCGAAAGTAAGTAGAG-1-1,TP53_EZH2_CALR_mut
ACCCAACTCGATATTCAAGTAGAG-1-1,TP53_EZH2_CALR_mut
ACCCGCTCAAAGCCTAAAGTAGAG-1-1,
ACCCGCTCACAATACGAAGTAGAG-1-1,TP53_EZH2_CALR_mut
ACCCGCTCACTCAATCAAGTAGAG-1-1,
ACCCGCTCACTTTATGAAGTAGAG-1-1,TP53_EZH2_CALR_mut
ACCCGCTCAGACTCAAAAGTAGAG-1-1,
ACCCGCTCAGCCTGAGAAGTAGAG-1-1,TP53_CALR_het
ACCCGCTCATGGATTGAAGTAGAG-1-1,
ACCCGCTCATGTTTCAAAGTAGAG-1-1,
ACCCGCTCATTTGTTGAAGTAGAG-1-1,
ACCCGTTAGCTGATTTAAGTAGAG-1-1,
ACCCGTTAGGTTAGGTAAGTAGAG-1-1,
ACCCGTTAGTACCCACAAGTAGAG-1-1,TP53_EZH2_CALR_mut
ACCCGTTAGTCCTCAAAAGTAGAG-1-1,
ACCCTAATCAACCGCTAAGTAGAG-1-1,
ACCCTAATCAATCGCCAAGTAGAG-1-1,
ACCCTAATCACTAGGGAAGTAGAG-1-1,
ACCCTAATCGTGATGGAAGTAGAG-1-1,
ACCCTAATCTATCACGAAGTAGAG-1-1,
ACCCTAATCTCGCCTCAAGTAGAG-1-1,
ACCCTAATCTTCGCCCAAGTAGAG-1-1,
ACCCTCACAAACACGCAAGTAGAG-1-1,TP53_EZH2_CALR_mut
ACCCTCACAAAGCCTAAAGTAGAG-1-1,TP53_CALR_het
ACCCTCACAACCTCGCAAGTAGAG-1-1,
ACCCTCACAAGCCAGTAAGTAGAG-1-1,
ACCCTCACACCGGCAAAAGTAGAG-1-1,
ACCCTCACAGCCCTTAAAGTAGAG-1-1,
ACCCTCACATCCCTCTAAGTAGAG-1-1,TP53_EZH2_CALR_mut
ACCCTCACATTGAACGAAGTAGAG-1-1,
ACCCTCACATTGAGATAAGTAGAG-1-1,
ACCCTCACATTTCGACAAGTAGAG-1-1,TP53_EZH2_CALR_mut
ACCCTCACATTTCGCGAAGTAGAG-1-1,TP53_EZH2_CALR_mut
ACCCTCCTCAGTTAGAAAGTAGAG-1-1,TP53_CALR_het
ACCCTCCTCATCCAGCAAGTAGAG-1-1,
ACCCTCCTCATTTGCGAAGTAGAG-1-1,ZRSR2_CALR_mut
ACCCTCCTCCAGAACGAAGTAGAG-1-1,
ACCCTCCTCTATCTGGAAGTAGAG-1-1,TP53_EZH2_CALR_mut
ACCCTCCTCTGGCTACAAGTAGAG-1-1,TP53_CALR_het
ACCCTCCTCTTAATGCAAGTAGAG-1-1,
ACCCTGGTCAGGGATTAAGTAGAG-1-1,TP53_CALR_het
ACCCTGGTCCGCACCAAAGTAGAG-1-1,TP53_EZH2_CALR_mut
ACCCTGGTCGGTCAAGAAGTAGAG-1-1,
ACCCTGGTCTCAAACTAAGTAGAG-1-1,
ACCCTTCGTACACCCAAAGTAGAG-1-1,
ACCCTTCGTCACACCAAAGTAGAG-1-1,
ACCCTTCGTCACTATAAAGTAGAG-1-1,
ACCCTTCGTGTTTGCGAAGTAGAG-1-1,TP53_CALR_het
ACCCTTCGTTGTGAGAAAGTAGAG-1-1,
ACCGAAGTCAAGCGATAAGTAGAG-1-1,
ACCGAAGTCAAGCTCCAAGTAGAG-1-1,ZRSR2_CALR_mut
ACCGAAGTCAAGGTCGAAGTAGAG-1-1,
ACCGAAGTCAAGTTAGAAGTAGAG-1-1,
ACCGAAGTCATTTAGCAAGTAGAG-1-1,ZRSR2_CALR_mut
ACCGAAGTCCTGAGGAAAGTAGAG-1-1,
ACCGAAGTCGAACCGAAAGTAGAG-1-1,TP53_EZH2_CALR_mut
ACCGAAGTCGCTTGCGAAGTAGAG-1-1,
ACCGAAGTCGGGCAACAAGTAGAG-1-1,TP53_CALR_het
ACCGAAGTCTAAGTAGAAGTAGAG-1-1,
ACCGAAGTCTATTGCGAAGTAGAG-1-1,TP53_EZH2_CALR_mut
ACCGAAGTCTTGAATCAAGTAGAG-1-1,
ACCGCCATCAAAGGCTAAGTAGAG-1-1,TP53_EZH2_CALR_mut
ACCGCCATCAACATTCAAGTAGAG-1-1,TP53_CALR_het
ACCGCCATCAAGGTGTAAGTAGAG-1-1,
ACCGCCATCAGCGAATAAGTAGAG-1-1,
ACCGCCATCATGCATTAAGTAGAG-1-1,TP53_EZH2_CALR_mut
ACCGCCATCCAGCTTAAAGTAGAG-1-1,TP53_CALR_het
ACCGCCATCCATAGGGAAGTAGAG-1-1,TP53_CALR_het
ACCGCCATCGAAGGCCAAGTAGAG-1-1,
ACCGCCATCGACCGTTAAGTAGAG-1-1,
ACCGCCATCGCCACATAAGTAGAG-1-1,TP53_CALR_het
ACCGCCATCGCGGATAAAGTAGAG-1-1,ZRSR2_CALR_mut
ACCGCCATCGGTACGAAAGTAGAG-1-1,
ACCGCCATCGTCCATAAAGTAGAG-1-1,
ACCGCCATCTGCAACCAAGTAGAG-1-1,
ACCGCCTCAAACTTGGAAGTAGAG-1-1,
ACCGCCTCAATCCACTAAGTAGAG-1-1,
ACCGCCTCACGTTACTAAGTAGAG-1-1,
ACCGCCTCATACTGAGAAGTAGAG-1-1,
ACCGCCTCATTCATGCAAGTAGAG-1-1,TP53_CALR_het
ACCGGCTGTAAGGCCGAAGTAGAG-1-1,
ACCGGCTGTAGCTTTAAAGTAGAG-1-1,TP53_CALR_het
ACCGGCTGTCATGATCAAGTAGAG-1-1,
ACCGGCTGTGGCTCACAAGTAGAG-1-1,ZRSR2_CALR_mut
ACCGGCTGTGGTGCAGAAGTAGAG-1-1,
ACCGGCTGTTGGGCGAAAGTAGAG-1-1,TP53_EZH2_CALR_het
ACCGGTAAGACTATTCAAGTAGAG-1-1,TP53_EZH2_CALR_mut
ACCGGTAAGCGGCTTTAAGTAGAG-1-1,ZRSR2_CALR_mut
ACCGGTAAGGCCTCTGAAGTAGAG-1-1,TP53_CALR_het
ACCGGTAAGGCGAGTCAAGTAGAG-1-1,
ACCGGTAAGGCGGATCAAGTAGAG-1-1,
ACCGGTAAGGGAGGCAAAGTAGAG-1-1,
ACCGGTAAGGTTATCTAAGTAGAG-1-1,
ACCGGTAAGTACCCACAAGTAGAG-1-1,
ACCGGTTTCACAGGATAAGTAGAG-1-1,
ACCGGTTTCAGCGGGTAAGTAGAG-1-1,TP53_EZH2_CALR_mut
ACCGGTTTCAGGCCTTAAGTAGAG-1-1,TP53_CALR_het
ACCGGTTTCCGAAAGTAAGTAGAG-1-1,TP53_EZH2_CALR_mut
ACCGGTTTCCTTTGTCAAGTAGAG-1-1,ZRSR2_CALR_mut
ACCGGTTTCGCAACGAAAGTAGAG-1-1,ZRSR2_CALR_mut
ACCGGTTTCGCCACATAAGTAGAG-1-1,TP53_CALR_het
ACCGGTTTCGCTTCAAAAGTAGAG-1-1,
ACCGGTTTCGTGATGGAAGTAGAG-1-1,TP53_CALR_het
ACCGTTATCACTAGGGAAGTAGAG-1-1,
ACCGTTATCCAAAGGTAAGTAGAG-1-1,
ACCGTTATCCAGAACGAAGTAGAG-1-1,TP53_CALR_het
ACCGTTATCCATAAAGAAGTAGAG-1-1,TP53_CALR_het
ACCGTTATCCCAAATTAAGTAGAG-1-1,
ACCGTTATCCTTTGTCAAGTAGAG-1-1,TP53_CALR_het
ACCGTTATCGAGGTTGAAGTAGAG-1-1,TP53_CALR_het
ACCGTTATCGATTCTGAAGTAGAG-1-1,
ACCGTTATCGGGACTAAAGTAGAG-1-1,ZRSR2_CALR_mut
ACCTAAGCAACAAGTTAAGTAGAG-1-1,
ACCTAAGCAAGTTCCTAAGTAGAG-1-1,TP53_EZH2_CALR_mut
ACCTAAGCAGCGGATTAAGTAGAG-1-1,
ACCTAGTGTAAGGTTGAAGTAGAG-1-1,TP53_EZH2_CALR_mut
ACCTAGTGTATGTGAGAAGTAGAG-1-1,
ACCTAGTGTCAGGATAAAGTAGAG-1-1,TP53_CALR_het
ACCTAGTGTCCTGCAAAAGTAGAG-1-1,
ACCTAGTGTCGAGGCAAAGTAGAG-1-1,
ACCTAGTGTCGTCCAAAAGTAGAG-1-1,
ACCTAGTGTTCCGTGAAAGTAGAG-1-1,
ACCTAGTGTTCTTACTAAGTAGAG-1-1,TP53_CALR_het
ACCTATCCAACATAGTAAGTAGAG-1-1,TP53_CALR_het
ACCTATCCAACGACTAAAGTAGAG-1-1,
ACCTATCCACACAAATAAGTAGAG-1-1,
ACCTATCCACTAAGGCAAGTAGAG-1-1,
ACCTATCCAGCCTATTAAGTAGAG-1-1,TP53_CALR_het
ACCTATCCAGCTAGCGAAGTAGAG-1-1,
ACCTATCCAGGCTTAAAAGTAGAG-1-1,
ACCTATCCATACTTCAAAGTAGAG-1-1,TP53_CALR_het
ACCTATCCATCAAGCAAAGTAGAG-1-1,TP53_EZH2_CALR_mut
ACCTATCCATGGCCGAAAGTAGAG-1-1,
ACCTCACAGAAGGTCTAAGTAGAG-1-1,TP53_CALR_het
ACCTCACAGACGCATGAAGTAGAG-1-1,TP53_CALR_het
ACCTCACAGACTCCTAAAGTAGAG-1-1,
ACCTCACAGCACTAGGAAGTAGAG-1-1,
ACCTCACAGCCAAACGAAGTAGAG-1-1,ZRSR2_CALR_mut
ACCTCACAGCCTGGTTAAGTAGAG-1-1,TP53_CALR_het
ACCTCACAGCTGGGTAAAGTAGAG-1-1,
ACCTCACAGCTTGAAAAAGTAGAG-1-1,
ACCTCACAGGACAAGAAAGTAGAG-1-1,
ACCTCACAGGTAGACTAAGTAGAG-1-1,TP53_CALR_het
ACCTCACAGGTCTTGCAAGTAGAG-1-1,
ACCTCACAGGTGAGAAAAGTAGAG-1-1,TP53_CALR_het
ACCTCATCAAACTTCCAAGTAGAG-1-1,
ACCTCATCAACCGTAAAAGTAGAG-1-1,TP53_EZH2_CALR_mut
ACCTCATCAACCTCGCAAGTAGAG-1-1,
ACCTCATCAAGCTAATAAGTAGAG-1-1,TP53_EZH2_CALR_mut
ACCTCATCAAGTTCCTAAGTAGAG-1-1,
ACCTCATCAAGTTGGCAAGTAGAG-1-1,TP53_CALR_het
ACCTCATCACCTGGTCAAGTAGAG-1-1,
ACCTCATCAGTGAGGAAAGTAGAG-1-1,TP53_CALR_het
ACCTCATCATGGTCAAAAGTAGAG-1-1,
ACCTCATCATTGTGTCAAGTAGAG-1-1,TP53_EZH2_CALR_mut
ACCTCCCTCAACCGGAAAGTAGAG-1-1,
ACCTCCCTCACAAGCGAAGTAGAG-1-1,
ACCTCCCTCACAATGAAAGTAGAG-1-1,TP53_CALR_het
ACCTCCCTCAGTAAGCAAGTAGAG-1-1,
ACCTCCCTCATGGATAAAGTAGAG-1-1,
ACCTCCCTCCAGCTTAAAGTAGAG-1-1,TP53_CALR_het
ACCTCCCTCGAACGTGAAGTAGAG-1-1,
ACCTCCCTCGCATTTGAAGTAGAG-1-1,TP53_EZH2_CALR_mut
ACCTCCCTCGCGGATAAAGTAGAG-1-1,TP53_CALR_het
ACCTCCCTCGGGACTAAAGTAGAG-1-1,
ACCTCCCTCTTTAAGCAAGTAGAG-1-1,TP53_CALR_het
ACCTCTAAGAACCTAAAAGTAGAG-1-1,TP53_EZH2_CALR_het
ACCTCTAAGACAAAGGAAGTAGAG-1-1,
ACCTCTAAGCATGTGGAAGTAGAG-1-1,TP53_EZH2_CALR_mut
ACCTCTAAGGACACGCAAGTAGAG-1-1,ZRSR2_CALR_mut
ACCTCTAAGGCAAGCCAAGTAGAG-1-1,TP53_CALR_het
ACCTCTAAGGCGGATCAAGTAGAG-1-1,ZRSR2_CALR_mut
ACCTCTAAGGTCAAACAAGTAGAG-1-1,TP53_CALR_het
ACCTGGAAGAGCAAGAAAGTAGAG-1-1,TP53_EZH2_CALR_mut
ACCTGGAAGCCTAGTCAAGTAGAG-1-1,
ACCTGGAAGCGCTACTAAGTAGAG-1-1,ZRSR2_CALR_mut
ACCTGGAAGGGAGGATAAGTAGAG-1-1,
ACCTGGAAGGTTATCTAAGTAGAG-1-1,TP53_CALR_het
ACCTGGAAGTTACCCAAAGTAGAG-1-1,ZRSR2_CALR_mut
ACCTTTACAAAGCCTAAAGTAGAG-1-1,
ACCTTTACAACAAGCCAAGTAGAG-1-1,
ACCTTTACAACAGGGAAAGTAGAG-1-1,
ACCTTTACACCTACTGAAGTAGAG-1-1,TP53_CALR_het
ACCTTTACAGGATCCGAAGTAGAG-1-1,
ACCTTTACAGGCTATAAAGTAGAG-1-1,
ACCTTTACATGGGTTAAAGTAGAG-1-1,TP53_EZH2_CALR_mut
ACGAATATCAACTGTTAAGTAGAG-1-1,
ACGAATATCACCAGGAAAGTAGAG-1-1,TP53_EZH2_CALR_mut
ACGAATATCAGGGATTAAGTAGAG-1-1,ZRSR2_CALR_mut
ACGAATATCTATTCGGAAGTAGAG-1-1,TP53_EZH2_CALR_mut
ACGAATATCTGCCATAAAGTAGAG-1-1,TP53_CALR_het
ACGAATATCTGTGATTAAGTAGAG-1-1,TP53_EZH2_CALR_mut
ACGAATATCTTACTCCAAGTAGAG-1-1,
ACGAGGGAGCGAAGCCAAGTAGAG-1-1,
ACGAGGGAGGGATTTAAAGTAGAG-1-1,
ACGAGGGAGGGCGGAAAAGTAGAG-1-1,
ACGAGGGAGGTGGATTAAGTAGAG-1-1,TP53_CALR_het
ACGAGGGAGTGTGATAAAGTAGAG-1-1,
ACGAGGGAGTTTCGCAAAGTAGAG-1-1,
ACGATTCGTACTTCAAAAGTAGAG-1-1,
ACGATTCGTAGCGCGAAAGTAGAG-1-1,
ACGATTCGTAGTAACGAAGTAGAG-1-1,
ACGATTCGTGTTAGTCAAGTAGAG-1-1,
ACGATTGCACAGCCAGAAGTAGAG-1-1,
ACGATTGCACCGGCAAAAGTAGAG-1-1,TP53_EZH2_CALR_mut
ACGATTGCACTGACAAAAGTAGAG-1-1,
ACGATTGCATCAAGCAAAGTAGAG-1-1,TP53_CALR_het
ACGATTGCATTGGACAAAGTAGAG-1-1,
ACGCAAGTCAACCTCAAAGTAGAG-1-1,TP53_EZH2_CALR_mut
ACGCAAGTCACAGCCTAAGTAGAG-1-1,TP53_CALR_het
ACGCAAGTCAGGCTGAAAGTAGAG-1-1,TP53_CALR_het
ACGCAAGTCATTAGTCAAGTAGAG-1-1,
ACGCAAGTCATTATGCAAGTAGAG-1-1,
ACGCAAGTCCAGAACGAAGTAGAG-1-1,TP53_EZH2_CALR_mut
ACGCAAGTCGGTTCCGAAGTAGAG-1-1,TP53_CALR_het
ACGCAAGTCTGTGCACAAGTAGAG-1-1,ZRSR2_CALR_mut
ACGCACGCAACAAAGAAAGTAGAG-1-1,TP53_EZH2_CALR_mut
ACGCACGCAATCGTGAAAGTAGAG-1-1,
ACGCACGCAGAGGCTTAAGTAGAG-1-1,
ACGCACGCAGATAGCCAAGTAGAG-1-1,
ACGCACGCAGCGGATTAAGTAGAG-1-1,TP53_EZH2_CALR_het
ACGCACGCATCACGCCAAGTAGAG-1-1,
ACGCACGCATGGATTGAAGTAGAG-1-1,TP53_CALR_het
ACGCATGAGCTGATGGAAGTAGAG-1-1,TP53_EZH2_CALR_mut
ACGCATGAGGCTCCATAAGTAGAG-1-1,
ACGCATGAGTTTACCGAAGTAGAG-1-1,
ACGCATTGTAAACTGGAAGTAGAG-1-1,
ACGCATTGTATGGTAGAAGTAGAG-1-1,
ACGCATTGTATTCGGTAAGTAGAG-1-1,TP53_EZH2_CALR_mut
ACGCATTGTATTCGTAAAGTAGAG-1-1,TP53_CALR_het
ACGCATTGTCCTGAGCAAGTAGAG-1-1,
ACGCATTGTGGGAACTAAGTAGAG-1-1,
ACGCATTGTGGTGCAGAAGTAGAG-1-1,TP53_CALR_het
ACGCATTGTGTGAGGTAAGTAGAG-1-1,
ACGCATTGTGTTAGCTAAGTAGAG-1-1,
ACGCATTGTTGACCCAAAGTAGAG-1-1,TP53_CALR_het
ACGCATTGTTGCGAAAAAGTAGAG-1-1,TP53_CALR_het
ACGCATTGTTGGCGAGAAGTAGAG-1-1,
ACGCCACGTAATGGATAAGTAGAG-1-1,
ACGCCACGTAATTTCGAAGTAGAG-1-1,TP53_CALR_het
ACGCCACGTACGAACAAAGTAGAG-1-1,TP53_EZH2_CALR_het
ACGCCACGTACGTTACAAGTAGAG-1-1,
ACGCCACGTCATGCATAAGTAGAG-1-1,
ACGCCACGTTAATCCAAAGTAGAG-1-1,TP53_CALR_het
ACGCCCATCCAATGAAAAGTAGAG-1-1,
ACGCCCATCCTTAGATAAGTAGAG-1-1,TP53_CALR_het
ACGCCCATCCTTGAGCAAGTAGAG-1-1,TP53_CALR_het
ACGCCCATCGACTCACAAGTAGAG-1-1,
ACGCCCATCGATGAACAAGTAGAG-1-1,TP53_CALR_het
ACGCCCATCGCCTGCAAAGTAGAG-1-1,
ACGCCCATCTGGCCCAAAGTAGAG-1-1,TP53_EZH2_CALR_mut
ACGCCTAGTCAAAGATAAGTAGAG-1-1,
ACGCCTAGTCGTTCGAAAGTAGAG-1-1,
ACGCCTAGTTGAGTCTAAGTAGAG-1-1,
ACGCCTAGTTGTCATAAAGTAGAG-1-1,TP53_CALR_het
ACGCCTAGTTTCGCCTAAGTAGAG-1-1,
ACGGAACGTATGTTGCAAGTAGAG-1-1,TP53_EZH2_CALR_mut
ACGGAACGTCATCATAAAGTAGAG-1-1,
ACGGAACGTCCGCTAAAAGTAGAG-1-1,
ACGGAACGTTAGCATCAAGTAGAG-1-1,
ACGGACCAGACTTAAGAAGTAGAG-1-1,
ACGGACCAGCAAAGCTAAGTAGAG-1-1,TP53_CALR_het
ACGGACCAGCAGCCAAAAGTAGAG-1-1,TP53_CALR_het
ACGGACCAGCCTCTAAAAGTAGAG-1-1,ZRSR2_CALR_mut
ACGGACCAGCTTACCAAAGTAGAG-1-1,TP53_EZH2_CALR_mut
ACGGACCAGGGCACTAAAGTAGAG-1-1,ZRSR2_CALR_mut
ACGGACCAGTAACTTCAAGTAGAG-1-1,TP53_EZH2_CALR_mut
ACGGACCAGTGGACCAAAGTAGAG-1-1,TP53_CALR_het
ACGGACCAGTTAGGCGAAGTAGAG-1-1,
ACGGACCAGTTAGTTCAAGTAGAG-1-1,
ACGGATAGTAACGTTCAAGTAGAG-1-1,TP53_EZH2_CALR_mut
ACGGATAGTACGAATGAAGTAGAG-1-1,
ACGGATAGTACGTTCGAAGTAGAG-1-1,
ACGGATAGTAGTTGTCAAGTAGAG-1-1,
ACGGATAGTCAAAGATAAGTAGAG-1-1,
ACGGATAGTGCGGTTCAAGTAGAG-1-1,
ACGGATAGTTTAACCAAAGTAGAG-1-1,
ACGGATTAGACGCATGAAGTAGAG-1-1,TP53_CALR_het
ACGGATTAGCGCTAGAAAGTAGAG-1-1,
ACGGATTAGGCACAATAAGTAGAG-1-1,
ACGGATTAGGGTTACGAAGTAGAG-1-1,TP53_EZH2_CALR_mut
ACGGATTAGTCCTGACAAGTAGAG-1-1,
ACGGTAAGTACGAACAAAGTAGAG-1-1,
ACGGTAAGTGAACGGTAAGTAGAG-1-1,
ACGGTAAGTGTAATGGAAGTAGAG-1-1,
ACGGTAAGTGTTAGTCAAGTAGAG-1-1,
ACGGTAAGTTATGAGGAAGTAGAG-1-1,
ACGGTAAGTTCGAATCAAGTAGAG-1-1,TP53_CALR_het
ACGGTAAGTTGGTTACAAGTAGAG-1-1,
ACGTAATCAACAGATTAAGTAGAG-1-1,TP53_CALR_het
ACGTAATCAATATGGTAAGTAGAG-1-1,
ACGTAATCACATGCTTAAGTAGAG-1-1,TP53_CALR_het
ACGTAATCACCTGGTCAAGTAGAG-1-1,
ACGTAATCACTTTGTAAAGTAGAG-1-1,TP53_CALR_het
ACGTAATCATGGCTAAAAGTAGAG-1-1,
ACGTAATCATTACTTGAAGTAGAG-1-1,TP53_CALR_het
ACGTAGCCAACTAAGTAAGTAGAG-1-1,ZRSR2_CALR_mut
ACGTAGCCAAGCCAGTAAGTAGAG-1-1,TP53_EZH2_CALR_mut
ACGTAGCCAAGTCGCGAAGTAGAG-1-1,
ACGTAGCCAGCTAAGCAAGTAGAG-1-1,TP53_EZH2_CALR_mut
ACGTAGCCAGCTAGCGAAGTAGAG-1-1,
ACGTAGCCAGTAAGGGAAGTAGAG-1-1,
ACGTAGCCATCCACCAAAGTAGAG-1-1,TP53_CALR_het
ACGTATTTCACCTAATAAGTAGAG-1-1,
ACGTATTTCAGCACAGAAGTAGAG-1-1,
ACGTATTTCCTTTGAGAAGTAGAG-1-1,
ACGTATTTCGCCACATAAGTAGAG-1-1,
ACGTCAACAAGTGCACAAGTAGAG-1-1,
ACGTCAACAATCATCCAAGTAGAG-1-1,
ACGTCAACAATGAAGAAAGTAGAG-1-1,TP53_EZH2_CALR_mut
ACGTCAACACGTAGGTAAGTAGAG-1-1,TP53_EZH2_CALR_mut
ACGTCAACACTTTATGAAGTAGAG-1-1,
ACGTCAACATAGACGCAAGTAGAG-1-1,
ACGTCAACATCATGTCAAGTAGAG-1-1,
ACGTGCAAGACTTAAGAAGTAGAG-1-1,
ACGTGCAAGATTATCCAAGTAGAG-1-1,TP53_CALR_het
ACGTGCAAGCTCAACCAAGTAGAG-1-1,
ACGTGCAAGCTTGAGGAAGTAGAG-1-1,TP53_EZH2_CALR_mut
ACGTGCAAGGAAGGTAAAGTAGAG-1-1,
ACGTGCAAGGAGGATAAAGTAGAG-1-1,
ACGTGCAAGGTTGCAGAAGTAGAG-1-1,
ACGTGCAAGTCAATAGAAGTAGAG-1-1,
ACGTGCAAGTGTGAGTAAGTAGAG-1-1,
ACGTTCGGTATGTTTGAAGTAGAG-1-1,TP53_EZH2_CALR_mut
ACGTTCGGTATTTGTGAAGTAGAG-1-1,
ACGTTCGGTCAAAGATAAGTAGAG-1-1,TP53_CALR_het
ACGTTCGGTCATGAAGAAGTAGAG-1-1,
ACGTTCGGTGCATTACAAGTAGAG-1-1,
ACGTTCGGTTCCGGGTAAGTAGAG-1-1,
ACGTTCGGTTGGGCGAAAGTAGAG-1-1,TP53_CALR_het
ACTAAACCAAGCTAATAAGTAGAG-1-1,TP53_CALR_het
ACTAAACCACCTTTGGAAGTAGAG-1-1,ZRSR2_CALR_mut
ACTAAACCAGCCAGCAAAGTAGAG-1-1,
ACTAAACCAGCTTTCGAAGTAGAG-1-1,TP53_EZH2_CALR_mut
ACTAAACCAGGTATATAAGTAGAG-1-1,TP53_CALR_het
ACTAAACCAGTTATCCAAGTAGAG-1-1,
ACTAAACCATGACCAAAAGTAGAG-1-1,TP53_CALR_het
ACTAAACCATGCAATGAAGTAGAG-1-1,
ACTAAACCATGGATTGAAGTAGAG-1-1,
ACTAAACCATGGGTTAAAGTAGAG-1-1,
ACTAAACCATTGTGAGAAGTAGAG-1-1,
ACTAAGTCAAATAACCAAGTAGAG-1-1,
ACTAAGTCAAATACCGAAGTAGAG-1-1,
ACTAAGTCAAGCCACGAAGTAGAG-1-1,
ACTAAGTCAAGTTCCTAAGTAGAG-1-1,
ACTAAGTCAATGTTCCAAGTAGAG-1-1,
ACTAAGTCAATTGAACAAGTAGAG-1-1,TP53_EZH2_CALR_het
ACTAAGTCAGAATGAAAAGTAGAG-1-1,
ACTAAGTCAGATTCGAAAGTAGAG-1-1,TP53_CALR_het
ACTAAGTCAGGCTAACAAGTAGAG-1-1,
ACTAATGAGCCATTTGAAGTAGAG-1-1,TP53_EZH2_CALR_mut
ACTAATGAGGGCACTAAAGTAGAG-1-1,TP53_CALR_het
ACTAATGAGGTAAGCTAAGTAGAG-1-1,
ACTAATGAGTCGCGAAAAGTAGAG-1-1,
ACTACAAAGCCAGAGCAAGTAGAG-1-1,TP53_EZH2_CALR_mut
ACTACAAAGGCCTCTGAAGTAGAG-1-1,ZRSR2_CALR_mut
ACTACAAAGGTATAGCAAGTAGAG-1-1,
ACTACAAAGGTATGGTAAGTAGAG-1-1,TP53_EZH2_CALR_mut
ACTACAAAGTATGGTAAAGTAGAG-1-1,
ACTACTAGTAACTAGGAAGTAGAG-1-1,TP53_EZH2_CALR_mut
ACTACTAGTCAAAGATAAGTAGAG-1-1,
ACTACTAGTCGAAGGTAAGTAGAG-1-1,TP53_EZH2_CALR_mut
ACTACTAGTCGGTTTGAAGTAGAG-1-1,
ACTACTAGTGGACCCTAAGTAGAG-1-1,TP53_CALR_het
ACTACTAGTTTGGCCAAAGTAGAG-1-1,
ACTAGGTAGATTATCCAAGTAGAG-1-1,TP53_CALR_het
ACTAGGTAGCACTAGGAAGTAGAG-1-1,TP53_CALR_het
ACTAGGTAGCCCTGATAAGTAGAG-1-1,
ACTAGGTAGCTGATTTAAGTAGAG-1-1,
ACTAGGTAGGAACTTAAAGTAGAG-1-1,TP53_CALR_het
ACTAGGTAGGATCCAGAAGTAGAG-1-1,
ACTAGGTAGGCAAGCCAAGTAGAG-1-1,
ACTAGGTAGGCGCAGTAAGTAGAG-1-1,
ACTAGGTAGGTCGAGCAAGTAGAG-1-1,TP53_EZH2_CALR_mut
ACTAGGTAGTAATGGCAAGTAGAG-1-1,
ACTAGGTAGTCAACTTAAGTAGAG-1-1,
ACTAGGTAGTTTGCTGAAGTAGAG-1-1,
ACTAGTCGTAAACTGGAAGTAGAG-1-1,
ACTAGTCGTACGCACCAAGTAGAG-1-1,TP53_EZH2_CALR_mut
ACTAGTCGTCAAAGATAAGTAGAG-1-1,
ACTAGTCGTCCTGCAAAAGTAGAG-1-1,TP53_CALR_het
ACTAGTCGTCCTTCTAAAGTAGAG-1-1,
ACTAGTCGTCGGTTTGAAGTAGAG-1-1,TP53_EZH2_CALR_mut
ACTAGTCGTGCGCATCAAGTAGAG-1-1,
ACTAGTCGTTAGTTTGAAGTAGAG-1-1,
ACTAGTCGTTCTCAAAAAGTAGAG-1-1,
ACTAGTCGTTGGAGCGAAGTAGAG-1-1,
ACTAGTGCAAAGCTCAAAGTAGAG-1-1,TP53_CALR_het
ACTAGTGCAAGCCTCCAAGTAGAG-1-1,TP53_EZH2_CALR_mut
ACTAGTGCAAGGGTCTAAGTAGAG-1-1,
ACTAGTGCAATATGCGAAGTAGAG-1-1,TP53_EZH2_CALR_mut
ACTAGTGCAATATGGTAAGTAGAG-1-1,TP53_CALR_het
ACTAGTGCAATCGTGAAAGTAGAG-1-1,TP53_CALR_het
ACTAGTGCACGCCACTAAGTAGAG-1-1,TP53_CALR_het
ACTAGTGCACTAACAGAAGTAGAG-1-1,
ACTAGTGCAGCATTTCAAGTAGAG-1-1,
ACTAGTGCATCCTTGGAAGTAGAG-1-1,
ACTAGTGCATGAGCTAAAGTAGAG-1-1,
ACTAGTTTCAAGCCAGAAGTAGAG-1-1,
ACTAGTTTCAATTGGAAAGTAGAG-1-1,TP53_CALR_het
ACTAGTTTCCCATTGAAAGTAGAG-1-1,ZRSR2_CALR_mut
ACTAGTTTCCCGTTCCAAGTAGAG-1-1,
ACTAGTTTCGCTTGCGAAGTAGAG-1-1,TP53_CALR_het
ACTAGTTTCGTCAATTAAGTAGAG-1-1,ZRSR2_CALR_mut
ACTAGTTTCTTCAAGTAAGTAGAG-1-1,
ACTCAATTCAGCACGAAAGTAGAG-1-1,TP53_CALR_het
ACTCAATTCCATCCAAAAGTAGAG-1-1,ZRSR2_CALR_mut
ACTCAATTCCCTCAAAAAGTAGAG-1-1,
ACTCAATTCCCTCATTAAGTAGAG-1-1,
ACTCAATTCCGTGACTAAGTAGAG-1-1,
ACTCAATTCTCACCGGAAGTAGAG-1-1,
ACTCACTCAAGGTGTCAAGTAGAG-1-1,TP53_EZH2_CALR_mut
ACTCACTCAATAAGGAAAGTAGAG-1-1,TP53_CALR_het
ACTCACTCAATCGTTCAAGTAGAG-1-1,
ACTCACTCACAAATACAAGTAGAG-1-1,TP53_CALR_het
ACTCACTCACAATGGCAAGTAGAG-1-1,TP53_EZH2_CALR_mut
ACTCACTCACGAACGTAAGTAGAG-1-1,TP53_CALR_het
ACTCACTCACGGTTCCAAGTAGAG-1-1,ZRSR2_CALR_mut
ACTCACTCAGGTAGCTAAGTAGAG-1-1,
ACTCACTCAGTGAGAGAAGTAGAG-1-1,TP53_EZH2_CALR_mut
ACTCCCACAAGATAAGAAGTAGAG-1-1,TP53_CALR_het
ACTCCCACAAGGCTTAAAGTAGAG-1-1,
ACTCCCACAATCGTTCAAGTAGAG-1-1,TP53_CALR_het
ACTCCCACACAAGCGTAAGTAGAG-1-1,ZRSR2_CALR_mut
ACTCCCACACATACCTAAGTAGAG-1-1,
ACTCCCACACCTAAGAAAGTAGAG-1-1,
ACTCCCACAGGTAGCTAAGTAGAG-1-1,TP53_CALR_het
ACTCCCACAGTAAGTTAAGTAGAG-1-1,TP53_CALR_het
ACTCCCACAGTTAAACAAGTAGAG-1-1,TP53_CALR_het
ACTCCCACATCATGTCAAGTAGAG-1-1,TP53_EZH2_CALR_mut
ACTCGAACAACAGCTAAAGTAGAG-1-1,TP53_CALR_het
ACTCGAACACACTGGGAAGTAGAG-1-1,TP53_EZH2_CALR_mut
ACTCGAACACTGACTTAAGTAGAG-1-1,TP53_CALR_het
ACTCGAACAGCATTTCAAGTAGAG-1-1,TP53_EZH2_CALR_mut
ACTCGAACAGGAGCAAAAGTAGAG-1-1,TP53_CALR_het
ACTCGAACAGGTATATAAGTAGAG-1-1,
ACTCGAACATTCCTTTAAGTAGAG-1-1,
ACTCGCCCAATACTGGAAGTAGAG-1-1,
ACTCGCCCACTAGTCTAAGTAGAG-1-1,
ACTCGCCCAGGATTATAAGTAGAG-1-1,TP53_EZH2_CALR_mut
ACTCGCCCATCACGAAAAGTAGAG-1-1,TP53_CALR_het
ACTCGCCCATCATGCTAAGTAGAG-1-1,TP53_CALR_het
ACTCGCCCATGCGCCTAAGTAGAG-1-1,TP53_CALR_het
ACTGAGGTCACGAACGAAGTAGAG-1-1,TP53_CALR_het
ACTGAGGTCAGTAAGCAAGTAGAG-1-1,TP53_EZH2_CALR_mut
ACTGAGGTCAGTAGGTAAGTAGAG-1-1,TP53_CALR_het
ACTGAGGTCCCTTTGTAAGTAGAG-1-1,
ACTGAGGTCGCTCAGTAAGTAGAG-1-1,
ACTGAGGTCTCACAATAAGTAGAG-1-1,TP53_EZH2_CALR_mut
ACTGAGGTCTGGCCATAAGTAGAG-1-1,TP53_CALR_het
ACTGAGGTCTGGCCCAAAGTAGAG-1-1,
ACTGGCTTCATGTCATAAGTAGAG-1-1,
ACTGGCTTCCACAACCAAGTAGAG-1-1,TP53_CALR_het
ACTGGCTTCTAACCTGAAGTAGAG-1-1,
ACTGGGTCAAGTTTCCAAGTAGAG-1-1,TP53_EZH2_CALR_mut
ACTGGGTCAATATGCGAAGTAGAG-1-1,TP53_EZH2_CALR_mut
ACTGGGTCAATTAGCGAAGTAGAG-1-1,TP53_CALR_het
ACTGGGTCACTAGTCTAAGTAGAG-1-1,
ACTGGGTCACTTAACCAAGTAGAG-1-1,
ACTGGGTCATCCGGAGAAGTAGAG-1-1,
ACTGGGTCATCGATAGAAGTAGAG-1-1,TP53_EZH2_CALR_mut
ACTGGGTCATGTGGCGAAGTAGAG-1-1,
ACTGGGTCATTCAGGAAAGTAGAG-1-1,TP53_CALR_het
ACTTAGAAGCAGGCTAAAGTAGAG-1-1,TP53_EZH2_CALR_mut
ACTTAGAAGGGTCTAGAAGTAGAG-1-1,TP53_EZH2_CALR_mut
ACTTAGAAGGTAGACTAAGTAGAG-1-1,TP53_CALR_het
ACTTAGAAGGTCAATAAAGTAGAG-1-1,
ACTTAGAAGGTGTCCTAAGTAGAG-1-1,TP53_EZH2_CALR_mut
ACTTAGAAGGTTAGACAAGTAGAG-1-1,
ACTTAGAAGGTTAGTAAAGTAGAG-1-1,TP53_EZH2_CALR_mut
ACTTAGAAGTAATGGCAAGTAGAG-1-1,
ACTTAGAAGTTACATCAAGTAGAG-1-1,
ACTTAGAAGTTGCGCTAAGTAGAG-1-1,
ACTTAGCGTTAACGTCAAGTAGAG-1-1,
ACTTAGCGTTGGAGCGAAGTAGAG-1-1,TP53_EZH2_CALR_het
ACTTAGCGTTGGCCACAAGTAGAG-1-1,
ACTTAGGCAACAAAGAAAGTAGAG-1-1,
ACTTAGGCAACCTTGTAAGTAGAG-1-1,
ACTTAGGCACGGGCTAAAGTAGAG-1-1,TP53_EZH2_CALR_mut
ACTTAGGCATAACCGAAAGTAGAG-1-1,ZRSR2_CALR_mut
ACTTAGGCATCACGCCAAGTAGAG-1-1,TP53_CALR_het
ACTTAGGCATTGCATCAAGTAGAG-1-1,TP53_CALR_het
ACTTAGTTCAAACCGGAAGTAGAG-1-1,
ACTTAGTTCACAAACAAAGTAGAG-1-1,TP53_CALR_het
ACTTAGTTCAGCGATGAAGTAGAG-1-1,TP53_CALR_het
ACTTAGTTCCAAAGGTAAGTAGAG-1-1,ZRSR2_CALR_mut
ACTTAGTTCCAACATTAAGTAGAG-1-1,TP53_EZH2_CALR_mut
ACTTAGTTCCAATACTAAGTAGAG-1-1,TP53_EZH2_CALR_mut
ACTTAGTTCCATCCAAAAGTAGAG-1-1,
ACTTAGTTCGTGATGGAAGTAGAG-1-1,TP53_EZH2_CALR_mut
ACTTAGTTCTAGCCTAAAGTAGAG-1-1,
ACTTAGTTCTATTCGGAAGTAGAG-1-1,ZRSR2_CALR_mut
ACTTAGTTCTCTATGGAAGTAGAG-1-1,TP53_CALR_het
ACTTAGTTCTTAAGGAAAGTAGAG-1-1,TP53_EZH2_CALR_mut
ACTTATGGTAAAGCATAAGTAGAG-1-1,
ACTTATGGTCACTAGTAAGTAGAG-1-1,ZRSR2_CALR_mut
ACTTATGGTCATTATGAAGTAGAG-1-1,
ACTTATGGTGCACAAAAAGTAGAG-1-1,ZRSR2_CALR_mut
ACTTATGGTGTTGCTGAAGTAGAG-1-1,TP53_CALR_het
ACTTATGGTTAGAGGCAAGTAGAG-1-1,
ACTTCAAGTATAGCGAAAGTAGAG-1-1,
ACTTCAAGTATTCGGTAAGTAGAG-1-1,
ACTTCAAGTCATTTAGAAGTAGAG-1-1,TP53_CALR_het
ACTTCAAGTGCTCCTTAAGTAGAG-1-1,TP53_CALR_het
ACTTCAAGTTCCGGGTAAGTAGAG-1-1,
ACTTCAAGTTCTGGCAAAGTAGAG-1-1,
ACTTCCCGTAATGGATAAGTAGAG-1-1,TP53_CALR_het
ACTTCCCGTATTCGGTAAGTAGAG-1-1,
ACTTCCCGTCTAACCGAAGTAGAG-1-1,
ACTTCCCGTGCTCATGAAGTAGAG-1-1,
ACTTCCCGTGCTCCAAAAGTAGAG-1-1,TP53_CALR_het
ACTTCCTTCATAACCTAAGTAGAG-1-1,
ACTTCCTTCATAATCCAAGTAGAG-1-1,
ACTTCCTTCCAGGAATAAGTAGAG-1-1,TP53_CALR_het
ACTTCCTTCCTAAAGAAAGTAGAG-1-1,
ACTTCCTTCCTTTGGAAAGTAGAG-1-1,
ACTTCCTTCGCAGCAAAAGTAGAG-1-1,TP53_CALR_het
ACTTCCTTCTATCGGCAAGTAGAG-1-1,
ACTTCCTTCTTCAAGTAAGTAGAG-1-1,TP53_CALR_het
ACTTCCTTCTTTGGTGAAGTAGAG-1-1,
ACTTCGTCAAAGGGATAAGTAGAG-1-1,TP53_CALR_het
ACTTCGTCAACCTCGCAAGTAGAG-1-1,TP53_EZH2_CALR_mut
ACTTCGTCAAGATAAGAAGTAGAG-1-1,
ACTTCGTCAATGTGGCAAGTAGAG-1-1,
ACTTCGTCAATTAGACAAGTAGAG-1-1,
ACTTCGTCACTAGTCTAAGTAGAG-1-1,ZRSR2_CALR_mut
ACTTCGTCAGGAATAAAAGTAGAG-1-1,TP53_EZH2_CALR_mut
ACTTCGTCATAGGGTCAAGTAGAG-1-1,TP53_EZH2_CALR_mut
ACTTCGTCATGACATGAAGTAGAG-1-1,
ACTTCGTCATGCAATGAAGTAGAG-1-1,TP53_CALR_het
ACTTCGTCATTACACCAAGTAGAG-1-1,
ACTTCGTCATTACTCAAAGTAGAG-1-1,
ACTTCGTCATTCGGTTAAGTAGAG-1-1,
ACTTGAAAGCGATGGCAAGTAGAG-1-1,TP53_CALR_het
ACTTGAAAGGAGGATAAAGTAGAG-1-1,
ACTTGAAAGGAGTCATAAGTAGAG-1-1,
ACTTGAAAGGCTGGTAAAGTAGAG-1-1,TP53_CALR_het
ACTTGAAAGGTTATGAAAGTAGAG-1-1,
ACTTGAAAGGTTTCGCAAGTAGAG-1-1,TP53_CALR_het
ACTTGAAAGTGATTTCAAGTAGAG-1-1,
ACTTGCATCATCAAGAAAGTAGAG-1-1,TP53_CALR_het
ACTTGCATCCTTTGAGAAGTAGAG-1-1,
ACTTGCATCGATTGAAAAGTAGAG-1-1,ZRSR2_CALR_mut
ACTTGCATCGGTAATAAAGTAGAG-1-1,TP53_CALR_het
ACTTGCGGTAATGCGAAAGTAGAG-1-1,
ACTTGCGGTCCTTATTAAGTAGAG-1-1,
ACTTGCTCAATTGCGAAAGTAGAG-1-1,TP53_CALR_het
ACTTGCTCAGCCCTTAAAGTAGAG-1-1,TP53_CALR_het
ACTTGCTCAGCTAGCGAAGTAGAG-1-1,
ACTTGCTCATGAAGCCAAGTAGAG-1-1,TP53_EZH2_CALR_mut
ACTTGCTCATTGCCCAAAGTAGAG-1-1,TP53_CALR_het
AGAAACCTCAACCTATAAGTAGAG-1-1,TP53_EZH2_CALR_mut
AGAAACCTCAACTGTTAAGTAGAG-1-1,TP53_CALR_het
AGAAACCTCAGCATGGAAGTAGAG-1-1,TP53_CALR_het
AGAAACCTCAGGCATGAAGTAGAG-1-1,
AGAAACCTCATAGGTAAAGTAGAG-1-1,
AGAAACCTCATGGTCCAAGTAGAG-1-1,TP53_CALR_het
AGAAACCTCATTGTACAAGTAGAG-1-1,
AGAAACCTCATTTAGCAAGTAGAG-1-1,
AGAAACCTCCAGCTTAAAGTAGAG-1-1,ZRSR2_CALR_mut
AGAAACCTCCGCAATCAAGTAGAG-1-1,ZRSR2_CALR_mut
AGAAACCTCGAAACTAAAGTAGAG-1-1,
AGAAACCTCTATCGGCAAGTAGAG-1-1,
AGAAAGGTCAAGCCAGAAGTAGAG-1-1,
AGAAAGGTCACGGACAAAGTAGAG-1-1,TP53_CALR_het
AGAAAGGTCAGCCCTGAAGTAGAG-1-1,
AGAAAGGTCCAAACAAAAGTAGAG-1-1,TP53_CALR_het
AGAAAGGTCCTCAAGCAAGTAGAG-1-1,TP53_EZH2_CALR_mut
AGAAAGGTCGCATTTGAAGTAGAG-1-1,
AGAAAGGTCGTAAAGCAAGTAGAG-1-1,TP53_EZH2_CALR_mut
AGAAAGGTCTTAAGCTAAGTAGAG-1-1,
AGAAAGGTCTTGAAAGAAGTAGAG-1-1,TP53_CALR_het
AGAAATGCAAGGCTTAAAGTAGAG-1-1,
AGAAATGCAGCACGTGAAGTAGAG-1-1,
AGAAATGCAGCCTGAGAAGTAGAG-1-1,TP53_EZH2_CALR_het
AGAAATGCATAGACCAAAGTAGAG-1-1,
AGAAATGCATCAGGACAAGTAGAG-1-1,
AGAAATGCATCATAGGAAGTAGAG-1-1,TP53_EZH2_CALR_mut
AGAAATGCATTGCCGCAAGTAGAG-1-1,
AGAACAACACACTAAGAAGTAGAG-1-1,
AGAACAACACCATACTAAGTAGAG-1-1,
AGAACAACACGCCACTAAGTAGAG-1-1,
AGAACAACAGTTATCCAAGTAGAG-1-1,TP53_EZH2_CALR_mut
AGAACAACATGAGTCAAAGTAGAG-1-1,
AGAAGCAAGAATGGCTAAGTAGAG-1-1,
AGAAGCAAGCCGCTATAAGTAGAG-1-1,TP53_CALR_het
AGAAGCAAGCCTGGTTAAGTAGAG-1-1,TP53_CALR_het
AGAAGCAAGCTAAGTAAAGTAGAG-1-1,TP53_CALR_het
AGAAGCAAGCTATCCAAAGTAGAG-1-1,
AGAAGCAAGCTCCCTCAAGTAGAG-1-1,
AGAAGCAAGTCAAACAAAGTAGAG-1-1,TP53_EZH2_CALR_mut
AGAAGGTCAAGAAATGAAGTAGAG-1-1,
AGAAGGTCAAGTTGGCAAGTAGAG-1-1,
AGAAGGTCACCGTTTGAAGTAGAG-1-1,TP53_CALR_het
AGAAGGTCAGGCTAACAAGTAGAG-1-1,
AGAAGGTCATGGCCGAAAGTAGAG-1-1,ZRSR2_CALR_mut
AGAAGGTCATTGGGTAAAGTAGAG-1-1,
AGACAAACAAGCCTCCAAGTAGAG-1-1,TP53_EZH2_CALR_mut
AGACAAACACAGGCTGAAGTAGAG-1-1,TP53_EZH2_CALR_mut
AGACAAACACCGGTAGAAGTAGAG-1-1,
AGACAAACAGAATCGCAAGTAGAG-1-1,
AGACAAACAGGCTTAAAAGTAGAG-1-1,TP53_EZH2_CALR_mut
AGACAAACATCAGGACAAGTAGAG-1-1,TP53_CALR_het
AGACAAACATCCGTCAAAGTAGAG-1-1,TP53_CALR_het
AGACACTAGAGCCGGTAAGTAGAG-1-1,
AGACACTAGCAAGACTAAGTAGAG-1-1,TP53_CALR_het
AGACACTAGCACTAGGAAGTAGAG-1-1,
AGACACTAGCCATTTGAAGTAGAG-1-1,TP53_CALR_het
AGACACTAGCTTATCGAAGTAGAG-1-1,TP53_CALR_het
AGACACTAGGTTAGACAAGTAGAG-1-1,
AGACACTAGTCTAACTAAGTAGAG-1-1,TP53_EZH2_CALR_mut
AGACACTAGTGATCAAAAGTAGAG-1-1,
AGACCCGCAAACCGGTAAGTAGAG-1-1,
AGACCCGCAAGCCACGAAGTAGAG-1-1,ZRSR2_CALR_mut
AGACCCGCAAGTTAACAAGTAGAG-1-1,TP53_CALR_het
AGACCCGCAATCATCCAAGTAGAG-1-1,
AGACCCGCACTGTCATAAGTAGAG-1-1,TP53_EZH2_CALR_mut
AGACTAATCAGCATGGAAGTAGAG-1-1,
AGACTAATCCCTGGTGAAGTAGAG-1-1,TP53_EZH2_CALR_mut
AGACTAATCGAAGTTAAAGTAGAG-1-1,TP53_CALR_het
AGACTAATCGGTAAACAAGTAGAG-1-1,TP53_CALR_het
AGACTAATCTTACTCCAAGTAGAG-1-1,
AGACTAGGTAACGGGTAAGTAGAG-1-1,
AGACTAGGTACTTCCCAAGTAGAG-1-1,ZRSR2_CALR_mut
AGACTAGGTATCCGCAAAGTAGAG-1-1,TP53_CALR_het
AGACTAGGTATGGGACAAGTAGAG-1-1,
AGACTAGGTATGGTAGAAGTAGAG-1-1,TP53_EZH2_CALR_mut
AGACTAGGTATTTACGAAGTAGAG-1-1,TP53_EZH2_CALR_mut
AGACTAGGTCATCCTCAAGTAGAG-1-1,TP53_EZH2_CALR_mut
AGACTAGGTGAACCAAAAGTAGAG-1-1,TP53_CALR_het
AGACTAGGTGAACGGTAAGTAGAG-1-1,TP53_CALR_het
AGACTAGGTGCTGCACAAGTAGAG-1-1,TP53_CALR_het
AGACTAGGTTAAGGATAAGTAGAG-1-1,TP53_EZH2_CALR_mut
AGACTAGGTTACCGTGAAGTAGAG-1-1,TP53_CALR_het
AGACTAGGTTACTTCTAAGTAGAG-1-1,
AGACTAGGTTCATTAGAAGTAGAG-1-1,
AGACTCACAAGCTTTCAAGTAGAG-1-1,
AGACTCACACCTAAGAAAGTAGAG-1-1,
AGACTCACACGGTAACAAGTAGAG-1-1,
AGACTCACAGATTCGAAAGTAGAG-1-1,
AGACTCACATCCCAATAAGTAGAG-1-1,ZRSR2_CALR_mut
AGACTCACATCGATAGAAGTAGAG-1-1,TP53_EZH2_CALR_mut
AGACTCCTCATGGAACAAGTAGAG-1-1,TP53_CALR_het
AGACTCCTCGCACACTAAGTAGAG-1-1,
AGACTGAGTAAACCCTAAGTAGAG-1-1,ZRSR2_CALR_mut
AGACTGAGTAACCGCCAAGTAGAG-1-1,TP53_EZH2_CALR_mut
AGACTGAGTACCGCACAAGTAGAG-1-1,
AGACTGAGTACGGTTTAAGTAGAG-1-1,
AGACTGAGTACGTTACAAGTAGAG-1-1,
AGACTGAGTACGTTCGAAGTAGAG-1-1,
AGACTGAGTAGTTGTCAAGTAGAG-1-1,
AGACTGAGTCAACATCAAGTAGAG-1-1,TP53_EZH2_CALR_mut
AGACTGAGTCCTTCTAAAGTAGAG-1-1,
AGACTGAGTCGTAATCAAGTAGAG-1-1,TP53_CALR_het
AGACTGAGTCGTTATAAAGTAGAG-1-1,
AGACTGAGTGGTTAAGAAGTAGAG-1-1,ZRSR2_CALR_mut
AGACTGAGTGTTCCAGAAGTAGAG-1-1,TP53_CALR_het
AGACTGAGTTAACGGAAAGTAGAG-1-1,TP53_CALR_het
AGACTGAGTTGAGCTTAAGTAGAG-1-1,
AGACTGAGTTGCATCGAAGTAGAG-1-1,ZRSR2_CALR_mut
AGAGAGCAGACATAGCAAGTAGAG-1-1,
AGAGAGCAGATAGCCGAAGTAGAG-1-1,
AGAGAGCAGGACAAGAAAGTAGAG-1-1,ZRSR2_CALR_mut
AGAGAGCAGGACTTGGAAGTAGAG-1-1,
AGAGAGCAGGTTAGTAAAGTAGAG-1-1,ZRSR2_CALR_mut
AGAGGAATCATTATGCAAGTAGAG-1-1,
AGAGGAATCCCTCGCTAAGTAGAG-1-1,
AGAGGAATCCGCCATGAAGTAGAG-1-1,TP53_CALR_het
AGAGGAATCCTGATCAAAGTAGAG-1-1,TP53_EZH2_CALR_mut
AGAGGAATCGAAGTTAAAGTAGAG-1-1,
AGAGGAATCGCCTAACAAGTAGAG-1-1,TP53_EZH2_CALR_mut
AGAGGAATCGCCTGCAAAGTAGAG-1-1,TP53_EZH2_CALR_mut
AGAGGAATCTGTGCACAAGTAGAG-1-1,TP53_EZH2_CALR_mut
AGAGGAGGTAATCCGTAAGTAGAG-1-1,
AGAGGAGGTAGTAGGCAAGTAGAG-1-1,TP53_EZH2_CALR_mut
AGAGGAGGTCATGCATAAGTAGAG-1-1,
AGAGGAGGTGCGGCTTAAGTAGAG-1-1,TP53_CALR_het
AGAGGAGGTGCTCATGAAGTAGAG-1-1,TP53_CALR_het
AGAGGAGGTTAGTCTAAAGTAGAG-1-1,TP53_CALR_het
AGAGGAGGTTTATCGAAAGTAGAG-1-1,
AGAGGTTTCAAACCAAAAGTAGAG-1-1,
AGAGGTTTCAATTGGAAAGTAGAG-1-1,
AGAGGTTTCAGCGGGTAAGTAGAG-1-1,TP53_CALR_het
AGAGGTTTCATGCGTCAAGTAGAG-1-1,ZRSR2_CALR_mut
AGAGGTTTCCATCCGGAAGTAGAG-1-1,TP53_EZH2_CALR_mut
AGAGGTTTCCTTATGGAAGTAGAG-1-1,
AGAGGTTTCGACTTGCAAGTAGAG-1-1,ZRSR2_CALR_mut
AGAGGTTTCGATTAAGAAGTAGAG-1-1,TP53_CALR_het
AGAGGTTTCGCACACTAAGTAGAG-1-1,
AGAGGTTTCGCCTGCAAAGTAGAG-1-1,TP53_CALR_het
AGAGGTTTCGTAAAGCAAGTAGAG-1-1,TP53_EZH2_CALR_mut
AGAGGTTTCGTTAGGGAAGTAGAG-1-1,
AGAGGTTTCTCAAACTAAGTAGAG-1-1,
AGATAACGTAAACCCTAAGTAGAG-1-1,
AGATAACGTATGTTTGAAGTAGAG-1-1,TP53_CALR_het
AGATAACGTCACAGGGAAGTAGAG-1-1,TP53_EZH2_CALR_mut
AGATAACGTCCGGTACAAGTAGAG-1-1,
AGATAACGTCGTCCAAAAGTAGAG-1-1,
AGATAACGTGGGAACTAAGTAGAG-1-1,
AGATAACGTGTCCAGCAAGTAGAG-1-1,TP53_EZH2_CALR_mut
AGATAACGTGTTGCTGAAGTAGAG-1-1,TP53_CALR_het
AGATAACGTTAGAGGCAAGTAGAG-1-1,TP53_CALR_het
AGATGCCCAACTAGTGAAGTAGAG-1-1,TP53_EZH2_CALR_mut
AGATGCCCAATAGAAGAAGTAGAG-1-1,
AGATGCCCAATCGTTCAAGTAGAG-1-1,ZRSR2_CALR_mut
AGATGCCCACCATACTAAGTAGAG-1-1,
AGATGCCCACGAACGTAAGTAGAG-1-1,
AGATGCCCAGGCTGTGAAGTAGAG-1-1,TP53_CALR_het
AGATGCCCATAGGGTCAAGTAGAG-1-1,TP53_EZH2_CALR_mut
AGATGCCCATTGAGATAAGTAGAG-1-1,TP53_CALR_het
AGATTAGTCAAAGGCTAAGTAGAG-1-1,TP53_CALR_het
AGATTAGTCAAGCTCCAAGTAGAG-1-1,
AGATTAGTCAATTGGAAAGTAGAG-1-1,TP53_EZH2_CALR_mut
AGATTAGTCAGGCATGAAGTAGAG-1-1,
AGATTAGTCCGCCCAAAAGTAGAG-1-1,
AGATTAGTCGACCGTTAAGTAGAG-1-1,TP53_CALR_het
AGATTAGTCGCAAATAAAGTAGAG-1-1,TP53_CALR_het
AGATTAGTCGCTTCGGAAGTAGAG-1-1,
AGATTAGTCGGTAAGTAAGTAGAG-1-1,TP53_CALR_het
AGATTAGTCGGTACAGAAGTAGAG-1-1,
AGATTAGTCGTCCATAAAGTAGAG-1-1,TP53_CALR_het
AGATTAGTCGTGATTTAAGTAGAG-1-1,
AGATTAGTCTTTAGCGAAGTAGAG-1-1,ZRSR2_CALR_mut
AGATTCAAGATTGCAAAAGTAGAG-1-1,
AGATTCAAGCGCTAGAAAGTAGAG-1-1,TP53_CALR_het
AGATTCAAGGATGGTTAAGTAGAG-1-1,
AGATTCAAGGCAAGTTAAGTAGAG-1-1,TP53_CALR_het
AGATTCAAGGCTTTATAAGTAGAG-1-1,TP53_CALR_het
AGATTCAAGGTCTTGCAAGTAGAG-1-1,TP53_CALR_het
AGATTCAAGTCAATGAAAGTAGAG-1-1,
AGATTCAAGTGATGGTAAGTAGAG-1-1,
AGATTGATCACTATACAAGTAGAG-1-1,TP53_CALR_het
AGATTGATCACTCGCGAAGTAGAG-1-1,TP53_EZH2_CALR_mut
AGATTGATCCTAATCGAAGTAGAG-1-1,
AGATTGATCTGTCAATAAGTAGAG-1-1,
AGCAGCCAGCACTACCAAGTAGAG-1-1,
AGCAGCCAGCCTGCCAAAGTAGAG-1-1,
AGCAGCCAGCCTGGTTAAGTAGAG-1-1,TP53_EZH2_CALR_mut
AGCAGCCAGCGCTCCAAAGTAGAG-1-1,
AGCAGCCAGCTGATTTAAGTAGAG-1-1,
AGCAGCCAGGAAACCTAAGTAGAG-1-1,ZRSR2_CALR_mut
AGCAGCCAGGAACCTGAAGTAGAG-1-1,TP53_EZH2_CALR_mut
AGCAGCCAGTAACTTCAAGTAGAG-1-1,TP53_CALR_het
AGCAGCCAGTCTAACTAAGTAGAG-1-1,
AGCAGGCTCAACCAAAAAGTAGAG-1-1,
AGCAGGCTCACCACACAAGTAGAG-1-1,
AGCAGGCTCATGTCATAAGTAGAG-1-1,
AGCAGGCTCGATTATCAAGTAGAG-1-1,TP53_CALR_het
AGCAGGCTCGCCTAGTAAGTAGAG-1-1,
AGCAGGCTCGCGAGTAAAGTAGAG-1-1,
AGCAGGCTCGGTAATAAAGTAGAG-1-1,
AGCAGGCTCGGTCAAGAAGTAGAG-1-1,
AGCAGGCTCGTTCGTAAAGTAGAG-1-1,TP53_CALR_het
AGCATCCTCAAACCGGAAGTAGAG-1-1,
AGCATCCTCAAGGTGTAAGTAGAG-1-1,
AGCATCCTCCAAACAAAAGTAGAG-1-1,TP53_EZH2_CALR_mut
AGCATCCTCCAACAGGAAGTAGAG-1-1,
AGCATCCTCCACTAATAAGTAGAG-1-1,TP53_CALR_het
AGCATCCTCCCATAATAAGTAGAG-1-1,TP53_EZH2_CALR_mut
AGCATCCTCCGTTAGCAAGTAGAG-1-1,TP53_EZH2_CALR_mut
AGCATCCTCGACTCACAAGTAGAG-1-1,
AGCATCCTCGGTACAGAAGTAGAG-1-1,
AGCATCCTCGGTACGAAAGTAGAG-1-1,
AGCATCCTCTAACCATAAGTAGAG-1-1,TP53_CALR_het
AGCATGGTCACCCTGGAAGTAGAG-1-1,TP53_CALR_het
AGCATGGTCATCCCAAAAGTAGAG-1-1,
AGCATGGTCATTAGTCAAGTAGAG-1-1,
AGCATGGTCCAAAGACAAGTAGAG-1-1,
AGCATGGTCCATTAGTAAGTAGAG-1-1,
AGCATGGTCGCAAATAAAGTAGAG-1-1,TP53_CALR_het
AGCATGGTCGCGGAACAAGTAGAG-1-1,TP53_EZH2_CALR_mut
AGCATGGTCGTTATGTAAGTAGAG-1-1,
AGCATGGTCTCACTAGAAGTAGAG-1-1,
AGCATGGTCTCTATGGAAGTAGAG-1-1,
AGCATTAAGAGGATAGAAGTAGAG-1-1,TP53_EZH2_CALR_mut
AGCATTAAGATTCATCAAGTAGAG-1-1,TP53_EZH2_CALR_mut
AGCATTAAGCCCTTGGAAGTAGAG-1-1,TP53_CALR_het
AGCATTAAGCCTGCCAAAGTAGAG-1-1,
AGCATTAAGCGAAGTTAAGTAGAG-1-1,TP53_CALR_het
AGCATTAAGCTCCCTCAAGTAGAG-1-1,ZRSR2_CALR_mut
AGCATTAAGGAAGCAAAAGTAGAG-1-1,TP53_CALR_het
AGCATTAAGGATCCCTAAGTAGAG-1-1,TP53_CALR_het
AGCATTAAGGATGGTTAAGTAGAG-1-1,ZRSR2_CALR_mut
AGCATTAAGGCTACTCAAGTAGAG-1-1,
AGCATTAAGGCTAGATAAGTAGAG-1-1,TP53_CALR_het
AGCATTAAGGGTGGGAAAGTAGAG-1-1,
AGCCAATAGCAAACCGAAGTAGAG-1-1,TP53_CALR_het
AGCCAATAGCTAAGTAAAGTAGAG-1-1,
AGCCAATAGCTTGAGGAAGTAGAG-1-1,TP53_CALR_het
AGCCAATAGGATGCATAAGTAGAG-1-1,TP53_EZH2_CALR_mut
AGCCAATAGGATGGTTAAGTAGAG-1-1,TP53_EZH2_CALR_mut
AGCCAATAGGGTTGCAAAGTAGAG-1-1,
AGCCAATAGGTAGACTAAGTAGAG-1-1,
AGCCAATAGGTATAGCAAGTAGAG-1-1,TP53_CALR_het
AGCCAATAGTTACACTAAGTAGAG-1-1,
AGCCATTGTAAGGTTGAAGTAGAG-1-1,
AGCCATTGTACGTTCGAAGTAGAG-1-1,
AGCCATTGTTACCGTGAAGTAGAG-1-1,TP53_CALR_het
AGCCCTGTCACTATGTAAGTAGAG-1-1,TP53_CALR_het
AGCCCTGTCCCTCATTAAGTAGAG-1-1,TP53_EZH2_CALR_mut
AGCCCTGTCGTGATTTAAGTAGAG-1-1,
AGCCCTGTCTTGATCGAAGTAGAG-1-1,TP53_CALR_het
AGCCCTTAGAGAGCAAAAGTAGAG-1-1,
AGCCCTTAGCCTTAATAAGTAGAG-1-1,TP53_EZH2_CALR_mut
AGCCCTTAGGAACTTAAAGTAGAG-1-1,TP53_CALR_het
AGCCCTTAGGGAGGATAAGTAGAG-1-1,
AGCCCTTAGTGCCCTGAAGTAGAG-1-1,TP53_CALR_het
AGCCCTTAGTTACACTAAGTAGAG-1-1,
AGCCTAGAGCAATTGAAAGTAGAG-1-1,
AGCCTAGAGCCATCGTAAGTAGAG-1-1,
AGCCTAGAGCGCTCCAAAGTAGAG-1-1,TP53_CALR_het
AGCCTAGAGCTCATTGAAGTAGAG-1-1,ZRSR2_CALR_mut
AGCCTAGAGGAAACCTAAGTAGAG-1-1,
AGCCTAGAGGATTAGCAAGTAGAG-1-1,
AGCCTAGAGGATTATGAAGTAGAG-1-1,TP53_EZH2_CALR_mut
AGCCTAGAGTCAACAAAAGTAGAG-1-1,TP53_CALR_het
AGCCTAGAGTTTCGCAAAGTAGAG-1-1,TP53_CALR_het
AGCCTCTAGAAACTCAAAGTAGAG-1-1,TP53_EZH2_CALR_mut
AGCCTCTAGCGCGAACAAGTAGAG-1-1,TP53_EZH2_CALR_mut
AGCCTCTAGCTAGCCTAAGTAGAG-1-1,ZRSR2_CALR_mut
AGCCTCTAGGAGCCGTAAGTAGAG-1-1,TP53_EZH2_CALR_mut
AGCCTCTAGGCAGGCTAAGTAGAG-1-1,TP53_EZH2_CALR_mut
AGCCTCTAGTCCTGCGAAGTAGAG-1-1,TP53_EZH2_CALR_mut
AGCCTGTTCACCTAATAAGTAGAG-1-1,TP53_CALR_het
AGCCTGTTCAGTAGGTAAGTAGAG-1-1,
AGCCTGTTCATGCGTCAAGTAGAG-1-1,TP53_EZH2_CALR_mut
AGCCTGTTCCGGATAGAAGTAGAG-1-1,
AGCCTGTTCCGTCAACAAGTAGAG-1-1,
AGCCTGTTCCTGAGGAAAGTAGAG-1-1,ZRSR2_CALR_mut
AGCCTGTTCGACCGTTAAGTAGAG-1-1,
AGCCTGTTCGAGGCACAAGTAGAG-1-1,TP53_EZH2_CALR_mut
AGCCTGTTCGATTCTGAAGTAGAG-1-1,ZRSR2_CALR_mut
AGCCTGTTCGGTAATAAAGTAGAG-1-1,
AGCCTTCAGAAGCAAGAAGTAGAG-1-1,
AGCCTTCAGATATTGGAAGTAGAG-1-1,
AGCCTTCAGCCCGTTGAAGTAGAG-1-1,TP53_EZH2_CALR_mut
AGCCTTCAGCTATCCAAAGTAGAG-1-1,TP53_CALR_het
AGCCTTCAGCTTAGTTAAGTAGAG-1-1,TP53_EZH2_CALR_mut
AGCCTTCAGGAAGCAAAAGTAGAG-1-1,
AGCCTTCAGGCGCAGTAAGTAGAG-1-1,
AGCCTTCAGGGAGGCAAAGTAGAG-1-1,
AGCCTTCAGGGATGAAAAGTAGAG-1-1,ZRSR2_CALR_mut
AGCCTTCAGGGCCTTTAAGTAGAG-1-1,TP53_EZH2_CALR_het
AGCCTTCAGGTCACAGAAGTAGAG-1-1,
AGCCTTCAGTAGCGCAAAGTAGAG-1-1,TP53_EZH2_CALR_mut
AGCCTTCAGTTTGCTGAAGTAGAG-1-1,
AGCCTTTCAAGCCAGTAAGTAGAG-1-1,
AGCCTTTCAAGCGAAGAAGTAGAG-1-1,
AGCCTTTCAAGCTAATAAGTAGAG-1-1,TP53_CALR_het
AGCCTTTCAATTGAGTAAGTAGAG-1-1,TP53_CALR_het
AGCCTTTCACCATCCAAAGTAGAG-1-1,TP53_CALR_het
AGCCTTTCACCGGTAGAAGTAGAG-1-1,TP53_CALR_het
AGCCTTTCAGATTCGAAAGTAGAG-1-1,
AGCCTTTCAGTGAGAGAAGTAGAG-1-1,
AGCGAACGTAAGCTAGAAGTAGAG-1-1,
AGCGAACGTCAACATCAAGTAGAG-1-1,ZRSR2_CALR_mut
AGCGAACGTCCTGCAAAAGTAGAG-1-1,
AGCGAACGTCTATCTTAAGTAGAG-1-1,ZRSR2_CALR_mut
AGCGAACGTCTCACTCAAGTAGAG-1-1,
AGCGAACGTTCCGCAAAAGTAGAG-1-1,
AGCGAAGCAAAGGGATAAGTAGAG-1-1,
AGCGAAGCAAGATAAGAAGTAGAG-1-1,
AGCGAAGCAAGTTCCTAAGTAGAG-1-1,
AGCGAAGCACTTTACAAAGTAGAG-1-1,TP53_EZH2_CALR_mut
AGCGAAGCAGAAACTTAAGTAGAG-1-1,TP53_EZH2_CALR_mut
AGCGAAGCAGGTATTGAAGTAGAG-1-1,TP53_EZH2_CALR_mut
AGCGAAGCATGACCAAAAGTAGAG-1-1,
AGCGAAGCATTTCGCGAAGTAGAG-1-1,TP53_CALR_het
AGCGACTCACAAGCGTAAGTAGAG-1-1,TP53_CALR_het
AGCGACTCACAATGGCAAGTAGAG-1-1,TP53_EZH2_CALR_mut
AGCGACTCACCACATTAAGTAGAG-1-1,
AGCGACTCACTTCGATAAGTAGAG-1-1,
AGCGACTCAGATTCGAAAGTAGAG-1-1,TP53_EZH2_CALR_mut
AGCGACTCAGATTGCAAAGTAGAG-1-1,
AGCGACTCATTGTGTCAAGTAGAG-1-1,ZRSR2_CALR_mut
AGCGATCCAAGGTGCTAAGTAGAG-1-1,
AGCGATCCACGAACGTAAGTAGAG-1-1,
AGCGATCCAGCTAGACAAGTAGAG-1-1,TP53_CALR_het
AGCGATCCATGTGGGTAAGTAGAG-1-1,TP53_CALR_het
AGCGATCCATTACACCAAGTAGAG-1-1,TP53_EZH2_CALR_mut
AGCGCGAGTAAAGCGCAAGTAGAG-1-1,TP53_EZH2_CALR_mut
AGCGCGAGTACCTCAGAAGTAGAG-1-1,
AGCGCGAGTCAGTGCCAAGTAGAG-1-1,TP53_EZH2_CALR_mut
AGCGCGAGTCATGCATAAGTAGAG-1-1,
AGCGCGAGTTTGTTGAAAGTAGAG-1-1,
AGCGCTAAGCAGGCTAAAGTAGAG-1-1,TP53_EZH2_CALR_mut
AGCGCTAAGGCAGGCTAAGTAGAG-1-1,ZRSR2_CALR_mut
AGCGCTAAGGTATAGCAAGTAGAG-1-1,TP53_CALR_het
AGCGCTAAGTGGACCAAAGTAGAG-1-1,TP53_CALR_het
AGCGCTAAGTTGCAAAAAGTAGAG-1-1,
AGCGGCTAGATAATCGAAGTAGAG-1-1,TP53_CALR_het
AGCGGCTAGCACTACCAAGTAGAG-1-1,
AGCGGCTAGGATGAAGAAGTAGAG-1-1,
AGCGGCTAGGATTAGCAAGTAGAG-1-1,TP53_CALR_het
AGCGGCTAGGATTATGAAGTAGAG-1-1,
AGCGGCTAGTACGGGCAAGTAGAG-1-1,
AGCGGCTAGTCAACAAAAGTAGAG-1-1,
AGCGGCTAGTCTTGCAAAGTAGAG-1-1,TP53_CALR_het
AGCGTTTGTAACGGGTAAGTAGAG-1-1,
AGCGTTTGTAATGCGAAAGTAGAG-1-1,
AGCGTTTGTACCTCAGAAGTAGAG-1-1,
AGCGTTTGTACGAATGAAGTAGAG-1-1,TP53_EZH2_CALR_mut
AGCGTTTGTACTTCCCAAGTAGAG-1-1,
AGCGTTTGTAGCGCGAAAGTAGAG-1-1,TP53_EZH2_CALR_mut
AGCGTTTGTCACTAGTAAGTAGAG-1-1,
AGCGTTTGTCATGAAGAAGTAGAG-1-1,TP53_CALR_het
AGCGTTTGTTAATTCGAAGTAGAG-1-1,TP53_EZH2_CALR_mut
AGCGTTTGTTCACTCCAAGTAGAG-1-1,
AGCGTTTGTTGGTTACAAGTAGAG-1-1,
AGCGTTTGTTTATGGCAAGTAGAG-1-1,TP53_CALR_het
AGCTAAATCAGCGGGTAAGTAGAG-1-1,ZRSR2_CALR_mut
AGCTAAATCAGGCTGAAAGTAGAG-1-1,
AGCTAAATCCAAACAAAAGTAGAG-1-1,
AGCTAAATCCCTCATTAAGTAGAG-1-1,TP53_EZH2_CALR_mut
AGCTAAATCGACCGTTAAGTAGAG-1-1,TP53_CALR_het
AGCTAAATCGATTGGGAAGTAGAG-1-1,TP53_CALR_het
AGCTAAATCGCAGCAAAAGTAGAG-1-1,ZRSR2_CALR_mut
AGCTAATCAACAGCACAAGTAGAG-1-1,
AGCTAATCAAGTCGCGAAGTAGAG-1-1,TP53_EZH2_CALR_mut
AGCTAATCAATGTGGCAAGTAGAG-1-1,TP53_EZH2_CALR_mut
AGCTAATCACATAGATAAGTAGAG-1-1,TP53_CALR_het
AGCTAATCACGGGCTAAAGTAGAG-1-1,ZRSR2_CALR_mut
AGCTAATCAGCCATAAAAGTAGAG-1-1,TP53_CALR_het
AGCTAATCAGGATTGCAAGTAGAG-1-1,TP53_EZH2_CALR_mut
AGCTAATCAGTAAGTTAAGTAGAG-1-1,TP53_CALR_het
AGCTAATCATCAATCCAAGTAGAG-1-1,
AGCTAATCATTGCATCAAGTAGAG-1-1,ZRSR2_CALR_mut
AGCTACCTCAGGTAGTAAGTAGAG-1-1,
AGCTACCTCATGCGTCAAGTAGAG-1-1,
AGCTACCTCCTTTCGTAAGTAGAG-1-1,TP53_CALR_het
AGCTACCTCGCAACGAAAGTAGAG-1-1,ZRSR2_CALR_mut
AGCTACCTCGCCTCGAAAGTAGAG-1-1,
AGCTACCTCGTAGTTTAAGTAGAG-1-1,TP53_EZH2_CALR_mut
AGCTACCTCTATTGACAAGTAGAG-1-1,
AGCTACCTCTCAGCACAAGTAGAG-1-1,
AGCTACCTCTGCCATAAAGTAGAG-1-1,TP53_CALR_het
AGCTATGCAAAGAACAAAGTAGAG-1-1,
AGCTATGCACCTAAAGAAGTAGAG-1-1,TP53_CALR_het
AGCTATGCAGAATCGCAAGTAGAG-1-1,TP53_CALR_het
AGCTATGCATGACCAAAAGTAGAG-1-1,
AGCTATGCATGAGTCAAAGTAGAG-1-1,TP53_CALR_het
AGCTATGCATTCAGGAAAGTAGAG-1-1,ZRSR2_CALR_mut
AGCTATGCATTGGACAAAGTAGAG-1-1,
AGCTCAACAACAAGTTAAGTAGAG-1-1,TP53_EZH2_CALR_mut
AGCTCAACAACTATCCAAGTAGAG-1-1,TP53_CALR_het
AGCTCAACAATATGCGAAGTAGAG-1-1,ZRSR2_CALR_mut
AGCTCAACATAACCGAAAGTAGAG-1-1,
AGCTCAACATACTTCAAAGTAGAG-1-1,TP53_CALR_het
AGCTGCAAGATAGCTAAAGTAGAG-1-1,TP53_CALR_het
AGCTGCAAGCGCTCCAAAGTAGAG-1-1,
AGCTGCAAGGCTACTCAAGTAGAG-1-1,
AGCTGCAAGGGTTTCCAAGTAGAG-1-1,
AGCTGCAAGGTGTCCTAAGTAGAG-1-1,
AGCTGCAAGTAAGTGCAAGTAGAG-1-1,
AGCTGCAAGTCATTCGAAGTAGAG-1-1,TP53_EZH2_CALR_mut
AGCTGGATCACTTCGAAAGTAGAG-1-1,
AGCTGGATCATTGAGAAAGTAGAG-1-1,TP53_EZH2_CALR_mut
AGCTGGATCCTGACTAAAGTAGAG-1-1,
AGCTGGATCCTGGATCAAGTAGAG-1-1,
AGCTGGATCGATTCTGAAGTAGAG-1-1,
AGCTGGATCTAAGTCTAAGTAGAG-1-1,
AGCTGGATCTATGGCCAAGTAGAG-1-1,
AGCTGGATCTGGCCCAAAGTAGAG-1-1,TP53_CALR_het
AGCTGGCAGCATCCCGAAGTAGAG-1-1,TP53_EZH2_CALR_mut
AGCTGGCAGCTGGACAAAGTAGAG-1-1,
AGCTGGCAGGCAATCGAAGTAGAG-1-1,
AGCTGGCAGGCACAATAAGTAGAG-1-1,ZRSR2_CALR_mut
AGCTGGCAGGCAGGCTAAGTAGAG-1-1,
AGCTGGCAGGCTAGATAAGTAGAG-1-1,
AGCTGGCAGGGTTACGAAGTAGAG-1-1,ZRSR2_CALR_mut
AGCTGGCAGGTCTTTGAAGTAGAG-1-1,ZRSR2_CALR_mut
AGCTGGCAGGTTATCTAAGTAGAG-1-1,TP53_CALR_het
AGCTGGCAGGTTGTGGAAGTAGAG-1-1,
AGCTGGCAGTGCAACGAAGTAGAG-1-1,ZRSR2_CALR_mut
AGCTTCCAGACCATTTAAGTAGAG-1-1,
AGCTTCCAGCAATCCCAAGTAGAG-1-1,TP53_CALR_het
AGCTTCCAGCACCTTAAAGTAGAG-1-1,
AGCTTCCAGCAGCCAAAAGTAGAG-1-1,TP53_CALR_het
AGCTTCCAGCGAAGCCAAGTAGAG-1-1,TP53_EZH2_CALR_mut
AGCTTCCAGCGATAACAAGTAGAG-1-1,
AGCTTCCAGCTAGCCTAAGTAGAG-1-1,
AGCTTCCAGCTCAACCAAGTAGAG-1-1,TP53_CALR_het
AGCTTCCAGGACTTAAAAGTAGAG-1-1,
AGCTTCCAGGTCAATAAAGTAGAG-1-1,TP53_CALR_het
AGCTTCCAGGTTCATTAAGTAGAG-1-1,
AGCTTCCAGGTTCTTGAAGTAGAG-1-1,
AGCTTCCAGTCTACCAAAGTAGAG-1-1,TP53_CALR_het
AGCTTCCAGTTGACCCAAGTAGAG-1-1,
AGCTTCTCACACTGGGAAGTAGAG-1-1,
AGCTTCTCAGGTATATAAGTAGAG-1-1,TP53_CALR_het
AGCTTCTCAGTAAGTTAAGTAGAG-1-1,
AGCTTCTCATTCAGGAAAGTAGAG-1-1,
AGCTTGTGTAACTTGCAAGTAGAG-1-1,
AGCTTGTGTAATTTCGAAGTAGAG-1-1,TP53_EZH2_CALR_mut
AGCTTGTGTACGCACCAAGTAGAG-1-1,TP53_CALR_het
AGCTTGTGTATTCGGTAAGTAGAG-1-1,
AGCTTGTGTCGAAGTAAAGTAGAG-1-1,
AGCTTGTGTCGTTATAAAGTAGAG-1-1,
AGCTTGTGTTTCCTCAAAGTAGAG-1-1,TP53_CALR_het
AGCTTTGTCATGCGTCAAGTAGAG-1-1,
AGCTTTGTCGAAGGCCAAGTAGAG-1-1,TP53_EZH2_CALR_mut
AGCTTTGTCGAGGCACAAGTAGAG-1-1,
AGCTTTGTCGATTATCAAGTAGAG-1-1,TP53_CALR_het
AGCTTTGTCGCCTCTCAAGTAGAG-1-1,
AGCTTTGTCTATGCATAAGTAGAG-1-1,TP53_EZH2_CALR_mut
AGCTTTGTCTTTGGATAAGTAGAG-1-1,TP53_CALR_het
AGGAACCGTACTGCCAAAGTAGAG-1-1,
AGGAACCGTATTTGTGAAGTAGAG-1-1,
AGGAACCGTCAATACCAAGTAGAG-1-1,TP53_CALR_het
AGGAACCGTGACCTATAAGTAGAG-1-1,TP53_EZH2_CALR_mut
AGGAACCGTGGACCCTAAGTAGAG-1-1,
AGGACAAAGACCTTTGAAGTAGAG-1-1,
AGGACAAAGGTGAGGGAAGTAGAG-1-1,ZRSR2_CALR_mut
AGGACAAAGGTGAGTTAAGTAGAG-1-1,ZRSR2_CALR_mut
AGGACAAAGGTGCACAAAGTAGAG-1-1,TP53_EZH2_CALR_mut
AGGACAAAGGTTGTGGAAGTAGAG-1-1,
AGGACAAAGTAATGGCAAGTAGAG-1-1,TP53_CALR_het
AGGACAAAGTCAAACAAAGTAGAG-1-1,
AGGACAAAGTCGAAACAAGTAGAG-1-1,
AGGACAAAGTTTGACTAAGTAGAG-1-1,TP53_CALR_het
AGGACAAAGTTTGAGAAAGTAGAG-1-1,TP53_CALR_het
AGGAGGTAGCACTAGGAAGTAGAG-1-1,
AGGAGGTAGCCTGCCAAAGTAGAG-1-1,
AGGAGGTAGCTAAATGAAGTAGAG-1-1,
AGGAGGTAGGAAGCCCAAGTAGAG-1-1,TP53_EZH2_CALR_mut
AGGAGGTAGGATTATGAAGTAGAG-1-1,
AGGAGGTAGGCCATTCAAGTAGAG-1-1,TP53_CALR_het
AGGAGGTAGGTAATGCAAGTAGAG-1-1,TP53_EZH2_CALR_mut
AGGAGGTAGGTCTTGCAAGTAGAG-1-1,TP53_CALR_het
AGGAGGTAGGTTAGGTAAGTAGAG-1-1,
AGGAGGTAGTCTACCAAAGTAGAG-1-1,
AGGAGGTAGTTTCACGAAGTAGAG-1-1,
AGGAGGTAGTTTCGGCAAGTAGAG-1-1,
AGGATCAGTGCAGCTCAAGTAGAG-1-1,TP53_EZH2_CALR_mut
AGGATCAGTGTTTGCGAAGTAGAG-1-1,TP53_EZH2_CALR_mut
AGGATCAGTTCCTTTGAAGTAGAG-1-1,ZRSR2_CALR_mut
AGGCCAGGTACTTCCCAAGTAGAG-1-1,
AGGCCAGGTAGCGGATAAGTAGAG-1-1,TP53_EZH2_CALR_mut
AGGCCAGGTGCAATAGAAGTAGAG-1-1,TP53_CALR_het
AGGCCAGGTGTTTGCGAAGTAGAG-1-1,TP53_EZH2_CALR_mut
AGGCCAGGTTACCGTGAAGTAGAG-1-1,TP53_CALR_het
AGGCCAGGTTAGAGGCAAGTAGAG-1-1,
AGGCCAGGTTCGATGTAAGTAGAG-1-1,
AGGCCAGGTTGCATCGAAGTAGAG-1-1,TP53_CALR_het
AGGCCAGGTTGGCGAGAAGTAGAG-1-1,TP53_CALR_het
AGGCCATCAATACTGGAAGTAGAG-1-1,
AGGCCATCAATGAATCAAGTAGAG-1-1,
AGGCCATCAATTAGCGAAGTAGAG-1-1,TP53_CALR_het
AGGCCATCACGTTACTAAGTAGAG-1-1,
AGGCCATCACTTTATGAAGTAGAG-1-1,ZRSR2_CALR_mut
AGGCCATCATGAGTCAAAGTAGAG-1-1,TP53_CALR_het
AGGCCTAAGAACCTAAAAGTAGAG-1-1,
AGGCCTAAGCATCCCGAAGTAGAG-1-1,
AGGCCTAAGCTTTACGAAGTAGAG-1-1,TP53_EZH2_CALR_mut
AGGCCTAAGGGTTGGCAAGTAGAG-1-1,
AGGCCTAAGTAAACCAAAGTAGAG-1-1,TP53_CALR_het
AGGCCTAAGTATGGTAAAGTAGAG-1-1,
AGGCGAGAGACTAACAAAGTAGAG-1-1,
AGGCGAGAGATGAAGGAAGTAGAG-1-1,TP53_CALR_het
AGGCGAGAGGATCCAGAAGTAGAG-1-1,
AGGCGAGAGGTTGGGCAAGTAGAG-1-1,
AGGCGAGAGTCACCTAAAGTAGAG-1-1,TP53_CALR_het
AGGCGCAGTACGTCCAAAGTAGAG-1-1,TP53_EZH2_CALR_mut
AGGCGCAGTCATTTAGAAGTAGAG-1-1,
AGGCGCAGTCCGGTACAAGTAGAG-1-1,TP53_CALR_het
AGGCGCAGTCGTCCAAAAGTAGAG-1-1,TP53_CALR_het
AGGCGCAGTGCTCCAAAAGTAGAG-1-1,TP53_CALR_het
AGGCGCAGTGTGGCTCAAGTAGAG-1-1,
AGGCGCAGTTCACTCCAAGTAGAG-1-1,TP53_EZH2_CALR_mut
AGGCGCAGTTCGATGTAAGTAGAG-1-1,
AGGCGCAGTTCTTGAAAAGTAGAG-1-1,
AGGCGCTAGATAACCAAAGTAGAG-1-1,
AGGCGCTAGCCCGTTGAAGTAGAG-1-1,
AGGCGCTAGCGAATGTAAGTAGAG-1-1,
AGGCGCTAGCGAGTTGAAGTAGAG-1-1,
AGGCGCTAGGAAACTCAAGTAGAG-1-1,
AGGCGCTAGGACTTGGAAGTAGAG-1-1,
AGGCGCTAGTAATGGCAAGTAGAG-1-1,
AGGCGCTAGTCTAACTAAGTAGAG-1-1,
AGGCGCTAGTTATCCGAAGTAGAG-1-1,TP53_CALR_het
AGGCTATAGACTGAGTAAGTAGAG-1-1,
AGGCTATAGAGGATGAAAGTAGAG-1-1,
AGGCTATAGATTGCAAAAGTAGAG-1-1,
AGGCTATAGCAGGTCAAAGTAGAG-1-1,TP53_EZH2_CALR_mut
AGGCTATAGCGCTTACAAGTAGAG-1-1,
AGGCTATAGCTGATTTAAGTAGAG-1-1,TP53_CALR_het
AGGCTATAGGGAGGCAAAGTAGAG-1-1,TP53_CALR_het
AGGCTATAGGTTACTTAAGTAGAG-1-1,TP53_EZH2_CALR_mut
AGGCTATAGTTACAGAAAGTAGAG-1-1,
AGGCTTGAGCAACTTTAAGTAGAG-1-1,TP53_EZH2_CALR_mut
AGGCTTGAGCGAGGGAAAGTAGAG-1-1,
AGGCTTGAGCGCTACTAAGTAGAG-1-1,
AGGCTTGAGCTTTACGAAGTAGAG-1-1,TP53_CALR_het
AGGCTTGAGTGATGGTAAGTAGAG-1-1,TP53_CALR_het
AGGCTTGAGTTACCTGAAGTAGAG-1-1,
AGGCTTTGTAACTTGCAAGTAGAG-1-1,
AGGCTTTGTAGTAGCAAAGTAGAG-1-1,
AGGCTTTGTCACAGAAAAGTAGAG-1-1,TP53_EZH2_CALR_mut
AGGCTTTGTCATCAGTAAGTAGAG-1-1,
AGGCTTTGTCGTTGCAAAGTAGAG-1-1,
AGGCTTTGTGATAAACAAGTAGAG-1-1,
AGGCTTTGTTAGAGGCAAGTAGAG-1-1,TP53_EZH2_CALR_mut
AGGCTTTGTTCTGGCAAAGTAGAG-1-1,TP53_CALR_het
AGGCTTTGTTGTGAGAAAGTAGAG-1-1,
AGGCTTTGTTTACCGGAAGTAGAG-1-1,TP53_CALR_het
AGGCTTTGTTTGCTCCAAGTAGAG-1-1,TP53_EZH2_CALR_mut
AGGCTTTGTTTGTTGAAAGTAGAG-1-1,TP53_CALR_het
AGGGACCTCAGGTTGGAAGTAGAG-1-1,TP53_CALR_het
AGGGACCTCCCTCTCAAAGTAGAG-1-1,TP53_CALR_het
AGGGACCTCCTTAGATAAGTAGAG-1-1,
AGGGACCTCGCTCAACAAGTAGAG-1-1,
AGGGACCTCGCTTCAAAAGTAGAG-1-1,TP53_CALR_het
AGGGACCTCGGTAAGTAAGTAGAG-1-1,TP53_CALR_het
AGGGACCTCTAGCGGAAAGTAGAG-1-1,TP53_CALR_het
AGGGACCTCTGTCAGCAAGTAGAG-1-1,
AGGGAGTAGACTCAAAAAGTAGAG-1-1,TP53_EZH2_CALR_mut
AGGGAGTAGACTTAAGAAGTAGAG-1-1,
AGGGAGTAGCTCAACCAAGTAGAG-1-1,TP53_EZH2_CALR_mut
AGGGAGTAGGAACTTAAAGTAGAG-1-1,TP53_EZH2_CALR_mut
AGGGAGTAGGCGCGATAAGTAGAG-1-1,
AGGGAGTAGGCTGTGAAAGTAGAG-1-1,
AGGGAGTAGTTTCAGTAAGTAGAG-1-1,
AGGGCTATCATGGTCCAAGTAGAG-1-1,
AGGGCTATCATTGCATAAGTAGAG-1-1,ZRSR2_CALR_mut
AGGGCTATCCAGCTACAAGTAGAG-1-1,TP53_EZH2_CALR_mut
AGGGCTATCCGCAATCAAGTAGAG-1-1,
AGGGCTATCCTCACGGAAGTAGAG-1-1,
AGGGCTATCGACTTTGAAGTAGAG-1-1,
AGGGCTATCGCAGCAAAAGTAGAG-1-1,
AGGGCTATCGGTTCCGAAGTAGAG-1-1,
AGGGCTATCTAACCATAAGTAGAG-1-1,TP53_CALR_het
AGGGCTATCTCAAGAAAAGTAGAG-1-1,
AGGGCTATCTCAGCTAAAGTAGAG-1-1,
AGGGCTATCTGGTCTAAAGTAGAG-1-1,
AGGGCTATCTTGAGGGAAGTAGAG-1-1,TP53_EZH2_CALR_mut
AGGGCTATCTTTGGTGAAGTAGAG-1-1,
AGGGCTTCAAATACCGAAGTAGAG-1-1,TP53_CALR_het
AGGGCTTCAAGTGGCTAAGTAGAG-1-1,
AGGGCTTCACCATCATAAGTAGAG-1-1,TP53_CALR_het
AGGGCTTCACGTGCTCAAGTAGAG-1-1,TP53_CALR_het
AGGGCTTCAGAAACTTAAGTAGAG-1-1,TP53_EZH2_CALR_mut
AGGGCTTCAGGTGACTAAGTAGAG-1-1,
AGGGTCCAGAGCAATCAAGTAGAG-1-1,ZRSR2_CALR_mut
AGGGTCCAGCCACTCGAAGTAGAG-1-1,
AGGGTCCAGGATGTTAAAGTAGAG-1-1,TP53_CALR_het
AGGGTCCAGGTTACTTAAGTAGAG-1-1,
AGGGTGGAGAGCCGGTAAGTAGAG-1-1,
AGGGTGGAGCAAATTGAAGTAGAG-1-1,TP53_CALR_het
AGGGTGGAGGACACGCAAGTAGAG-1-1,
AGGGTGGAGGGCACTAAAGTAGAG-1-1,
AGGGTGGAGTCTAATCAAGTAGAG-1-1,
AGGGTGGAGTGTGCAGAAGTAGAG-1-1,TP53_EZH2_CALR_mut
AGGGTGGAGTTACAGAAAGTAGAG-1-1,TP53_EZH2_CALR_mut
AGGGTTAGTAATGTCCAAGTAGAG-1-1,
AGGGTTAGTAGGTTTCAAGTAGAG-1-1,
AGGGTTAGTCACTATAAAGTAGAG-1-1,
AGGGTTAGTCCATCCTAAGTAGAG-1-1,
AGGGTTAGTCGAATCTAAGTAGAG-1-1,
AGGGTTAGTCTACCAGAAGTAGAG-1-1,
AGGGTTAGTGACATGAAAGTAGAG-1-1,TP53_CALR_het
AGGGTTAGTGATAAACAAGTAGAG-1-1,
AGGGTTAGTGTGAGTAAAGTAGAG-1-1,TP53_EZH2_CALR_mut
AGGGTTAGTTAGGTAGAAGTAGAG-1-1,TP53_EZH2_CALR_mut
AGGTGAGCAAACTTCCAAGTAGAG-1-1,
AGGTGAGCAACAGCACAAGTAGAG-1-1,
AGGTGAGCAAGGAATAAAGTAGAG-1-1,
AGGTGAGCAATACTGGAAGTAGAG-1-1,TP53_CALR_het
AGGTGAGCACATAGTGAAGTAGAG-1-1,
AGGTGAGCAGAGGCTTAAGTAGAG-1-1,TP53_CALR_het
AGGTGAGCAGATAACTAAGTAGAG-1-1,
AGGTGAGCATGAGCTAAAGTAGAG-1-1,TP53_CALR_het
AGGTGAGCATGGTCAAAAGTAGAG-1-1,
AGGTGAGCATTAGTGGAAGTAGAG-1-1,
AGGTGATTCAGCGAATAAGTAGAG-1-1,ZRSR2_CALR_mut
AGGTGATTCCGCTATAAAGTAGAG-1-1,TP53_EZH2_CALR_mut
AGGTGGGAGAGGATGAAAGTAGAG-1-1,
AGGTGGGAGCAAATCAAAGTAGAG-1-1,TP53_CALR_het
AGGTGGGAGCAAATTGAAGTAGAG-1-1,
AGGTGGGAGCATGTGGAAGTAGAG-1-1,ZRSR2_CALR_mut
AGGTGGGAGGAGTCATAAGTAGAG-1-1,TP53_CALR_het
AGGTGGGAGGGCAGTCAAGTAGAG-1-1,
AGGTGGGAGGTTCCGTAAGTAGAG-1-1,TP53_CALR_het
AGGTTAATCACCAGCTAAGTAGAG-1-1,TP53_CALR_het
AGGTTAATCACTTCGAAAGTAGAG-1-1,
AGGTTAATCCATCCAAAAGTAGAG-1-1,TP53_EZH2_CALR_mut
AGGTTAATCCCTGGATAAGTAGAG-1-1,TP53_EZH2_CALR_mut
AGGTTAATCGACTTTGAAGTAGAG-1-1,
AGGTTAATCGATTGGGAAGTAGAG-1-1,
AGGTTAATCGTCAACCAAGTAGAG-1-1,
AGGTTAATCGTTAACTAAGTAGAG-1-1,TP53_CALR_het
AGGTTAATCTAGCCTAAAGTAGAG-1-1,
AGGTTCGAGATTGAGCAAGTAGAG-1-1,
AGGTTCGAGCCCGTTGAAGTAGAG-1-1,
AGGTTCGAGCCTCTAAAAGTAGAG-1-1,TP53_EZH2_CALR_mut
AGGTTCGAGCCTGGTTAAGTAGAG-1-1,TP53_EZH2_CALR_mut
AGGTTCGAGCGCTTACAAGTAGAG-1-1,
AGGTTCGAGGGTTGGCAAGTAGAG-1-1,
AGGTTCGAGGTATAGCAAGTAGAG-1-1,
AGGTTCGAGTGCTGAGAAGTAGAG-1-1,TP53_CALR_het
AGGTTCTGTAGACTGAAAGTAGAG-1-1,
AGGTTCTGTATGTTGCAAGTAGAG-1-1,
AGGTTCTGTCAGTGCCAAGTAGAG-1-1,
AGGTTCTGTGGATGCGAAGTAGAG-1-1,
AGGTTCTGTGTGTTACAAGTAGAG-1-1,TP53_CALR_het
AGGTTCTGTTGTTGGTAAGTAGAG-1-1,
AGGTTCTGTTTCCTGCAAGTAGAG-1-1,TP53_CALR_het
AGGTTGAGTAATGAACAAGTAGAG-1-1,
AGGTTGAGTAGCTATCAAGTAGAG-1-1,
AGGTTGAGTCAACTACAAGTAGAG-1-1,TP53_CALR_het
AGGTTGAGTCATTTAGAAGTAGAG-1-1,TP53_EZH2_CALR_mut
AGGTTGAGTCCTTCTAAAGTAGAG-1-1,TP53_CALR_het
AGGTTGAGTCGTAACTAAGTAGAG-1-1,TP53_EZH2_CALR_mut
AGGTTGAGTTCGGTCAAAGTAGAG-1-1,
AGTAAACGTAAAGCATAAGTAGAG-1-1,
AGTAAACGTAACTTGCAAGTAGAG-1-1,TP53_EZH2_CALR_mut
AGTAAACGTACTGCCAAAGTAGAG-1-1,TP53_CALR_het
AGTAAACGTAGCCAAAAAGTAGAG-1-1,TP53_EZH2_CALR_mut
AGTAAACGTATTTGTGAAGTAGAG-1-1,
AGTAAACGTCAACATCAAGTAGAG-1-1,
AGTAAACGTGAACCAAAAGTAGAG-1-1,TP53_EZH2_CALR_mut
AGTAAACGTGATAAACAAGTAGAG-1-1,
AGTAAACGTGTGGCTCAAGTAGAG-1-1,TP53_EZH2_CALR_mut
AGTAAACGTTAGGCTTAAGTAGAG-1-1,
AGTAAACGTTTGTTGAAAGTAGAG-1-1,ZRSR2_CALR_mut
AGTAACCAGACTCAAAAAGTAGAG-1-1,
AGTAACCAGCAATTGAAAGTAGAG-1-1,
AGTAACCAGCGAGGGAAAGTAGAG-1-1,
AGTAACCAGGAAGGTAAAGTAGAG-1-1,TP53_EZH2_CALR_mut
AGTAACCAGGACAACTAAGTAGAG-1-1,TP53_EZH2_CALR_mut
AGTAACCAGGATTATGAAGTAGAG-1-1,
AGTAACCAGGCTTAAAAAGTAGAG-1-1,TP53_CALR_het
AGTAACCAGGCTTTATAAGTAGAG-1-1,TP53_CALR_het
AGTAACCAGGTCAAACAAGTAGAG-1-1,TP53_CALR_het
AGTAACCAGGTGAATCAAGTAGAG-1-1,TP53_EZH2_CALR_mut
AGTAACCAGTGTCCACAAGTAGAG-1-1,TP53_EZH2_CALR_mut
AGTAACCAGTTACTCGAAGTAGAG-1-1,TP53_CALR_het
AGTAACGGTCGAGGCAAAGTAGAG-1-1,
AGTAACGGTGCAGCTCAAGTAGAG-1-1,
AGTAACGGTTCCGGGTAAGTAGAG-1-1,TP53_CALR_het
AGTAAGCTCAACCTCAAAGTAGAG-1-1,TP53_CALR_het
AGTAAGCTCACTGTCAAAGTAGAG-1-1,
AGTAAGCTCAGTAGGTAAGTAGAG-1-1,
AGTAAGCTCATCGATTAAGTAGAG-1-1,TP53_CALR_het
AGTAAGCTCCACAACCAAGTAGAG-1-1,
AGTAAGCTCCACAATTAAGTAGAG-1-1,TP53_CALR_het
AGTAAGCTCCTCACGGAAGTAGAG-1-1,TP53_EZH2_CALR_mut
AGTAAGCTCGCCTCGAAAGTAGAG-1-1,
AGTAAGCTCGCCTGCAAAGTAGAG-1-1,
AGTAAGCTCGTGATTTAAGTAGAG-1-1,
AGTAAGTGTACCTAGTAAGTAGAG-1-1,TP53_EZH2_CALR_mut
AGTAAGTGTAGCTTTAAAGTAGAG-1-1,
AGTAAGTGTCAATACCAAGTAGAG-1-1,TP53_EZH2_CALR_mut
AGTAAGTGTCCTCCTGAAGTAGAG-1-1,TP53_EZH2_CALR_mut
AGTAAGTGTGATCCTGAAGTAGAG-1-1,
AGTAAGTGTGCATTACAAGTAGAG-1-1,
AGTAAGTGTGGATGCGAAGTAGAG-1-1,
AGTAAGTGTTAGGCGGAAGTAGAG-1-1,
AGTAAGTGTTCCAGCAAAGTAGAG-1-1,TP53_EZH2_CALR_mut
AGTACTGCAACTAGTGAAGTAGAG-1-1,
AGTACTGCACATAGTGAAGTAGAG-1-1,TP53_CALR_het
AGTACTGCACATTGTCAAGTAGAG-1-1,ZRSR2_CALR_mut
AGTACTGCAGCCTTCAAAGTAGAG-1-1,
AGTACTGCATCCCTCTAAGTAGAG-1-1,TP53_CALR_het
AGTACTGCATTACTCAAAGTAGAG-1-1,
AGTACTGCATTTGGCTAAGTAGAG-1-1,TP53_EZH2_CALR_mut
AGTACTGCATTTGGGAAAGTAGAG-1-1,ZRSR2_CALR_mut
AGTAGGCGTAGCCTTGAAGTAGAG-1-1,
AGTAGGCGTCAAGCTTAAGTAGAG-1-1,
AGTAGGCGTGGTTCGCAAGTAGAG-1-1,
AGTAGGCGTTCAAGGAAAGTAGAG-1-1,ZRSR2_CALR_mut
AGTAGGCGTTCTCAAAAAGTAGAG-1-1,
AGTAGGCGTTTCACCCAAGTAGAG-1-1,TP53_CALR_het
AGTAGGTTCAAGGTGTAAGTAGAG-1-1,
AGTAGGTTCACAACAAAAGTAGAG-1-1,TP53_CALR_het
AGTAGGTTCACAGATAAAGTAGAG-1-1,TP53_EZH2_CALR_mut
AGTAGGTTCAGGCCTTAAGTAGAG-1-1,ZRSR2_CALR_mut
AGTAGGTTCAGGTTGGAAGTAGAG-1-1,TP53_EZH2_CALR_mut
AGTAGGTTCCCACATAAAGTAGAG-1-1,TP53_EZH2_CALR_mut
AGTAGGTTCCTAAGGGAAGTAGAG-1-1,
AGTAGGTTCGAAGGCCAAGTAGAG-1-1,
AGTATCCGTACCTTAAAAGTAGAG-1-1,TP53_EZH2_CALR_mut
AGTATCCGTACTTAGCAAGTAGAG-1-1,
AGTATCCGTAGGAGGAAAGTAGAG-1-1,TP53_CALR_het
AGTATCCGTAGTAACGAAGTAGAG-1-1,TP53_CALR_het
AGTATCCGTAGTTGTCAAGTAGAG-1-1,TP53_EZH2_CALR_mut
AGTATCCGTCCTGACAAAGTAGAG-1-1,
AGTATCCGTCGAGGCAAAGTAGAG-1-1,
AGTATCCGTGCACTATAAGTAGAG-1-1,
AGTATCCGTTCATTAGAAGTAGAG-1-1,ZRSR2_CALR_mut
AGTATCCGTTCGAATCAAGTAGAG-1-1,TP53_EZH2_CALR_mut
AGTATCCGTTGTCCAGAAGTAGAG-1-1,TP53_EZH2_CALR_mut
AGTCAATCAAATGACTAAGTAGAG-1-1,TP53_CALR_het
AGTCAATCAAGATAAGAAGTAGAG-1-1,ZRSR2_CALR_mut
AGTCAATCAAGCGAAGAAGTAGAG-1-1,TP53_CALR_het
AGTCAATCAATTCGGAAAGTAGAG-1-1,TP53_CALR_het
AGTCAATCACCTAAGAAAGTAGAG-1-1,
AGTCAATCACTAACAGAAGTAGAG-1-1,
AGTCAATCACTGACAAAAGTAGAG-1-1,
AGTCAATCATTGACTCAAGTAGAG-1-1,TP53_EZH2_CALR_mut
AGTCACACAAACGGTCAAGTAGAG-1-1,
AGTCACACAAAGAACAAAGTAGAG-1-1,TP53_CALR_het
AGTCACACACAATAGTAAGTAGAG-1-1,ZRSR2_CALR_mut
AGTCACACAGGCTTAAAAGTAGAG-1-1,
AGTCAGCCAAAGTGCCAAGTAGAG-1-1,TP53_CALR_het
AGTCAGCCACGTGCTCAAGTAGAG-1-1,TP53_EZH2_CALR_mut
AGTCAGCCACTATGTCAAGTAGAG-1-1,
AGTCAGCCATCGTTCGAAGTAGAG-1-1,
AGTCAGCCATTACTCAAAGTAGAG-1-1,
AGTCAGCCATTCATGCAAGTAGAG-1-1,
AGTCAGCCATTGGGTAAAGTAGAG-1-1,TP53_CALR_het
AGTCATAAGCACGCAAAAGTAGAG-1-1,TP53_EZH2_CALR_mut
AGTCATAAGCTAGCCTAAGTAGAG-1-1,
AGTCATAAGGAGGATAAAGTAGAG-1-1,
AGTCATAAGGATTAGCAAGTAGAG-1-1,
AGTCATAAGGCTACTCAAGTAGAG-1-1,TP53_EZH2_CALR_mut
AGTCATAAGGTTCATTAAGTAGAG-1-1,TP53_EZH2_CALR_mut
AGTCATAAGGTTGTGGAAGTAGAG-1-1,TP53_CALR_het
AGTCATAAGTTATTGCAAGTAGAG-1-1,TP53_CALR_het
AGTCGCGCAAATAACCAAGTAGAG-1-1,
AGTCGCGCAAGCTCAAAAGTAGAG-1-1,TP53_EZH2_CALR_mut
AGTCGCGCACGATTAGAAGTAGAG-1-1,TP53_CALR_het
AGTCGCGCACTAGTCTAAGTAGAG-1-1,
AGTCGCGCATATGGTGAAGTAGAG-1-1,TP53_CALR_het
AGTCGCGCATTACTCAAAGTAGAG-1-1,
AGTCGCGCATTTCTTCAAGTAGAG-1-1,
AGTCGTTGTAACTTGCAAGTAGAG-1-1,
AGTCGTTGTAATGTCCAAGTAGAG-1-1,
AGTCGTTGTCCTCCTGAAGTAGAG-1-1,
AGTCGTTGTGGCTCACAAGTAGAG-1-1,
AGTCGTTGTTCAAGCTAAGTAGAG-1-1,
AGTCGTTGTTCAAGGAAAGTAGAG-1-1,TP53_EZH2_CALR_mut
AGTGACCCACGCCACTAAGTAGAG-1-1,TP53_EZH2_CALR_mut
AGTGACCCAGTTATGGAAGTAGAG-1-1,TP53_EZH2_CALR_mut
AGTGACCCATCCGTCAAAGTAGAG-1-1,
AGTGACCCATCGAACAAAGTAGAG-1-1,
AGTGACCCATTACACCAAGTAGAG-1-1,ZRSR2_CALR_mut
AGTGACCCATTGCGCCAAGTAGAG-1-1,
AGTGAGAAGCCTAAGGAAGTAGAG-1-1,TP53_EZH2_CALR_mut
AGTGAGAAGTCTAACTAAGTAGAG-1-1,TP53_CALR_het
AGTGAGAAGTGAGGAAAAGTAGAG-1-1,
AGTGATCAGAGGTTCGAAGTAGAG-1-1,
AGTGATCAGATTCATCAAGTAGAG-1-1,
AGTGATCAGCTGATGGAAGTAGAG-1-1,
AGTGATCAGGCTGTGAAAGTAGAG-1-1,
AGTGATCAGGGTTGCAAAGTAGAG-1-1,
AGTGATCAGGTTGTGGAAGTAGAG-1-1,TP53_CALR_het
AGTGATCAGTAAGTGCAAGTAGAG-1-1,
AGTGATCAGTTATCCGAAGTAGAG-1-1,TP53_CALR_het
AGTGATCAGTTTGCATAAGTAGAG-1-1,
AGTGATGGTAAATAGCAAGTAGAG-1-1,TP53_EZH2_CALR_mut
AGTGATGGTACCTCAGAAGTAGAG-1-1,TP53_CALR_het
AGTGATGGTACTTCAAAAGTAGAG-1-1,TP53_EZH2_CALR_mut
AGTGATGGTATTCAGCAAGTAGAG-1-1,
AGTGATGGTCAGGGCAAAGTAGAG-1-1,ZRSR2_CALR_mut
AGTGATGGTCCGGTACAAGTAGAG-1-1,TP53_CALR_het
AGTGATGGTGAACCAAAAGTAGAG-1-1,TP53_CALR_het
AGTGATGGTGACCTATAAGTAGAG-1-1,
AGTGATGGTGACCTTGAAGTAGAG-1-1,TP53_EZH2_CALR_mut
AGTGATGGTGGACCCTAAGTAGAG-1-1,TP53_EZH2_CALR_mut
AGTGATGGTGTGACCCAAGTAGAG-1-1,TP53_CALR_het
AGTGATGGTTCACCTCAAGTAGAG-1-1,
AGTGATGGTTGCACTGAAGTAGAG-1-1,TP53_EZH2_CALR_mut
AGTGATGGTTGCCTGAAAGTAGAG-1-1,TP53_EZH2_CALR_mut
AGTGATTCAACCTCGCAAGTAGAG-1-1,TP53_CALR_het
AGTGATTCACCTGGTCAAGTAGAG-1-1,
AGTGATTCAGCTACCCAAGTAGAG-1-1,ZRSR2_CALR_mut
AGTGATTCATTGCATCAAGTAGAG-1-1,TP53_CALR_het
AGTGCAAGTACTTAGCAAGTAGAG-1-1,TP53_CALR_het
AGTGCAAGTATAGCGAAAGTAGAG-1-1,
AGTGCAAGTCGAGGCAAAGTAGAG-1-1,
AGTGCAAGTCGTTGCAAAGTAGAG-1-1,TP53_CALR_het
AGTGCAAGTGCTGATTAAGTAGAG-1-1,
AGTGCAAGTTAAGTCCAAGTAGAG-1-1,
AGTGCAAGTTGAATCCAAGTAGAG-1-1,
AGTGCGGGTAACTTGCAAGTAGAG-1-1,TP53_CALR_het
AGTGCGGGTACAAACGAAGTAGAG-1-1,TP53_CALR_het
AGTGCGGGTATGTTTGAAGTAGAG-1-1,
AGTGCGGGTCATTATGAAGTAGAG-1-1,TP53_CALR_het
AGTGCGGGTCGAAGCGAAGTAGAG-1-1,
AGTGCGGGTGGATGCGAAGTAGAG-1-1,
AGTGCGGGTGTCCAGCAAGTAGAG-1-1,
AGTGCGGGTGTTAGTCAAGTAGAG-1-1,
AGTGCGGGTGTTTGTAAAGTAGAG-1-1,TP53_CALR_het
AGTGCGGGTTAATGCCAAGTAGAG-1-1,
AGTGCTGAGATAGCCGAAGTAGAG-1-1,
AGTGCTGAGCACTACCAAGTAGAG-1-1,TP53_CALR_het
AGTGCTGAGCCATTTGAAGTAGAG-1-1,
AGTGCTGAGCCCTTGGAAGTAGAG-1-1,TP53_CALR_het
AGTGCTGAGTCACACCAAGTAGAG-1-1,
AGTGCTGAGTTTCGCAAAGTAGAG-1-1,
AGTGGATTCAGGGATTAAGTAGAG-1-1,
AGTGGATTCCAAACAAAAGTAGAG-1-1,TP53_CALR_het
AGTGGATTCCCATTGAAAGTAGAG-1-1,
AGTGGATTCCGCAACTAAGTAGAG-1-1,
AGTGGATTCCGGCTCAAAGTAGAG-1-1,
AGTGGATTCCTGCAACAAGTAGAG-1-1,TP53_CALR_het
AGTGGATTCGGTACAGAAGTAGAG-1-1,
AGTGGATTCGTTGCACAAGTAGAG-1-1,TP53_CALR_het
AGTGGATTCTTCAAGTAAGTAGAG-1-1,
AGTGGCGGTGGTTAAGAAGTAGAG-1-1,ZRSR2_CALR_mut
AGTGGCGGTTAAGCTCAAGTAGAG-1-1,TP53_CALR_het
AGTGGCGGTTGCACTGAAGTAGAG-1-1,TP53_CALR_het
AGTGGCGGTTGCGCTAAAGTAGAG-1-1,TP53_EZH2_CALR_mut
AGTGGGTGTACTTACAAAGTAGAG-1-1,
AGTGGGTGTCAATCGTAAGTAGAG-1-1,ZRSR2_CALR_mut
AGTGGGTGTCATCAGTAAGTAGAG-1-1,
AGTGGGTGTCCATCCTAAGTAGAG-1-1,TP53_EZH2_CALR_mut
AGTGGGTGTCGTTCTCAAGTAGAG-1-1,
AGTGGGTGTGACCTTGAAGTAGAG-1-1,
AGTTACGCAACGTTAGAAGTAGAG-1-1,
AGTTACGCAAGCGATCAAGTAGAG-1-1,TP53_CALR_het
AGTTACGCAATAGAGAAAGTAGAG-1-1,
AGTTACGCAATGGGAGAAGTAGAG-1-1,
AGTTACGCACATAAGTAAGTAGAG-1-1,TP53_CALR_het
AGTTACGCACCACAAAAAGTAGAG-1-1,ZRSR2_CALR_mut
AGTTACGCACCGGCAAAAGTAGAG-1-1,TP53_CALR_het
AGTTACGCACTATGGAAAGTAGAG-1-1,
AGTTACGCACTCAAAGAAGTAGAG-1-1,
AGTTACGCATCAATCCAAGTAGAG-1-1,
AGTTACTTCACAGGGCAAGTAGAG-1-1,TP53_EZH2_CALR_mut
AGTTACTTCATTGCATAAGTAGAG-1-1,ZRSR2_CALR_mut
AGTTACTTCCAACATTAAGTAGAG-1-1,
AGTTACTTCCAACTATAAGTAGAG-1-1,
AGTTACTTCCAATAGAAAGTAGAG-1-1,
AGTTACTTCCCACATAAAGTAGAG-1-1,
AGTTACTTCTAAATCCAAGTAGAG-1-1,
AGTTACTTCTCACAATAAGTAGAG-1-1,TP53_CALR_het
AGTTACTTCTTGAAAGAAGTAGAG-1-1,ZRSR2_CALR_mut
AGTTAGGGTATTACCAAAGTAGAG-1-1,TP53_EZH2_CALR_mut
AGTTAGGGTCAATGTCAAGTAGAG-1-1,TP53_EZH2_CALR_mut
AGTTAGGGTCCTCATCAAGTAGAG-1-1,
AGTTAGGGTGACCTATAAGTAGAG-1-1,
AGTTAGGGTGCACAAAAAGTAGAG-1-1,
AGTTAGGGTGCACTATAAGTAGAG-1-1,
AGTTAGGGTGGTTCTGAAGTAGAG-1-1,
AGTTAGGGTTAGAGGCAAGTAGAG-1-1,
AGTTAGGGTTCACCTCAAGTAGAG-1-1,
AGTTAGGGTTGCGGGAAAGTAGAG-1-1,
AGTTATCTCAACCTCAAAGTAGAG-1-1,TP53_CALR_het
AGTTATCTCACGTTATAAGTAGAG-1-1,TP53_CALR_het
AGTTATCTCATGCGTCAAGTAGAG-1-1,TP53_CALR_het
AGTTATCTCATTTAGCAAGTAGAG-1-1,
AGTTATCTCCAAACAAAAGTAGAG-1-1,TP53_CALR_het
AGTTATCTCCCACATAAAGTAGAG-1-1,
AGTTATCTCGTAACCCAAGTAGAG-1-1,TP53_EZH2_CALR_mut
AGTTATCTCTATTGCGAAGTAGAG-1-1,TP53_CALR_het
AGTTATCTCTCACTAGAAGTAGAG-1-1,TP53_EZH2_CALR_mut
AGTTATCTCTTAATGCAAGTAGAG-1-1,
AGTTCCTCAACTATCCAAGTAGAG-1-1,
AGTTCCTCACATGCTTAAGTAGAG-1-1,TP53_CALR_het
AGTTCCTCACGAACGTAAGTAGAG-1-1,ZRSR2_CALR_mut
AGTTCCTCACTTAACCAAGTAGAG-1-1,TP53_CALR_het
AGTTCCTCAGAATGAAAAGTAGAG-1-1,
AGTTCCTCATAGTCAGAAGTAGAG-1-1,TP53_CALR_het
AGTTCCTCATGAGGGAAAGTAGAG-1-1,
AGTTCCTCATGTGGCGAAGTAGAG-1-1,TP53_CALR_het
AGTTGCCTCACAAATGAAGTAGAG-1-1,TP53_EZH2_CALR_mut
AGTTGCCTCACTAGGGAAGTAGAG-1-1,ZRSR2_CALR_mut
AGTTGCCTCGAACCGAAAGTAGAG-1-1,
AGTTGCCTCGACTTTGAAGTAGAG-1-1,
AGTTGCCTCGAGGTTGAAGTAGAG-1-1,
AGTTGCCTCTAGCGGAAAGTAGAG-1-1,TP53_CALR_het
AGTTGGCCAAAGTGCCAAGTAGAG-1-1,
AGTTGGCCAACTAGTGAAGTAGAG-1-1,TP53_CALR_het
AGTTGGCCACCATCCAAAGTAGAG-1-1,TP53_CALR_het
AGTTGGCCAGAATGAAAAGTAGAG-1-1,ZRSR2_CALR_mut
AGTTGGCCAGCCTATTAAGTAGAG-1-1,
AGTTGGCCAGCCTTCAAAGTAGAG-1-1,
AGTTGGCCAGCTTTCGAAGTAGAG-1-1,
ATAAACCCAAAGCTCAAAGTAGAG-1-1,
ATAAACCCAACCTGTTAAGTAGAG-1-1,
ATAAACCCAAGGTGCTAAGTAGAG-1-1,
ATAAACCCAATAGAAGAAGTAGAG-1-1,
ATAAACCCAATGTGGCAAGTAGAG-1-1,TP53_CALR_het
ATAAACCCAATTGAGTAAGTAGAG-1-1,
ATAAACCCACCTAAGAAAGTAGAG-1-1,TP53_CALR_het
ATAAACCCACTCCCAAAAGTAGAG-1-1,TP53_CALR_het
ATAAACCCAGCCATAAAAGTAGAG-1-1,TP53_EZH2_CALR_het
ATAAACCCAGCCCTTAAAGTAGAG-1-1,
ATAAACCCATAAGCCAAAGTAGAG-1-1,
ATAAACCCATTGCCTGAAGTAGAG-1-1,
ATAAAGGCAAACCCAAAAGTAGAG-1-1,TP53_CALR_het
ATAAAGGCACCTGGTCAAGTAGAG-1-1,TP53_CALR_het
ATAAAGGCACGTAAATAAGTAGAG-1-1,TP53_CALR_het
ATAAAGGCAGTGAGGAAAGTAGAG-1-1,
ATAAAGGCAGTTATCCAAGTAGAG-1-1,TP53_CALR_het
ATAACCAAGAAAGGCAAAGTAGAG-1-1,
ATAACCAAGAGAGCAAAAGTAGAG-1-1,
ATAACCAAGAGGAAATAAGTAGAG-1-1,TP53_CALR_het
ATAACCAAGATTCCCAAAGTAGAG-1-1,ZRSR2_CALR_mut
ATAACCAAGCAGCTAGAAGTAGAG-1-1,
ATAACCAAGCCCTTGGAAGTAGAG-1-1,TP53_EZH2_CALR_mut
ATAACCAAGGTTAGACAAGTAGAG-1-1,TP53_EZH2_CALR_mut
ATAACCAAGGTTCTTGAAGTAGAG-1-1,TP53_EZH2_CALR_mut
ATAACCAAGGTTTCGCAAGTAGAG-1-1,TP53_EZH2_CALR_mut
ATAACCAAGTATCGCCAAGTAGAG-1-1,
ATAACCAAGTCTAACTAAGTAGAG-1-1,
ATAACCCGTAAGGTTGAAGTAGAG-1-1,
ATAACCCGTCCTTCGTAAGTAGAG-1-1,
ATAACCCGTTACTCCCAAGTAGAG-1-1,
ATAACCCGTTCCGCAAAAGTAGAG-1-1,
ATAACCCGTTGCATCGAAGTAGAG-1-1,
ATAAGCATCACACAAAAAGTAGAG-1-1,TP53_CALR_het
ATAAGCATCCGCCTCTAAGTAGAG-1-1,TP53_CALR_het
ATAAGCATCGCTATATAAGTAGAG-1-1,
ATAAGCATCGGTACAGAAGTAGAG-1-1,TP53_EZH2_CALR_mut
ATAAGCATCGTTCGTAAAGTAGAG-1-1,
ATAAGCATCTGGAACGAAGTAGAG-1-1,TP53_CALR_het
ATAAGCATCTGGTCTAAAGTAGAG-1-1,TP53_EZH2_CALR_mut
ATAAGCCAGACCAGGCAAGTAGAG-1-1,TP53_CALR_het
ATAAGCCAGCCACTCGAAGTAGAG-1-1,TP53_EZH2_CALR_mut
ATAAGCCAGCCATAAAAAGTAGAG-1-1,
ATAAGCCAGGCCTTCGAAGTAGAG-1-1,
ATAAGCCAGTAAGCACAAGTAGAG-1-1,TP53_EZH2_CALR_mut
ATAAGCCAGTATGGGTAAGTAGAG-1-1,ZRSR2_CALR_mut
ATAAGCCAGTGCCCTGAAGTAGAG-1-1,TP53_CALR_het
ATAAGCCAGTTACCCAAAGTAGAG-1-1,
ATAAGCCAGTTTCCAGAAGTAGAG-1-1,TP53_EZH2_CALR_mut
ATAAGGTGTAAGGCCGAAGTAGAG-1-1,
ATAAGGTGTGGGAACTAAGTAGAG-1-1,
ATAAGGTGTGTGTTACAAGTAGAG-1-1,TP53_CALR_het
ATAAGGTGTTGGAGCGAAGTAGAG-1-1,
ATAAGGTGTTTAACCAAAGTAGAG-1-1,
ATAAGGTGTTTCGCCTAAGTAGAG-1-1,
ATAATGGTCACAAAGCAAGTAGAG-1-1,TP53_EZH2_CALR_mut
ATAATGGTCACTATACAAGTAGAG-1-1,
ATAATGGTCCCTCATTAAGTAGAG-1-1,
ATAATGGTCCCTCGTCAAGTAGAG-1-1,
ATAATGGTCGAGGCGTAAGTAGAG-1-1,TP53_CALR_het
ATAATGGTCGGTACCTAAGTAGAG-1-1,TP53_CALR_het
ATAATGGTCTAATGGAAAGTAGAG-1-1,
ATAATGGTCTATGGCCAAGTAGAG-1-1,TP53_EZH2_CALR_mut
ATACCCGGTAAACTGGAAGTAGAG-1-1,
ATACCCGGTACGAATGAAGTAGAG-1-1,TP53_CALR_het
ATACCCGGTCATGAAGAAGTAGAG-1-1,TP53_EZH2_CALR_mut
ATACCCGGTCCGTGACAAGTAGAG-1-1,
ATACCCGGTCTTTATCAAGTAGAG-1-1,
ATACCCGGTGCCCTTTAAGTAGAG-1-1,
ATACCCGGTGCTCCAAAAGTAGAG-1-1,
ATACCCGGTGTAATGGAAGTAGAG-1-1,
ATACCCGGTTAGAGGCAAGTAGAG-1-1,
ATACCCGGTTCCGGGTAAGTAGAG-1-1,TP53_CALR_het
ATACCTGTCAAGGGTTAAGTAGAG-1-1,
ATACCTGTCACTAATCAAGTAGAG-1-1,ZRSR2_CALR_mut
ATACCTGTCAGGGATTAAGTAGAG-1-1,TP53_EZH2_CALR_mut
ATACCTGTCATCCAGCAAGTAGAG-1-1,
ATACCTGTCATGCGTCAAGTAGAG-1-1,TP53_EZH2_CALR_mut
ATACCTGTCCATAGAAAAGTAGAG-1-1,
ATACCTGTCGGTTCACAAGTAGAG-1-1,
ATACCTGTCTAAATCCAAGTAGAG-1-1,TP53_EZH2_CALR_mut
ATACCTGTCTATTGCGAAGTAGAG-1-1,
ATACCTTAGCCTATATAAGTAGAG-1-1,
ATACCTTAGGCGATATAAGTAGAG-1-1,TP53_CALR_het
ATACCTTAGGCTTTATAAGTAGAG-1-1,
ATACCTTAGTCAATGAAAGTAGAG-1-1,
ATACCTTAGTCATAAGAAGTAGAG-1-1,TP53_EZH2_CALR_mut
ATACGTAAGAATGGGAAAGTAGAG-1-1,TP53_EZH2_CALR_mut
ATACGTAAGACTAACAAAGTAGAG-1-1,
ATACGTAAGACTCCTAAAGTAGAG-1-1,TP53_EZH2_CALR_mut
ATACGTAAGATGATTGAAGTAGAG-1-1,ZRSR2_CALR_mut
ATACGTAAGGCAATCGAAGTAGAG-1-1,TP53_CALR_het
ATACGTAAGTAAAGGGAAGTAGAG-1-1,
ATACGTAAGTAAGTGCAAGTAGAG-1-1,
ATACGTAAGTCACACCAAGTAGAG-1-1,
ATACGTAAGTCGCGAAAAGTAGAG-1-1,
ATACGTAAGTTACCTGAAGTAGAG-1-1,
ATACGTAAGTTGCGCTAAGTAGAG-1-1,TP53_EZH2_CALR_mut
ATACTGGCAACCCTATAAGTAGAG-1-1,TP53_CALR_het
ATACTGGCAACTAGTGAAGTAGAG-1-1,TP53_EZH2_CALR_mut
ATACTGGCAAGTTGGCAAGTAGAG-1-1,TP53_CALR_het
ATACTGGCAATATGGTAAGTAGAG-1-1,
ATACTGGCAATTGCGAAAGTAGAG-1-1,
ATACTGGCACTAACTCAAGTAGAG-1-1,TP53_CALR_het
ATACTGGCACTCAGTTAAGTAGAG-1-1,TP53_EZH2_CALR_mut
ATACTGGCAGCGATCGAAGTAGAG-1-1,TP53_EZH2_CALR_mut
ATACTGGCAGCTAAGCAAGTAGAG-1-1,
ATACTGGCAGCTACCCAAGTAGAG-1-1,ZRSR2_CALR_mut
ATACTGGCAGCTAGCGAAGTAGAG-1-1,TP53_EZH2_CALR_mut
ATACTGGCAGGATTGCAAGTAGAG-1-1,ZRSR2_CALR_mut
ATACTGGCAGGCTGTGAAGTAGAG-1-1,TP53_CALR_het
ATACTGGCAGTTGCCCAAGTAGAG-1-1,
ATACTGGCATATGGTGAAGTAGAG-1-1,
ATACTGGCATCGATAGAAGTAGAG-1-1,TP53_EZH2_CALR_mut
ATACTGTTCAAGGTCGAAGTAGAG-1-1,
ATACTGTTCAGTTAGAAAGTAGAG-1-1,TP53_EZH2_CALR_mut
ATACTGTTCATGCCTAAAGTAGAG-1-1,ZRSR2_CALR_mut
ATACTGTTCCTGATCAAAGTAGAG-1-1,
ATACTGTTCGAGAGAAAAGTAGAG-1-1,TP53_EZH2_CALR_mut
ATACTGTTCGATTGGGAAGTAGAG-1-1,
ATACTGTTCTGGAAACAAGTAGAG-1-1,TP53_EZH2_CALR_mut
ATAGAAGCAACAGGGAAAGTAGAG-1-1,
ATAGAAGCAAGGCCTGAAGTAGAG-1-1,
ATAGAAGCACACCCACAAGTAGAG-1-1,TP53_EZH2_CALR_mut
ATAGAAGCACCTTCTCAAGTAGAG-1-1,TP53_EZH2_CALR_mut
ATAGAAGCACCTTTGGAAGTAGAG-1-1,
ATAGAAGCAGGTTTCTAAGTAGAG-1-1,
ATAGAAGCATCGAACAAAGTAGAG-1-1,TP53_CALR_het
ATAGACTCAATAAGGAAAGTAGAG-1-1,TP53_EZH2_CALR_mut
ATAGACTCACCAACAAAAGTAGAG-1-1,TP53_CALR_het
ATAGACTCATACTTCAAAGTAGAG-1-1,
ATAGCAGGTAACTTGCAAGTAGAG-1-1,TP53_EZH2_CALR_mut
ATAGCAGGTATTCGACAAGTAGAG-1-1,
ATAGCAGGTATTTACGAAGTAGAG-1-1,
ATAGCAGGTCAACTACAAGTAGAG-1-1,
ATAGCAGGTCCCTCATAAGTAGAG-1-1,
ATAGCAGGTCCGGGTTAAGTAGAG-1-1,
ATAGCAGGTTAATTCGAAGTAGAG-1-1,
ATAGCAGGTTAGGTAGAAGTAGAG-1-1,TP53_CALR_het
ATAGCAGGTTGGAGCGAAGTAGAG-1-1,
ATAGCAGGTTGGATGAAAGTAGAG-1-1,TP53_CALR_het
ATAGCAGGTTTGTAGCAAGTAGAG-1-1,
ATAGCGAGTAACGTGAAAGTAGAG-1-1,ZRSR2_CALR_mut
ATAGCGAGTCATGCATAAGTAGAG-1-1,TP53_EZH2_CALR_mut
ATAGCGAGTCGAATCTAAGTAGAG-1-1,
ATAGCGAGTTAGTGGAAAGTAGAG-1-1,
ATAGCGAGTTCCAGCAAAGTAGAG-1-1,TP53_EZH2_CALR_mut
ATAGCGAGTTGGTTTAAAGTAGAG-1-1,
ATAGCGAGTTTCCTCAAAGTAGAG-1-1,TP53_CALR_het
ATAGCTTTCACCAGGAAAGTAGAG-1-1,TP53_CALR_het
ATAGCTTTCAGTTAGAAAGTAGAG-1-1,
ATAGCTTTCATTGAGAAAGTAGAG-1-1,
ATAGCTTTCGCGGAACAAGTAGAG-1-1,
ATAGCTTTCGGCTAGAAAGTAGAG-1-1,TP53_CALR_het
ATAGCTTTCTTGAATCAAGTAGAG-1-1,
ATAGGATGTATAGTGGAAGTAGAG-1-1,
ATAGGATGTCATTTAGAAGTAGAG-1-1,TP53_CALR_het
ATAGGATGTCTAACCGAAGTAGAG-1-1,
ATAGGATGTGCGTACCAAGTAGAG-1-1,TP53_EZH2_CALR_mut
ATAGGATGTTATGAGGAAGTAGAG-1-1,TP53_CALR_het
ATAGGCGTCAAGGGTTAAGTAGAG-1-1,
ATAGGCGTCACCTTTCAAGTAGAG-1-1,
ATAGGCGTCAGCGATGAAGTAGAG-1-1,TP53_EZH2_CALR_mut
ATAGGCGTCATCCAGCAAGTAGAG-1-1,
ATAGGCGTCATTGCATAAGTAGAG-1-1,TP53_CALR_het
ATAGGCGTCCATAACTAAGTAGAG-1-1,
ATAGGCGTCGCGGATAAAGTAGAG-1-1,TP53_EZH2_CALR_mut
ATAGGCGTCTCAAACTAAGTAGAG-1-1,TP53_EZH2_CALR_mut
ATAGGCGTCTGGCCCAAAGTAGAG-1-1,
ATAGGCTAGATAATCGAAGTAGAG-1-1,
ATAGGCTAGATAGCTAAAGTAGAG-1-1,TP53_CALR_het
ATAGGCTAGATGAACCAAGTAGAG-1-1,
ATAGGCTAGCTTACATAAGTAGAG-1-1,TP53_EZH2_CALR_mut
ATAGGCTAGGCACTAGAAGTAGAG-1-1,
ATAGGCTAGGTAGTTAAAGTAGAG-1-1,TP53_CALR_het
ATAGGCTAGGTGCACAAAGTAGAG-1-1,TP53_EZH2_CALR_mut
ATAGGCTAGTCAGGCAAAGTAGAG-1-1,TP53_EZH2_CALR_mut
ATAGGCTAGTGAATCAAAGTAGAG-1-1,
ATAGGCTAGTGAGGAAAAGTAGAG-1-1,
ATAGGCTAGTTTGACTAAGTAGAG-1-1,TP53_CALR_het
ATATAGCCAAACGGTCAAGTAGAG-1-1,
ATATAGCCAAAGGTAAAAGTAGAG-1-1,
ATATAGCCACAATACGAAGTAGAG-1-1,
ATATAGCCACCATCATAAGTAGAG-1-1,
ATATAGCCACTATGTCAAGTAGAG-1-1,
ATATAGCCAGGCGAAAAAGTAGAG-1-1,
ATATAGCCATTGCATCAAGTAGAG-1-1,TP53_EZH2_CALR_mut
ATATAGGTCATCACATAAGTAGAG-1-1,
ATATAGGTCCCTCGCTAAGTAGAG-1-1,
ATATAGGTCGAAGTTAAAGTAGAG-1-1,TP53_CALR_het
ATATAGGTCGACTCACAAGTAGAG-1-1,
ATATAGGTCGATTAAGAAGTAGAG-1-1,TP53_CALR_het
ATATAGGTCGTCCCGAAAGTAGAG-1-1,TP53_CALR_het
ATATAGGTCGTTATGTAAGTAGAG-1-1,
ATATAGGTCTAAGTCTAAGTAGAG-1-1,
ATATAGGTCTTGAATCAAGTAGAG-1-1,TP53_EZH2_CALR_mut
ATATCGAAGACAAGCTAAGTAGAG-1-1,
ATATCGAAGCTAGATAAAGTAGAG-1-1,
ATATCGAAGGACTTAAAAGTAGAG-1-1,
ATATCGAAGGTATTTCAAGTAGAG-1-1,
ATATCGAAGTCACTATAAGTAGAG-1-1,
ATATCGAAGTTATTGCAAGTAGAG-1-1,
ATATCGAAGTTTCGGCAAGTAGAG-1-1,
ATATCGAAGTTTGCTGAAGTAGAG-1-1,
ATATGCAAGAAAGGCAAAGTAGAG-1-1,TP53_CALR_het
ATATGCAAGAAGGTTCAAGTAGAG-1-1,
ATATGCAAGAATGGGAAAGTAGAG-1-1,TP53_CALR_het
ATATGCAAGAGCAATCAAGTAGAG-1-1,
ATATGCAAGATAACTGAAGTAGAG-1-1,TP53_EZH2_CALR_mut
ATATGCAAGATAGCCGAAGTAGAG-1-1,
ATATGCAAGCACTACCAAGTAGAG-1-1,
ATATGCAAGCATGTGGAAGTAGAG-1-1,
ATATGCAAGCGAAGCCAAGTAGAG-1-1,ZRSR2_CALR_mut
ATATGCAAGCTATCCAAAGTAGAG-1-1,
ATATGCAAGCTCGATCAAGTAGAG-1-1,
ATATGCAAGGATGAAGAAGTAGAG-1-1,TP53_EZH2_CALR_mut
ATATGCAAGTTACTCGAAGTAGAG-1-1,
ATATTCGGTATTCGACAAGTAGAG-1-1,TP53_EZH2_CALR_mut
ATATTCGGTCATCATAAAGTAGAG-1-1,ZRSR2_CALR_mut
ATATTCGGTCCTTCGTAAGTAGAG-1-1,
ATATTCGGTCGAGGCAAAGTAGAG-1-1,TP53_CALR_het
ATATTCGGTCTAACCGAAGTAGAG-1-1,
ATATTCGGTGCACAAAAAGTAGAG-1-1,TP53_EZH2_CALR_mut
ATATTCGGTGTGTTACAAGTAGAG-1-1,
ATATTCGGTGTTTGTAAAGTAGAG-1-1,
ATATTCGGTTAAGGATAAGTAGAG-1-1,
ATATTCGGTTAGCGCCAAGTAGAG-1-1,TP53_CALR_het
ATATTCGGTTAGGCTTAAGTAGAG-1-1,
ATATTCGGTTCATTAGAAGTAGAG-1-1,TP53_CALR_het
ATATTCGGTTTGCATAAAGTAGAG-1-1,
ATCAGCACAACCGTGGAAGTAGAG-1-1,
ATCAGCACAACTAAGTAAGTAGAG-1-1,
ATCAGCACAATCTCTAAAGTAGAG-1-1,
ATCAGCACAATGAAGAAAGTAGAG-1-1,TP53_EZH2_CALR_mut
ATCAGCACAATTGCGAAAGTAGAG-1-1,ZRSR2_CALR_mut
ATCAGCACACCACATTAAGTAGAG-1-1,TP53_EZH2_CALR_mut
ATCAGCACACGAACGTAAGTAGAG-1-1,
ATCAGCACACGCAATAAAGTAGAG-1-1,TP53_CALR_het
ATCAGCACAGCCATAAAAGTAGAG-1-1,TP53_CALR_het
ATCAGCACAGGTTTCTAAGTAGAG-1-1,TP53_CALR_het
ATCAGCACATCGATAGAAGTAGAG-1-1,
ATCAGCACATGTGGCGAAGTAGAG-1-1,TP53_EZH2_CALR_mut
ATCAGGTAGACCATTTAAGTAGAG-1-1,
ATCAGGTAGAGGAGGTAAGTAGAG-1-1,
ATCAGGTAGCTACGTCAAGTAGAG-1-1,ZRSR2_CALR_mut
ATCAGGTAGCTTACATAAGTAGAG-1-1,
ATCAGGTAGCTTCTAGAAGTAGAG-1-1,ZRSR2_CALR_mut
ATCAGGTAGGACACGCAAGTAGAG-1-1,TP53_EZH2_CALR_mut
ATCAGGTAGGGTTACGAAGTAGAG-1-1,
ATCAGGTAGTCTTGCAAAGTAGAG-1-1,
ATCATCAGTAGTAGCAAAGTAGAG-1-1,TP53_CALR_het
ATCATCAGTATATTCGAAGTAGAG-1-1,
ATCATCAGTGACCTGCAAGTAGAG-1-1,TP53_CALR_het
ATCATCAGTTCAAGCTAAGTAGAG-1-1,
ATCCATCCAAACCGTAAAGTAGAG-1-1,TP53_CALR_het
ATCCATCCAAATAACCAAGTAGAG-1-1,
ATCCATCCAACCGTAAAAGTAGAG-1-1,TP53_EZH2_CALR_mut
ATCCATCCAATCATCCAAGTAGAG-1-1,
ATCCATCCACTATCACAAGTAGAG-1-1,TP53_CALR_het
ATCCATCCACTCCCTTAAGTAGAG-1-1,TP53_EZH2_CALR_mut
ATCCCAATCACGAACGAAGTAGAG-1-1,
ATCCCAATCCCTCGCTAAGTAGAG-1-1,
ATCCCAATCGAACGTGAAGTAGAG-1-1,
ATCCCAATCGGTTCACAAGTAGAG-1-1,
ATCCCAATCTGGGAATAAGTAGAG-1-1,TP53_CALR_het
ATCCTTGAGAACCTCCAAGTAGAG-1-1,
ATCCTTGAGACAAGCTAAGTAGAG-1-1,
ATCCTTGAGCGTGCTTAAGTAGAG-1-1,TP53_CALR_het
ATCCTTGAGCTTCTAGAAGTAGAG-1-1,
ATCCTTGAGTAATTGGAAGTAGAG-1-1,ZRSR2_CALR_mut
ATCCTTGAGTGTTTCGAAGTAGAG-1-1,TP53_CALR_het
ATCCTTGAGTTTCGGCAAGTAGAG-1-1,
ATCCTTTGTAACGTTCAAGTAGAG-1-1,
ATCCTTTGTAATCCGTAAGTAGAG-1-1,
ATCCTTTGTCAACAAGAAGTAGAG-1-1,TP53_EZH2_CALR_mut
ATCCTTTGTCAATGTCAAGTAGAG-1-1,
ATCCTTTGTCACTAGTAAGTAGAG-1-1,
ATCCTTTGTGGATGCGAAGTAGAG-1-1,TP53_CALR_het
ATCCTTTGTGTTAGAGAAGTAGAG-1-1,TP53_EZH2_CALR_mut
ATCCTTTGTTAGCATCAAGTAGAG-1-1,
ATCCTTTGTTATGAGGAAGTAGAG-1-1,
ATCGAACAGATTCATCAAGTAGAG-1-1,
ATCGAACAGCGAATGTAAGTAGAG-1-1,TP53_CALR_het
ATCGAACAGCTGGACAAAGTAGAG-1-1,TP53_CALR_het
ATCGAACAGCTTACTGAAGTAGAG-1-1,
ATCGAACAGGCGCAACAAGTAGAG-1-1,
ATCGAACAGGTTCCGTAAGTAGAG-1-1,TP53_CALR_het
ATCGAACAGTAGCTAAAAGTAGAG-1-1,
ATCGAACAGTTGCGCTAAGTAGAG-1-1,TP53_CALR_het
ATCGAACAGTTTACCGAAGTAGAG-1-1,ZRSR2_CALR_mut
ATCGATGCAACGACTAAAGTAGAG-1-1,TP53_CALR_het
ATCGATGCAAGGCTTAAAGTAGAG-1-1,TP53_CALR_het
ATCGATGCAAGTTTCCAAGTAGAG-1-1,TP53_CALR_het
ATCGATGCAATTGCGAAAGTAGAG-1-1,TP53_CALR_het
ATCGATGCACATGCTTAAGTAGAG-1-1,TP53_CALR_het
ATCGATGCACGTTACTAAGTAGAG-1-1,TP53_CALR_het
ATCGATGCATAGACGCAAGTAGAG-1-1,TP53_CALR_het
ATCGATGCATAGTCAGAAGTAGAG-1-1,
ATCGATGCATCACGAAAAGTAGAG-1-1,
ATCGATTTCAAAGGGAAAGTAGAG-1-1,
ATCGATTTCAATACAGAAGTAGAG-1-1,TP53_CALR_het
ATCGATTTCACCCTGGAAGTAGAG-1-1,
ATCGATTTCCAATTACAAGTAGAG-1-1,TP53_EZH2_CALR_mut
ATCGATTTCCTGCAACAAGTAGAG-1-1,
ATCGATTTCCTGGAAGAAGTAGAG-1-1,
ATCGATTTCGATGAACAAGTAGAG-1-1,TP53_CALR_het
ATCGATTTCTCACAATAAGTAGAG-1-1,
ATCGATTTCTTTGGATAAGTAGAG-1-1,TP53_EZH2_CALR_mut
ATCGCGCGTAATGGTGAAGTAGAG-1-1,
ATCGCGCGTACCTAGTAAGTAGAG-1-1,TP53_EZH2_CALR_mut
ATCGCGCGTATATTCGAAGTAGAG-1-1,
ATCGCGCGTATGGTCTAAGTAGAG-1-1,
ATCGCGCGTCACAGAAAAGTAGAG-1-1,
ATCGCGCGTGTTTGCGAAGTAGAG-1-1,
ATCGCGCGTTAACGTCAAGTAGAG-1-1,
ATCGCGCGTTCAAGCTAAGTAGAG-1-1,TP53_CALR_het
ATCGCGCGTTCCGGGTAAGTAGAG-1-1,
ATCGCTCAGATGCAACAAGTAGAG-1-1,
ATCGCTCAGCAGGTTGAAGTAGAG-1-1,TP53_CALR_het
ATCGCTCAGCCTATATAAGTAGAG-1-1,TP53_CALR_het
ATCGCTCAGCGAAGAAAAGTAGAG-1-1,
ATCGCTCAGCTTCTAGAAGTAGAG-1-1,TP53_CALR_het
ATCGCTCAGGCCAACAAAGTAGAG-1-1,TP53_CALR_het
ATCGCTCAGTAACGGTAAGTAGAG-1-1,TP53_EZH2_CALR_mut
ATCGCTCAGTACCAGGAAGTAGAG-1-1,
ATCGCTTCAACAGGGAAAGTAGAG-1-1,
ATCGCTTCACACAAATAAGTAGAG-1-1,
ATCGCTTCAGGGATGAAAGTAGAG-1-1,
ATCGCTTCAGTAATACAAGTAGAG-1-1,ZRSR2_CALR_mut
ATCGCTTCATAAGCTGAAGTAGAG-1-1,TP53_EZH2_CALR_mut
ATCGGGCAGCCATTTGAAGTAGAG-1-1,TP53_CALR_het
ATCGGGCAGGACAAAGAAGTAGAG-1-1,
ATCGGGCAGGCCTTCGAAGTAGAG-1-1,TP53_EZH2_CALR_mut
ATCGGGCAGTTGCGGAAAGTAGAG-1-1,TP53_CALR_het
ATCGTGACAACGACTAAAGTAGAG-1-1,ZRSR2_CALR_mut
ATCGTGACAAGTGCACAAGTAGAG-1-1,TP53_CALR_het
ATCGTGACACTAACAGAAGTAGAG-1-1,TP53_EZH2_CALR_mut
ATCGTGACATAACCAGAAGTAGAG-1-1,
ATCGTGACATCAAGCAAAGTAGAG-1-1,ZRSR2_CALR_mut
ATCGTGACATGACATGAAGTAGAG-1-1,
ATCGTGACATGGCTAAAAGTAGAG-1-1,TP53_EZH2_CALR_mut
ATCGTGACATGGTCAAAAGTAGAG-1-1,TP53_EZH2_CALR_mut
ATCGTGACATTTCGACAAGTAGAG-1-1,TP53_CALR_het
ATCGTGCTCAATCGCCAAGTAGAG-1-1,TP53_CALR_het
ATCGTGCTCCATGATTAAGTAGAG-1-1,TP53_CALR_het
ATCGTGCTCCTGATCAAAGTAGAG-1-1,ZRSR2_CALR_mut
ATCGTGCTCGTTCGTAAAGTAGAG-1-1,TP53_EZH2_CALR_mut
ATCGTGCTCTTTGGATAAGTAGAG-1-1,
ATCGTTAGTACCTAGTAAGTAGAG-1-1,TP53_CALR_het
ATCGTTAGTCATCATAAAGTAGAG-1-1,
ATCGTTAGTCTGTCAGAAGTAGAG-1-1,TP53_EZH2_CALR_mut
ATCGTTAGTTAGGCTTAAGTAGAG-1-1,
ATCGTTAGTTAGGTAGAAGTAGAG-1-1,TP53_CALR_het
ATCGTTAGTTCCGGGTAAGTAGAG-1-1,TP53_CALR_het
ATCGTTAGTTGAATCCAAGTAGAG-1-1,
ATCGTTAGTTGCACTGAAGTAGAG-1-1,
ATCTAGCGTAGCTTTAAAGTAGAG-1-1,TP53_CALR_het
ATCTAGCGTATCCGCAAAGTAGAG-1-1,
ATCTAGCGTCATTACAAAGTAGAG-1-1,TP53_CALR_het
ATCTAGCGTCCATAGTAAGTAGAG-1-1,
ATCTAGCGTTGGCGAGAAGTAGAG-1-1,TP53_CALR_het
ATCTAGCGTTGTCATAAAGTAGAG-1-1,
ATCTTAGGTACAGCAAAAGTAGAG-1-1,TP53_EZH2_CALR_mut
ATCTTAGGTAGCCATTAAGTAGAG-1-1,
ATCTTAGGTATAGTGGAAGTAGAG-1-1,TP53_CALR_het
ATCTTAGGTCACCAGCAAGTAGAG-1-1,TP53_CALR_het
ATCTTAGGTCGTAACTAAGTAGAG-1-1,
ATCTTAGGTGCGTACCAAGTAGAG-1-1,
ATCTTAGGTGTTAGAGAAGTAGAG-1-1,
ATCTTAGGTTAGTTTGAAGTAGAG-1-1,TP53_CALR_het
ATCTTAGGTTCCGGGTAAGTAGAG-1-1,
ATCTTAGGTTCCTTTGAAGTAGAG-1-1,
ATGAAAGCAAGTTCCTAAGTAGAG-1-1,
ATGAAAGCAAGTTGCAAAGTAGAG-1-1,TP53_EZH2_CALR_mut
ATGAAAGCAATACTGGAAGTAGAG-1-1,
ATGAAAGCAGATAACTAAGTAGAG-1-1,TP53_CALR_het
ATGAAAGCATATTTCGAAGTAGAG-1-1,
ATGAAAGCATCAGGACAAGTAGAG-1-1,
ATGAAAGCATTTCATGAAGTAGAG-1-1,
ATGAAAGCATTTCTTCAAGTAGAG-1-1,
ATGACTTTCAGCGGGTAAGTAGAG-1-1,
ATGACTTTCATTTAGCAAGTAGAG-1-1,
ATGACTTTCCTCACGGAAGTAGAG-1-1,ZRSR2_CALR_mut
ATGACTTTCCTCACTTAAGTAGAG-1-1,TP53_EZH2_CALR_mut
ATGACTTTCGATTACTAAGTAGAG-1-1,
ATGACTTTCGCTTGGTAAGTAGAG-1-1,TP53_EZH2_CALR_mut
ATGACTTTCGGCTAGAAAGTAGAG-1-1,ZRSR2_CALR_mut
ATGACTTTCTTTGGTGAAGTAGAG-1-1,TP53_CALR_het
ATGAGGAAGACAACTAAAGTAGAG-1-1,TP53_EZH2_CALR_mut
ATGAGGAAGACTAACAAAGTAGAG-1-1,ZRSR2_CALR_mut
ATGAGGAAGCAAATCAAAGTAGAG-1-1,
ATGAGGAAGCAATCCCAAGTAGAG-1-1,ZRSR2_CALR_mut
ATGAGGAAGGGAGGCAAAGTAGAG-1-1,TP53_CALR_het
ATGAGGAAGTAACTTCAAGTAGAG-1-1,TP53_CALR_het
ATGAGGAAGTGTAATGAAGTAGAG-1-1,
ATGAGGCGTAGCTTTAAAGTAGAG-1-1,TP53_EZH2_CALR_mut
ATGAGGCGTCAAAGGCAAGTAGAG-1-1,TP53_CALR_het
ATGAGGCGTCCATAGTAAGTAGAG-1-1,
ATGAGGCGTCGTTCGAAAGTAGAG-1-1,TP53_CALR_het
ATGAGGCGTGTTAGCTAAGTAGAG-1-1,TP53_EZH2_CALR_mut
ATGAGGCGTTAGTCTAAAGTAGAG-1-1,
ATGAGGCGTTGCATCGAAGTAGAG-1-1,ZRSR2_CALR_mut
ATGAGGCGTTTGGCCAAAGTAGAG-1-1,
ATGAGGTTCAACCAAAAAGTAGAG-1-1,
ATGAGGTTCACAAATGAAGTAGAG-1-1,
ATGAGGTTCCGTGACTAAGTAGAG-1-1,TP53_EZH2_CALR_mut
ATGAGGTTCCTGCAACAAGTAGAG-1-1,TP53_CALR_het
ATGAGGTTCGAGGCGTAAGTAGAG-1-1,
ATGAGGTTCGCGAAATAAGTAGAG-1-1,TP53_CALR_het
ATGAGGTTCGCTTGGTAAGTAGAG-1-1,
ATGAGGTTCGGTAATAAAGTAGAG-1-1,
ATGATCAAGAAACCCGAAGTAGAG-1-1,
ATGATCAAGCCATTTGAAGTAGAG-1-1,
ATGATCAAGCCCGTTGAAGTAGAG-1-1,TP53_CALR_het
ATGATCAAGCCTGGTTAAGTAGAG-1-1,ZRSR2_CALR_mut
ATGATCAAGCTAAACAAAGTAGAG-1-1,TP53_CALR_het
ATGATCAAGTAGCGCAAAGTAGAG-1-1,TP53_EZH2_CALR_mut
ATGCAACAGACAACACAAGTAGAG-1-1,TP53_CALR_het
ATGCAACAGACTAACAAAGTAGAG-1-1,TP53_EZH2_CALR_mut
ATGCAACAGCCAAACGAAGTAGAG-1-1,ZRSR2_CALR_mut
ATGCAACAGGAACCATAAGTAGAG-1-1,
ATGCAACAGGTCTTGCAAGTAGAG-1-1,TP53_CALR_het
ATGCACCTCATCCAGCAAGTAGAG-1-1,
ATGCACCTCATCGATTAAGTAGAG-1-1,TP53_EZH2_CALR_mut
ATGCACCTCCAACTTGAAGTAGAG-1-1,
ATGCACCTCGAGCTAGAAGTAGAG-1-1,TP53_EZH2_CALR_mut
ATGCACCTCTAATCACAAGTAGAG-1-1,
ATGCATTTCAAACTTCAAGTAGAG-1-1,
ATGCATTTCAGTAAGCAAGTAGAG-1-1,
ATGCATTTCATGATGAAAGTAGAG-1-1,TP53_EZH2_CALR_mut
ATGCATTTCATGCCTAAAGTAGAG-1-1,TP53_CALR_het
ATGCATTTCATGCGTCAAGTAGAG-1-1,TP53_EZH2_CALR_mut
ATGCATTTCCTTTGAGAAGTAGAG-1-1,
ATGCATTTCGATTGAAAAGTAGAG-1-1,
ATGCATTTCTAATTGCAAGTAGAG-1-1,
ATGCATTTCTGGCCCAAAGTAGAG-1-1,
ATGCCTATCAATTGGAAAGTAGAG-1-1,TP53_CALR_het
ATGCCTATCAGTCTATAAGTAGAG-1-1,TP53_EZH2_CALR_mut
ATGCCTATCCAATACTAAGTAGAG-1-1,TP53_CALR_het
ATGCCTATCCCAAATTAAGTAGAG-1-1,TP53_CALR_het
ATGCCTATCCGTCCAGAAGTAGAG-1-1,
ATGCCTATCCTTTGTCAAGTAGAG-1-1,
ATGCCTATCTAAGTCTAAGTAGAG-1-1,TP53_CALR_het
ATGCCTATCTATGCATAAGTAGAG-1-1,
ATGCCTATCTGGGAATAAGTAGAG-1-1,
ATGCGATAGACTAACAAAGTAGAG-1-1,
ATGCGATAGATAACCAAAGTAGAG-1-1,TP53_CALR_het
ATGCGATAGCCTAAGGAAGTAGAG-1-1,TP53_CALR_het
ATGCGATAGCTGATGGAAGTAGAG-1-1,
ATGCGATAGGACAACTAAGTAGAG-1-1,TP53_EZH2_CALR_mut
ATGCGATAGGCACTAGAAGTAGAG-1-1,TP53_CALR_het
ATGCGATAGGTAATTGAAGTAGAG-1-1,
ATGCGATAGTGGCTTCAAGTAGAG-1-1,ZRSR2_CALR_mut
ATGCGCAAGATGCTAAAAGTAGAG-1-1,TP53_CALR_het
ATGCGCAAGCCATCACAAGTAGAG-1-1,
ATGCGCAAGGTGAGAAAAGTAGAG-1-1,ZRSR2_CALR_mut
ATGCGCAAGTCCTCAAAAGTAGAG-1-1,TP53_EZH2_CALR_mut
ATGCGCAAGTTATCCGAAGTAGAG-1-1,
ATGCGCAAGTTATGGAAAGTAGAG-1-1,TP53_EZH2_CALR_mut
ATGCGTCTCCAACATTAAGTAGAG-1-1,TP53_CALR_het
ATGGACCCAAAGCTCAAAGTAGAG-1-1,
ATGGACCCAACCTGTTAAGTAGAG-1-1,
ATGGACCCACGTAGGTAAGTAGAG-1-1,
ATGGACCCACTGACAAAAGTAGAG-1-1,
ATGGACCCAGAAAGGTAAGTAGAG-1-1,
ATGGACCCATCATCACAAGTAGAG-1-1,TP53_EZH2_CALR_het
ATGGACCCATTGTGTCAAGTAGAG-1-1,ZRSR2_CALR_mut
ATGGACCCATTTGGAGAAGTAGAG-1-1,TP53_EZH2_CALR_mut
ATGGAGGCAATCATCCAAGTAGAG-1-1,
ATGGAGGCAATTAGGTAAGTAGAG-1-1,
ATGGAGGCACAATAGTAAGTAGAG-1-1,TP53_EZH2_CALR_mut
ATGGAGGCACATAAGTAAGTAGAG-1-1,TP53_EZH2_CALR_mut
ATGGAGGCACGTAGTAAAGTAGAG-1-1,ZRSR2_CALR_mut
ATGGAGGCAGTAAGTTAAGTAGAG-1-1,ZRSR2_CALR_mut
ATGGAGGCAGTGAGAGAAGTAGAG-1-1,TP53_CALR_het
ATGGAGGCATAACCGAAAGTAGAG-1-1,TP53_EZH2_CALR_mut
ATGGAGGCATAGACCAAAGTAGAG-1-1,TP53_CALR_het
ATGGAGGCATTCAACCAAGTAGAG-1-1,
ATGGAGGCATTTGGCTAAGTAGAG-1-1,
ATGGATCAGACCATTTAAGTAGAG-1-1,
ATGGATCAGAGAGCAAAAGTAGAG-1-1,TP53_CALR_het
ATGGATCAGAGGATAGAAGTAGAG-1-1,TP53_CALR_het
ATGGATCAGATTCATCAAGTAGAG-1-1,TP53_CALR_het
ATGGATCAGCATCCCGAAGTAGAG-1-1,TP53_CALR_het
ATGGATCAGCCAAACGAAGTAGAG-1-1,TP53_CALR_het
ATGGATCAGCCTAAGGAAGTAGAG-1-1,
ATGGATCAGGGATGAAAAGTAGAG-1-1,TP53_CALR_het
ATGGATCAGGGTTTCCAAGTAGAG-1-1,
ATGGATCAGGTCAAGTAAGTAGAG-1-1,TP53_CALR_het
ATGGATCAGTACCAGGAAGTAGAG-1-1,TP53_EZH2_CALR_mut
ATGGATCAGTCCTGACAAGTAGAG-1-1,TP53_EZH2_CALR_mut
ATGGATCAGTTAGTTCAAGTAGAG-1-1,
ATGGATGGTAACGGGTAAGTAGAG-1-1,TP53_CALR_het
ATGGATGGTAGCTTTAAAGTAGAG-1-1,
ATGGATGGTGAACCAAAAGTAGAG-1-1,
ATGGATGGTGCGCATCAAGTAGAG-1-1,
ATGGATTCAATCAAACAAGTAGAG-1-1,
ATGGATTCAATTGAGTAAGTAGAG-1-1,TP53_CALR_het
ATGGATTCAGCACCTCAAGTAGAG-1-1,TP53_CALR_het
ATGGATTCAGGAGCAAAAGTAGAG-1-1,TP53_CALR_het
ATGGATTCATAGACGCAAGTAGAG-1-1,ZRSR2_CALR_mut
ATGGATTCATAGCCTTAAGTAGAG-1-1,
ATGGATTCATTTGGCTAAGTAGAG-1-1,
ATGGCAGTCACAGGGCAAGTAGAG-1-1,
ATGGCAGTCACCTTTCAAGTAGAG-1-1,TP53_CALR_het
ATGGCAGTCAGGCCTTAAGTAGAG-1-1,
ATGGCAGTCCCTTTGTAAGTAGAG-1-1,
ATGGCAGTCCGTGACTAAGTAGAG-1-1,
ATGGCAGTCGCGCATTAAGTAGAG-1-1,
ATGGCAGTCGGTTATTAAGTAGAG-1-1,
ATGGCAGTCGTGATTTAAGTAGAG-1-1,TP53_CALR_het
ATGGCAGTCGTTAACTAAGTAGAG-1-1,TP53_EZH2_CALR_mut
ATGGCAGTCTATCGGCAAGTAGAG-1-1,TP53_EZH2_CALR_mut
ATGGCCCGTTCGAATCAAGTAGAG-1-1,
ATGGCCCGTTCTGGCAAAGTAGAG-1-1,
ATGGCCCGTTTGCTCCAAGTAGAG-1-1,
ATGGCCTTCACAAACAAAGTAGAG-1-1,
ATGGCCTTCCATCCGGAAGTAGAG-1-1,ZRSR2_CALR_mut
ATGGCCTTCGAGAGAAAAGTAGAG-1-1,
ATGGCCTTCGAGCTAGAAGTAGAG-1-1,TP53_CALR_het
ATGGCCTTCTTGAAGAAAGTAGAG-1-1,TP53_CALR_het
ATGGCTTGTAACGGGTAAGTAGAG-1-1,ZRSR2_CALR_mut
ATGGCTTGTAATCCGTAAGTAGAG-1-1,TP53_CALR_het
ATGGCTTGTAATTTCGAAGTAGAG-1-1,TP53_EZH2_CALR_mut
ATGGCTTGTACTAACCAAGTAGAG-1-1,TP53_CALR_het
ATGGCTTGTGACATTCAAGTAGAG-1-1,
ATGGCTTGTGTTTGTAAAGTAGAG-1-1,TP53_EZH2_CALR_mut
ATGGCTTGTTGTCCAGAAGTAGAG-1-1,TP53_CALR_het
ATGGGACGTATGGGACAAGTAGAG-1-1,
ATGGGACGTCATCCTCAAGTAGAG-1-1,TP53_CALR_het
ATGGGACGTGGCTTTGAAGTAGAG-1-1,
ATGGGACGTTAGCGCCAAGTAGAG-1-1,
ATGGGACGTTATGAGGAAGTAGAG-1-1,TP53_EZH2_CALR_mut
ATGGGACGTTCACCTCAAGTAGAG-1-1,
ATGGGCGGTAATGCCTAAGTAGAG-1-1,
ATGGGCGGTGAATCTCAAGTAGAG-1-1,TP53_CALR_het
ATGGGCGGTTGAGCTTAAGTAGAG-1-1,
ATGGGCGGTTGGAGCGAAGTAGAG-1-1,
ATGGGCGGTTTGCATAAAGTAGAG-1-1,
ATGGGTTAGACTTAAGAAGTAGAG-1-1,
ATGGGTTAGCCAAACGAAGTAGAG-1-1,TP53_CALR_het
ATGGGTTAGCTATCGCAAGTAGAG-1-1,
ATGGGTTAGCTTTACGAAGTAGAG-1-1,TP53_CALR_het
ATGGGTTAGGCCTCTGAAGTAGAG-1-1,TP53_CALR_het
ATGGGTTAGGTTATGAAAGTAGAG-1-1,TP53_CALR_het
ATGGGTTAGTTACCTGAAGTAGAG-1-1,ZRSR2_CALR_mut
ATGGTAATCACTGTCAAAGTAGAG-1-1,
ATGGTAATCAGTAAGCAAGTAGAG-1-1,TP53_CALR_het
ATGGTAATCCAATACTAAGTAGAG-1-1,
ATGGTAATCCATAAAGAAGTAGAG-1-1,
ATGGTAATCCGTCCAGAAGTAGAG-1-1,
ATGGTAATCTGGTCTAAAGTAGAG-1-1,
ATGGTGAGTATGGTAGAAGTAGAG-1-1,
ATGGTGAGTGCACTATAAGTAGAG-1-1,TP53_EZH2_CALR_mut
ATGGTGAGTGCATCGCAAGTAGAG-1-1,ZRSR2_CALR_mut
ATGGTGAGTTCACCAGAAGTAGAG-1-1,
ATGGTGAGTTGGTTTAAAGTAGAG-1-1,TP53_CALR_het
ATGGTGAGTTTGACTAAAGTAGAG-1-1,TP53_CALR_het
ATGTAAGTCACATTACAAGTAGAG-1-1,TP53_CALR_het
ATGTAAGTCCAAAGACAAGTAGAG-1-1,
ATGTAAGTCGAACCTCAAGTAGAG-1-1,ZRSR2_CALR_mut
ATGTAAGTCGAAGCATAAGTAGAG-1-1,
ATGTAAGTCGCACACTAAGTAGAG-1-1,TP53_EZH2_CALR_mut
ATGTAAGTCTGGCCATAAGTAGAG-1-1,
ATGTCAAAGGGTTGCAAAGTAGAG-1-1,TP53_CALR_het
ATGTCAAAGTACCCACAAGTAGAG-1-1,TP53_CALR_het
ATGTCAAAGTTAACAGAAGTAGAG-1-1,ZRSR2_CALR_mut
ATGTCAAAGTTGCGCTAAGTAGAG-1-1,TP53_EZH2_CALR_mut
ATGTGAGGTAACTTGCAAGTAGAG-1-1,
ATGTGAGGTACTTCAAAAGTAGAG-1-1,TP53_EZH2_CALR_mut
ATGTGAGGTATGTGAGAAGTAGAG-1-1,
ATGTGAGGTCCTGCAAAAGTAGAG-1-1,
ATGTGAGGTGAACGACAAGTAGAG-1-1,TP53_EZH2_CALR_mut
ATGTGAGGTTAAGGCAAAGTAGAG-1-1,TP53_EZH2_CALR_mut
ATGTGAGGTTAGACTCAAGTAGAG-1-1,TP53_CALR_het
ATGTGAGGTTTGTGACAAGTAGAG-1-1,
ATGTGGGTCACCCTGGAAGTAGAG-1-1,TP53_CALR_het
ATGTGGGTCAGGTTAAAAGTAGAG-1-1,TP53_CALR_het
ATGTGGGTCCATGATTAAGTAGAG-1-1,
ATGTGGGTCCCAGACTAAGTAGAG-1-1,
ATGTGGGTCGGGCAGTAAGTAGAG-1-1,
ATGTTAGAGATAGCCGAAGTAGAG-1-1,
ATGTTAGAGCTCGACTAAGTAGAG-1-1,TP53_EZH2_CALR_mut
ATGTTAGAGGAACCGCAAGTAGAG-1-1,
ATGTTAGAGGTTATGAAAGTAGAG-1-1,TP53_CALR_het
ATGTTAGAGGTTTCCAAAGTAGAG-1-1,
ATGTTAGAGTGCCCTGAAGTAGAG-1-1,
ATGTTAGAGTTTCCAGAAGTAGAG-1-1,
ATGTTAGAGTTTGAGAAAGTAGAG-1-1,TP53_CALR_het
ATGTTCCCAAACACGCAAGTAGAG-1-1,
ATGTTCCCAAACGGGAAAGTAGAG-1-1,TP53_EZH2_CALR_mut
ATGTTCCCACCATACTAAGTAGAG-1-1,TP53_CALR_het
ATGTTCCCACGGGCTAAAGTAGAG-1-1,TP53_EZH2_CALR_mut
ATGTTCCCACTGACAAAAGTAGAG-1-1,TP53_CALR_het
ATGTTCCCACTTAACCAAGTAGAG-1-1,
ATGTTCCCAGATAACTAAGTAGAG-1-1,
ATGTTCCCAGCCTGAGAAGTAGAG-1-1,TP53_EZH2_CALR_mut
ATGTTCCCATACCTTAAAGTAGAG-1-1,
ATGTTCCCATACTGAGAAGTAGAG-1-1,
ATGTTGCGTAACCCATAAGTAGAG-1-1,
ATGTTGCGTCAGGAACAAGTAGAG-1-1,
ATGTTGCGTGACCTATAAGTAGAG-1-1,TP53_CALR_het
ATGTTGCGTTGAGCTTAAGTAGAG-1-1,
ATGTTTGGTAGGAGGAAAGTAGAG-1-1,
ATGTTTGGTCAACTACAAGTAGAG-1-1,TP53_CALR_het
ATGTTTGGTCATCATAAAGTAGAG-1-1,TP53_CALR_het
ATGTTTGGTCCTCCATAAGTAGAG-1-1,TP53_CALR_het
ATGTTTGGTGAATCTCAAGTAGAG-1-1,
ATGTTTGGTGGGTGTGAAGTAGAG-1-1,
ATGTTTGGTTCAAGGAAAGTAGAG-1-1,
ATTACGTTCAAGGGCCAAGTAGAG-1-1,
ATTACGTTCAGTTAGAAAGTAGAG-1-1,
ATTACGTTCCTAAATCAAGTAGAG-1-1,
ATTACGTTCCTTTCTAAAGTAGAG-1-1,
ATTACGTTCGCCTCGAAAGTAGAG-1-1,TP53_EZH2_CALR_mut
ATTACGTTCGCGAAATAAGTAGAG-1-1,
ATTACGTTCGTGATTTAAGTAGAG-1-1,
ATTACGTTCGTTAACTAAGTAGAG-1-1,TP53_CALR_het
ATTACGTTCTAACCTGAAGTAGAG-1-1,
ATTACGTTCTACTACGAAGTAGAG-1-1,TP53_CALR_het
ATTACGTTCTATCGGCAAGTAGAG-1-1,
ATTACGTTCTGTGATTAAGTAGAG-1-1,
ATTATGGAGACTCAAAAAGTAGAG-1-1,
ATTATGGAGATGCTAAAAGTAGAG-1-1,TP53_EZH2_CALR_het
ATTATGGAGCCAAACGAAGTAGAG-1-1,
ATTATGGAGCGAGCTAAAGTAGAG-1-1,
ATTATGGAGTAGCTAAAAGTAGAG-1-1,
ATTATGGAGTTAGGCGAAGTAGAG-1-1,
ATTCACCCAAGGCTTAAAGTAGAG-1-1,TP53_CALR_het
ATTCACCCAATAGAAGAAGTAGAG-1-1,TP53_EZH2_CALR_mut
ATTCACCCACCGGCAAAAGTAGAG-1-1,
ATTCACCCACGAACGTAAGTAGAG-1-1,ZRSR2_CALR_mut
ATTCACCCACTAAGGCAAGTAGAG-1-1,TP53_CALR_het
ATTCACCCATGAGTCAAAGTAGAG-1-1,
ATTCAGTTCACTAGGGAAGTAGAG-1-1,ZRSR2_CALR_mut
ATTCAGTTCACTCGCGAAGTAGAG-1-1,TP53_CALR_het
ATTCAGTTCATGGAACAAGTAGAG-1-1,TP53_EZH2_CALR_mut
ATTCAGTTCATTAGTCAAGTAGAG-1-1,ZRSR2_CALR_mut
ATTCAGTTCCCGCTGAAAGTAGAG-1-1,TP53_EZH2_CALR_mut
ATTCAGTTCCTGCAACAAGTAGAG-1-1,
ATTCAGTTCCTGCCAGAAGTAGAG-1-1,TP53_EZH2_CALR_mut
ATTCAGTTCGACTCACAAGTAGAG-1-1,TP53_EZH2_CALR_mut
ATTCAGTTCTACTACGAAGTAGAG-1-1,TP53_CALR_het
ATTCGATTCAAGGGTTAAGTAGAG-1-1,TP53_EZH2_CALR_mut
ATTCGATTCACCACACAAGTAGAG-1-1,
ATTCGATTCACCTTTCAAGTAGAG-1-1,TP53_CALR_het
ATTCGATTCACTATACAAGTAGAG-1-1,
ATTCGATTCAGGGATTAAGTAGAG-1-1,
ATTCGATTCCGCAATCAAGTAGAG-1-1,TP53_EZH2_CALR_mut
ATTCGATTCCTCACGGAAGTAGAG-1-1,
ATTCGATTCGGTAAGTAAGTAGAG-1-1,ZRSR2_CALR_mut
ATTCGATTCTGGGAATAAGTAGAG-1-1,ZRSR2_CALR_mut
ATTCGATTCTGTGCACAAGTAGAG-1-1,
ATTCGTAGTACTTCCCAAGTAGAG-1-1,TP53_EZH2_CALR_mut
ATTCGTAGTATGTTGCAAGTAGAG-1-1,TP53_CALR_het
ATTCGTAGTATTTGTGAAGTAGAG-1-1,TP53_CALR_het
ATTCGTAGTCCTTATTAAGTAGAG-1-1,
ATTCGTAGTCCTTCTAAAGTAGAG-1-1,ZRSR2_CALR_mut
ATTCGTAGTGATCCTGAAGTAGAG-1-1,
ATTCGTCCAAACTGGCAAGTAGAG-1-1,TP53_EZH2_CALR_mut
ATTCGTCCAACCTTGTAAGTAGAG-1-1,TP53_EZH2_CALR_mut
ATTCGTCCACATAAGTAAGTAGAG-1-1,TP53_EZH2_CALR_mut
ATTCGTCCACTAGCGGAAGTAGAG-1-1,
ATTCGTTAGACTAACAAAGTAGAG-1-1,
ATTCGTTAGGAAACCTAAGTAGAG-1-1,
ATTCGTTAGGAACCATAAGTAGAG-1-1,
ATTCGTTAGGACAACTAAGTAGAG-1-1,TP53_EZH2_CALR_mut
ATTCGTTAGGTTCCGTAAGTAGAG-1-1,TP53_EZH2_CALR_mut
ATTCGTTAGTCGCGAAAAGTAGAG-1-1,
ATTCGTTAGTGTAATGAAGTAGAG-1-1,TP53_EZH2_CALR_mut
ATTGACCGTAAGGCCGAAGTAGAG-1-1,ZRSR2_CALR_mut
ATTGACCGTCCGGGTTAAGTAGAG-1-1,
ATTGACCGTGCATTACAAGTAGAG-1-1,
ATTGACCGTTAGGTGAAAGTAGAG-1-1,TP53_CALR_het
ATTGACCGTTTGTTGAAAGTAGAG-1-1,TP53_CALR_het
ATTGACTTCAGCACGAAAGTAGAG-1-1,ZRSR2_CALR_mut
ATTGACTTCAGGCCAAAAGTAGAG-1-1,TP53_CALR_het
ATTGACTTCCAACTTGAAGTAGAG-1-1,ZRSR2_CALR_mut
ATTGACTTCCAGAACGAAGTAGAG-1-1,
ATTGACTTCGTTAACTAAGTAGAG-1-1,
ATTGACTTCTAATGGAAAGTAGAG-1-1,
ATTGACTTCTAATTGCAAGTAGAG-1-1,
ATTGACTTCTGCCATAAAGTAGAG-1-1,TP53_EZH2_CALR_mut
ATTGAGCAGACCATTTAAGTAGAG-1-1,
ATTGAGCAGCAAACTAAAGTAGAG-1-1,TP53_CALR_het
ATTGAGCAGCAAATTGAAGTAGAG-1-1,
ATTGAGCAGGCCAACAAAGTAGAG-1-1,
ATTGAGCAGTAACGGTAAGTAGAG-1-1,TP53_EZH2_CALR_mut
ATTGAGCAGTACCCACAAGTAGAG-1-1,TP53_EZH2_CALR_mut
ATTGAGCAGTCAACTTAAGTAGAG-1-1,
ATTGAGCAGTTTGCTGAAGTAGAG-1-1,TP53_CALR_het
ATTGAGGGTCATTTAGAAGTAGAG-1-1,
ATTGAGGGTCGTTCTCAAGTAGAG-1-1,
ATTGAGGGTCTCACTCAAGTAGAG-1-1,TP53_EZH2_CALR_mut
ATTGAGGGTGCTCATGAAGTAGAG-1-1,
ATTGAGGGTGGATGGTAAGTAGAG-1-1,TP53_EZH2_CALR_mut
ATTGAGGGTTAGCGCCAAGTAGAG-1-1,ZRSR2_CALR_mut
ATTGAGTCAAATGACTAAGTAGAG-1-1,TP53_EZH2_CALR_mut
ATTGAGTCAACATGATAAGTAGAG-1-1,
ATTGAGTCAACCGGATAAGTAGAG-1-1,
ATTGAGTCAATACCCTAAGTAGAG-1-1,TP53_CALR_het
ATTGAGTCAATGTGGCAAGTAGAG-1-1,TP53_CALR_het
ATTGAGTCACGGTAACAAGTAGAG-1-1,
ATTGAGTCATCAAGTGAAGTAGAG-1-1,
ATTGAGTCATTACTCAAAGTAGAG-1-1,TP53_CALR_het
ATTGAGTCATTCCTTTAAGTAGAG-1-1,
ATTGAGTCATTGGGTAAAGTAGAG-1-1,ZRSR2_CALR_mut
ATTGATGAGCCTGGTTAAGTAGAG-1-1,
ATTGATGAGCTAGATAAAGTAGAG-1-1,TP53_EZH2_CALR_mut
ATTGATGAGCTTCCTTAAGTAGAG-1-1,TP53_CALR_het
ATTGATGAGGAAGCCCAAGTAGAG-1-1,
ATTGATGAGTCACCTAAAGTAGAG-1-1,TP53_CALR_het
ATTGATGAGTCATAAGAAGTAGAG-1-1,TP53_CALR_het
ATTGATGAGTGAGTTAAAGTAGAG-1-1,TP53_EZH2_CALR_mut
ATTGCACGTAAACCCTAAGTAGAG-1-1,
ATTGCACGTAACGTTCAAGTAGAG-1-1,ZRSR2_CALR_mut
ATTGCACGTCGGTTATAAGTAGAG-1-1,
ATTGCACGTTCCAGCAAAGTAGAG-1-1,
ATTGCACGTTGGGTTTAAGTAGAG-1-1,
ATTGCACGTTGTGAGAAAGTAGAG-1-1,
ATTGCATTCAAACCAAAAGTAGAG-1-1,TP53_CALR_het
ATTGCATTCCCAAATTAAGTAGAG-1-1,TP53_CALR_het
ATTGCATTCCCTCGTCAAGTAGAG-1-1,TP53_CALR_het
ATTGCATTCCCTCTCAAAGTAGAG-1-1,ZRSR2_CALR_mut
ATTGCATTCCTTTCTAAAGTAGAG-1-1,TP53_CALR_het
ATTGCATTCGAAGCATAAGTAGAG-1-1,ZRSR2_CALR_mut
ATTGCATTCGTAACTTAAGTAGAG-1-1,TP53_EZH2_CALR_mut
ATTGCATTCTAATGGAAAGTAGAG-1-1,TP53_CALR_het
ATTGCATTCTCAAACTAAGTAGAG-1-1,
ATTGCCGGTAACGGGTAAGTAGAG-1-1,
ATTGCCGGTATTGTCAAAGTAGAG-1-1,
ATTGCCGGTATTTCGAAAGTAGAG-1-1,TP53_EZH2_CALR_mut
ATTGCCGGTCAATTCAAAGTAGAG-1-1,TP53_EZH2_CALR_mut
ATTGCCGGTCCAGCTAAAGTAGAG-1-1,TP53_CALR_het
ATTGCCGGTCGAAGCGAAGTAGAG-1-1,TP53_EZH2_CALR_mut
ATTGCCGGTGCGCAAGAAGTAGAG-1-1,TP53_CALR_het
ATTGCCGGTGGACACGAAGTAGAG-1-1,TP53_CALR_het
ATTGCCGGTGGCTCACAAGTAGAG-1-1,
ATTGCCGGTGTGATGAAAGTAGAG-1-1,
ATTGCCGGTTAAGTCCAAGTAGAG-1-1,TP53_CALR_het
ATTGCCGGTTAGCTCGAAGTAGAG-1-1,
ATTGCCTCAATAGAAGAAGTAGAG-1-1,
ATTGCCTCAATGAGCCAAGTAGAG-1-1,TP53_CALR_het
ATTGCCTCAATGTTCCAAGTAGAG-1-1,TP53_EZH2_CALR_mut
ATTGCCTCACACTGGGAAGTAGAG-1-1,ZRSR2_CALR_mut
ATTGCCTCACCACAAAAAGTAGAG-1-1,
ATTGCCTCACGTGCTCAAGTAGAG-1-1,
ATTGCCTCATTTGGAGAAGTAGAG-1-1,
ATTGCGACAAGCCACGAAGTAGAG-1-1,TP53_CALR_het
ATTGCGACAAGGTGTCAAGTAGAG-1-1,
ATTGCGACAATCGTTCAAGTAGAG-1-1,TP53_CALR_het
ATTGCGACAATGAAGAAAGTAGAG-1-1,TP53_CALR_het
ATTGCGACAATTGAGTAAGTAGAG-1-1,
ATTGCGACACTCAGTTAAGTAGAG-1-1,
ATTGCGACATAGACCAAAGTAGAG-1-1,TP53_CALR_het
ATTGCGACATATAGGTAAGTAGAG-1-1,
ATTGCGACATGGATTGAAGTAGAG-1-1,
ATTGCGACATTCAGGAAAGTAGAG-1-1,
ATTGCTCCAAACTTCCAAGTAGAG-1-1,TP53_EZH2_CALR_mut
ATTGCTCCAAAGCTCAAAGTAGAG-1-1,
ATTGCTCCAATAAGCTAAGTAGAG-1-1,TP53_EZH2_CALR_mut
ATTGCTCCAATAAGGAAAGTAGAG-1-1,
ATTGCTCCAGGGCTATAAGTAGAG-1-1,
ATTGCTCCATAGCGACAAGTAGAG-1-1,
ATTGGCGAGAACCTAAAAGTAGAG-1-1,TP53_CALR_het
ATTGGCGAGACTAACAAAGTAGAG-1-1,
ATTGGCGAGATAACGCAAGTAGAG-1-1,ZRSR2_CALR_mut
ATTGGCGAGATTGAGCAAGTAGAG-1-1,TP53_CALR_het
ATTGGCGAGCAACATAAAGTAGAG-1-1,ZRSR2_CALR_mut
ATTGGCGAGCCATAAAAAGTAGAG-1-1,
ATTGGCGAGGGCAGTCAAGTAGAG-1-1,
ATTGGCGAGGTGAGCCAAGTAGAG-1-1,TP53_CALR_het
ATTGGCGAGGTTATGAAAGTAGAG-1-1,
ATTGGCGAGTTGACGGAAGTAGAG-1-1,
ATTGGCGAGTTTCAGTAAGTAGAG-1-1,
ATTGGCTGTAACGTGAAAGTAGAG-1-1,TP53_CALR_het
ATTGGCTGTATGTTTGAAGTAGAG-1-1,
ATTGGCTGTCGGTTATAAGTAGAG-1-1,TP53_EZH2_CALR_mut
ATTGGCTGTGCTGCACAAGTAGAG-1-1,
ATTGGCTGTTAAGCCTAAGTAGAG-1-1,
ATTGGCTGTTAGGTAGAAGTAGAG-1-1,
ATTGGCTGTTTAGTTGAAGTAGAG-1-1,
ATTGGGAGTACCTTAAAAGTAGAG-1-1,
ATTGGGAGTACGGGCAAAGTAGAG-1-1,TP53_CALR_het
ATTGGGAGTATTCGGTAAGTAGAG-1-1,
ATTGGGAGTCAACATCAAGTAGAG-1-1,
ATTGGGAGTCATCCCTAAGTAGAG-1-1,
ATTGGGAGTGACCTTGAAGTAGAG-1-1,
ATTGGGAGTGGATGGTAAGTAGAG-1-1,TP53_CALR_het
ATTGGGAGTGGCTTTGAAGTAGAG-1-1,
ATTGGGAGTGGGAACTAAGTAGAG-1-1,TP53_CALR_het
ATTGGGAGTTGCGCTAAAGTAGAG-1-1,
ATTGTTGGTAGCTATCAAGTAGAG-1-1,TP53_EZH2_CALR_mut
ATTGTTGGTTCTTACTAAGTAGAG-1-1,
ATTTACGGTCAATTCAAAGTAGAG-1-1,
ATTTACGGTCCTGCAAAAGTAGAG-1-1,TP53_CALR_het
ATTTACGGTGCGCATCAAGTAGAG-1-1,TP53_EZH2_CALR_mut
ATTTACGGTGCTCCTTAAGTAGAG-1-1,TP53_CALR_het
ATTTACGGTTGTCATAAAGTAGAG-1-1,
ATTTAGCTCACATTCGAAGTAGAG-1-1,
ATTTAGCTCACCACACAAGTAGAG-1-1,
ATTTAGCTCAGTTAGAAAGTAGAG-1-1,TP53_EZH2_CALR_mut
ATTTAGCTCATTTGCGAAGTAGAG-1-1,
ATTTAGCTCGCCTCGAAAGTAGAG-1-1,
ATTTAGCTCTAATGGAAAGTAGAG-1-1,
ATTTAGCTCTTAAGGAAAGTAGAG-1-1,
ATTTAGGAGAAACTCAAAGTAGAG-1-1,TP53_CALR_het
ATTTAGGAGCTCATTGAAGTAGAG-1-1,TP53_CALR_het
ATTTAGGAGCTGGGTAAAGTAGAG-1-1,TP53_CALR_het
ATTTAGGAGGAAGCAAAAGTAGAG-1-1,
ATTTAGGAGGACAAAGAAGTAGAG-1-1,ZRSR2_CALR_mut
ATTTAGGAGGATGGTTAAGTAGAG-1-1,ZRSR2_CALR_mut
ATTTAGGAGGTCGAGCAAGTAGAG-1-1,
ATTTAGGAGGTTCTTGAAGTAGAG-1-1,TP53_CALR_het
ATTTAGGAGTCCTCAAAAGTAGAG-1-1,TP53_CALR_het
ATTTAGGAGTCGAAACAAGTAGAG-1-1,
ATTTCCTGTACCGTTGAAGTAGAG-1-1,
ATTTCCTGTCCAATACAAGTAGAG-1-1,
ATTTCCTGTGCGCAAGAAGTAGAG-1-1,TP53_CALR_het
ATTTCCTGTGCTCCAAAAGTAGAG-1-1,
ATTTCCTGTGCTTCTCAAGTAGAG-1-1,
ATTTCCTGTGTCCAATAAGTAGAG-1-1,
ATTTCCTGTGTTCCAGAAGTAGAG-1-1,TP53_EZH2_CALR_het
ATTTCGAGTAGTTGTCAAGTAGAG-1-1,TP53_EZH2_CALR_mut
ATTTCGAGTATCCGCAAAGTAGAG-1-1,TP53_CALR_het
ATTTCGAGTATGGTCTAAGTAGAG-1-1,TP53_EZH2_CALR_mut
ATTTCGAGTCAATCGTAAGTAGAG-1-1,
ATTTCGAGTCACAGGGAAGTAGAG-1-1,ZRSR2_CALR_mut
ATTTCGAGTCCTGAGCAAGTAGAG-1-1,
ATTTCGAGTCGCAATTAAGTAGAG-1-1,
ATTTCGAGTGATCCTGAAGTAGAG-1-1,ZRSR2_CALR_mut
ATTTCGAGTGCTTCGAAAGTAGAG-1-1,
ATTTCGAGTTAATCCAAAGTAGAG-1-1,TP53_EZH2_CALR_mut
ATTTCGAGTTTATCGAAAGTAGAG-1-1,TP53_CALR_het
ATTTCGAGTTTGTCCCAAGTAGAG-1-1,
ATTTGCAGTCACAGAAAAGTAGAG-1-1,TP53_EZH2_CALR_mut
ATTTGCAGTGGCCCATAAGTAGAG-1-1,ZRSR2_CALR_mut
ATTTGCAGTTAAGCTCAAGTAGAG-1-1,ZRSR2_CALR_mut
ATTTGCAGTTTGTAGCAAGTAGAG-1-1,TP53_EZH2_CALR_mut
ATTTGCCCAAACCTGAAAGTAGAG-1-1,TP53_CALR_het
ATTTGCCCAAGTTAACAAGTAGAG-1-1,
ATTTGCCCACTATGGAAAGTAGAG-1-1,
ATTTGCCCAGCCATAAAAGTAGAG-1-1,
ATTTGCCCAGTTATGGAAGTAGAG-1-1,TP53_CALR_het
ATTTGCCCATATCGCTAAGTAGAG-1-1,
ATTTGCCCATATGGTGAAGTAGAG-1-1,TP53_CALR_het
ATTTGCCCATCACGAAAAGTAGAG-1-1,ZRSR2_CALR_mut
ATTTGGTTCACCCTCCAAGTAGAG-1-1,TP53_EZH2_CALR_mut
ATTTGGTTCAGGCATGAAGTAGAG-1-1,
ATTTGGTTCATGCCTAAAGTAGAG-1-1,TP53_EZH2_CALR_mut
ATTTGGTTCATTTAGCAAGTAGAG-1-1,
ATTTGGTTCCGCAACTAAGTAGAG-1-1,TP53_CALR_het
ATTTGGTTCCTAAGGGAAGTAGAG-1-1,TP53_EZH2_CALR_mut
ATTTGGTTCCTCACGGAAGTAGAG-1-1,TP53_EZH2_CALR_mut
ATTTGGTTCTGTGACCAAGTAGAG-1-1,
ATTTGTCAGAGGTTCGAAGTAGAG-1-1,TP53_CALR_het
ATTTGTCAGCCATTTGAAGTAGAG-1-1,
ATTTGTCAGGCCAACAAAGTAGAG-1-1,
ATTTGTCAGGGAGGATAAGTAGAG-1-1,
ATTTGTCAGGGCAGTCAAGTAGAG-1-1,TP53_CALR_het
ATTTGTCAGTCATCATAAGTAGAG-1-1,TP53_CALR_het
ATTTGTGGTAGCGCGAAAGTAGAG-1-1,TP53_CALR_het
ATTTGTGGTAGGTTTCAAGTAGAG-1-1,
ATTTGTGGTCTGTCAGAAGTAGAG-1-1,TP53_CALR_het
ATTTGTGGTGACACAAAAGTAGAG-1-1,
ATTTGTGGTGACATGAAAGTAGAG-1-1,
ATTTGTGGTGTTCCAGAAGTAGAG-1-1,
ATTTGTGGTGTTTGGTAAGTAGAG-1-1,
ATTTGTGGTTATGTGCAAGTAGAG-1-1,TP53_CALR_het
ATTTGTGGTTGAATCCAAGTAGAG-1-1,ZRSR2_CALR_mut
ATTTGTGGTTGGATAGAAGTAGAG-1-1,TP53_EZH2_CALR_mut
CAAACAATCAATGTGAAAGTAGAG-1-1,TP53_EZH2_CALR_mut
CAAACAATCATTGAAGAAGTAGAG-1-1,
CAAACAATCCAGATAAAAGTAGAG-1-1,
CAAACAATCCGGATAGAAGTAGAG-1-1,TP53_CALR_het
CAAACAATCGTTAGGGAAGTAGAG-1-1,
CAAACAATCTGGTCTAAAGTAGAG-1-1,
CAAACAATCTTACTCCAAGTAGAG-1-1,TP53_CALR_het
CAAACTTTCAACCGGAAAGTAGAG-1-1,
CAAACTTTCACCTGTAAAGTAGAG-1-1,
CAAACTTTCACTAGGGAAGTAGAG-1-1,
CAAACTTTCAGGTCGAAAGTAGAG-1-1,ZRSR2_CALR_mut
CAAACTTTCATGGTCCAAGTAGAG-1-1,
CAAACTTTCATTAGTCAAGTAGAG-1-1,TP53_EZH2_CALR_mut
CAAACTTTCCACAATTAAGTAGAG-1-1,TP53_CALR_het
CAAACTTTCCTCACTTAAGTAGAG-1-1,
CAAACTTTCCTTTAGGAAGTAGAG-1-1,
CAAACTTTCTAAATCCAAGTAGAG-1-1,
CAAAGCTAGAAGCAAGAAGTAGAG-1-1,TP53_CALR_het
CAAAGCTAGAATGGCTAAGTAGAG-1-1,ZRSR2_CALR_mut
CAAAGCTAGCAAGTTAAAGTAGAG-1-1,TP53_EZH2_CALR_het
CAAAGCTAGCATCTATAAGTAGAG-1-1,TP53_EZH2_CALR_mut
CAAAGCTAGCTAGCCTAAGTAGAG-1-1,TP53_CALR_het
CAAAGCTAGTGATTTCAAGTAGAG-1-1,ZRSR2_CALR_mut
CAAAGCTAGTTGACGGAAGTAGAG-1-1,
CAAAGGGCAAATACCGAAGTAGAG-1-1,ZRSR2_CALR_mut
CAAAGGGCAATCGTTCAAGTAGAG-1-1,TP53_CALR_het
CAAAGGGCACGTGCTCAAGTAGAG-1-1,
CAAAGGGCAGGGCTATAAGTAGAG-1-1,TP53_EZH2_CALR_mut
CAAAGTCAGACATAGCAAGTAGAG-1-1,ZRSR2_CALR_mut
CAAAGTCAGATTGCAAAAGTAGAG-1-1,ZRSR2_CALR_mut
CAAAGTCAGCACTACCAAGTAGAG-1-1,
CAAAGTCAGGAACCATAAGTAGAG-1-1,TP53_CALR_het
CAAAGTCAGGTAGTTAAAGTAGAG-1-1,
CAAAGTCAGTAAAGGGAAGTAGAG-1-1,
CAAAGTCAGTCACACCAAGTAGAG-1-1,
CAAAGTCAGTGAATCAAAGTAGAG-1-1,
CAAATCAAGACTAACAAAGTAGAG-1-1,
CAAATCAAGAGCAAGAAAGTAGAG-1-1,ZRSR2_CALR_mut
CAAATCAAGAGGTTCGAAGTAGAG-1-1,
CAAATCAAGATGCCTCAAGTAGAG-1-1,TP53_CALR_het
CAAATCAAGCGATAACAAGTAGAG-1-1,
CAAATCAAGCGCGAACAAGTAGAG-1-1,ZRSR2_CALR_mut
CAAATCAAGGCGAGTCAAGTAGAG-1-1,TP53_CALR_het
CAAATCAAGTTGCGCTAAGTAGAG-1-1,
CAAATCAAGTTTGACTAAGTAGAG-1-1,
CAAATCCGTCGAAGTAAAGTAGAG-1-1,TP53_EZH2_CALR_mut
CAAATCCGTGCGGTTCAAGTAGAG-1-1,TP53_CALR_het
CAAATCCGTGGTGAGTAAGTAGAG-1-1,TP53_CALR_het
CAAATCCGTGGTTCTGAAGTAGAG-1-1,
CAAATCCGTGTGAGTAAAGTAGAG-1-1,
CAAATCCGTGTTAGAGAAGTAGAG-1-1,
CAAATCCGTTAGCGCCAAGTAGAG-1-1,
CAAATCCGTTTCGCCTAAGTAGAG-1-1,TP53_EZH2_CALR_mut
CAAATTGAGATATTGGAAGTAGAG-1-1,
CAAATTGAGATGATTGAAGTAGAG-1-1,TP53_CALR_het
CAAATTGAGCCCTTGGAAGTAGAG-1-1,TP53_CALR_het
CAAATTGAGCGCTACTAAGTAGAG-1-1,TP53_CALR_het
CAAATTGAGGGCGGAAAAGTAGAG-1-1,TP53_CALR_het
CAACCAACAAACCTGAAAGTAGAG-1-1,TP53_CALR_het
CAACCAACAAGAACAAAAGTAGAG-1-1,TP53_EZH2_CALR_mut
CAACCAACACAATAGTAAGTAGAG-1-1,
CAACCAACACCTGGTCAAGTAGAG-1-1,
CAACCAACAGCTTAAGAAGTAGAG-1-1,TP53_EZH2_CALR_mut
CAACCAACAGGTATTGAAGTAGAG-1-1,
CAACCAACATAGCGACAAGTAGAG-1-1,
CAACCAACATCCTTGGAAGTAGAG-1-1,ZRSR2_CALR_mut
CAACCAACATGACATGAAGTAGAG-1-1,
CAACCGGCAAACTTGGAAGTAGAG-1-1,
CAACCGGCAAGCGAAGAAGTAGAG-1-1,TP53_CALR_het
CAACCGGCAAGGCGTTAAGTAGAG-1-1,
CAACCGGCACCATCCAAAGTAGAG-1-1,TP53_EZH2_CALR_mut
CAACCGGCACGATTAGAAGTAGAG-1-1,
CAACCGGCATAGCGACAAGTAGAG-1-1,TP53_CALR_het
CAACCGTTCATAGGTAAAGTAGAG-1-1,
CAACCGTTCCCTGGATAAGTAGAG-1-1,
CAACCGTTCCGCAATCAAGTAGAG-1-1,
CAACCGTTCGATTACTAAGTAGAG-1-1,TP53_CALR_het
CAACCGTTCGATTGGGAAGTAGAG-1-1,ZRSR2_CALR_mut
CAACCGTTCTATTGGTAAGTAGAG-1-1,TP53_CALR_het
CAACCGTTCTTAAGGAAAGTAGAG-1-1,ZRSR2_CALR_mut
CAACCTATCACTAATCAAGTAGAG-1-1,
CAACCTATCAGCACAGAAGTAGAG-1-1,
CAACCTATCAGTAGCGAAGTAGAG-1-1,
CAACCTATCATGGAACAAGTAGAG-1-1,
CAACCTATCCAGATAAAAGTAGAG-1-1,
CAACCTATCCCAAATTAAGTAGAG-1-1,TP53_EZH2_CALR_mut
CAACCTATCGCTCAGTAAGTAGAG-1-1,ZRSR2_CALR_mut
CAACCTATCTTGAAAGAAGTAGAG-1-1,TP53_EZH2_CALR_mut
CAACCTGGTAGTTGTCAAGTAGAG-1-1,
CAACCTGGTCCGGGTTAAGTAGAG-1-1,TP53_EZH2_CALR_mut
CAACCTGGTTGCTCCTAAGTAGAG-1-1,
CAACCTGGTTGGAGCGAAGTAGAG-1-1,
CAACCTTCAAGCGAAGAAGTAGAG-1-1,
CAACCTTCACACTGGGAAGTAGAG-1-1,
CAACCTTCACAGCCAGAAGTAGAG-1-1,TP53_CALR_het
CAACCTTCACATAAGTAAGTAGAG-1-1,
CAACCTTCACCTTCTCAAGTAGAG-1-1,TP53_CALR_het
CAACCTTCACTGTCATAAGTAGAG-1-1,
CAACCTTCATCAAGCAAAGTAGAG-1-1,TP53_EZH2_CALR_mut
CAACCTTCATCACAGAAAGTAGAG-1-1,
CAACTAAAGAAACTCAAAGTAGAG-1-1,
CAACTAAAGAAGCAAGAAGTAGAG-1-1,TP53_CALR_het
CAACTAAAGAGGAAATAAGTAGAG-1-1,TP53_EZH2_CALR_mut
CAACTAAAGCCTGCCAAAGTAGAG-1-1,ZRSR2_CALR_mut
CAACTAAAGCGATAACAAGTAGAG-1-1,
CAACTAAAGCTAAGTAAAGTAGAG-1-1,
CAACTAAAGCTCGACTAAGTAGAG-1-1,TP53_CALR_het
CAACTAAAGCTTCTAGAAGTAGAG-1-1,
CAACTAAAGGTAACTAAAGTAGAG-1-1,
CAACTAAAGTAATGGCAAGTAGAG-1-1,
CAACTAAAGTCAACAAAAGTAGAG-1-1,
CAACTTAGTACGTAAGAAGTAGAG-1-1,TP53_EZH2_CALR_mut
CAACTTAGTATGTTTGAAGTAGAG-1-1,
CAACTTAGTCAACTACAAGTAGAG-1-1,
CAACTTAGTCCTTCTAAAGTAGAG-1-1,TP53_CALR_het
CAACTTAGTCGAAGCGAAGTAGAG-1-1,
CAACTTAGTGAACCAAAAGTAGAG-1-1,
CAACTTAGTGGACACGAAGTAGAG-1-1,TP53_EZH2_CALR_mut
CAACTTAGTGTCCAGCAAGTAGAG-1-1,ZRSR2_CALR_mut
CAACTTAGTTAAGCTCAAGTAGAG-1-1,
CAACTTGTCAAACCGGAAGTAGAG-1-1,ZRSR2_CALR_mut
CAACTTGTCACTATGTAAGTAGAG-1-1,
CAACTTGTCCAAATTCAAGTAGAG-1-1,TP53_CALR_het
CAACTTGTCGAAGGCCAAGTAGAG-1-1,TP53_EZH2_CALR_mut
CAACTTGTCGCGTTCGAAGTAGAG-1-1,
CAACTTGTCTGTCAGCAAGTAGAG-1-1,TP53_CALR_het
CAAGACTAGCACGGTAAAGTAGAG-1-1,
CAAGACTAGCGCTACTAAGTAGAG-1-1,
CAAGACTAGCTGGACAAAGTAGAG-1-1,
CAAGACTAGGCGAGTCAAGTAGAG-1-1,
CAAGACTAGGTGCACAAAGTAGAG-1-1,TP53_EZH2_CALR_mut
CAAGACTAGTAAGCTAAAGTAGAG-1-1,
CAAGACTAGTCTACCAAAGTAGAG-1-1,
CAAGACTAGTGTGAGTAAGTAGAG-1-1,
CAAGACTAGTTAACAGAAGTAGAG-1-1,TP53_EZH2_CALR_mut
CAAGACTAGTTTCGCAAAGTAGAG-1-1,ZRSR2_CALR_mut
CAAGATTCAACATGATAAGTAGAG-1-1,
CAAGATTCAATTGAGTAAGTAGAG-1-1,TP53_CALR_het
CAAGATTCACGGGCTAAAGTAGAG-1-1,ZRSR2_CALR_mut
CAAGATTCAGAAACTTAAGTAGAG-1-1,
CAAGATTCATGGCCGAAAGTAGAG-1-1,TP53_CALR_het
CAAGCGATCATGCGTCAAGTAGAG-1-1,TP53_CALR_het
CAAGCGATCGGGCAACAAGTAGAG-1-1,
CAAGCGATCTGGCTACAAGTAGAG-1-1,
CAAGGCCAGATATTGGAAGTAGAG-1-1,
CAAGGCCAGGCCAACAAAGTAGAG-1-1,
CAAGGCCAGGCTGGTAAAGTAGAG-1-1,TP53_CALR_het
CAAGGCCAGTAATTGGAAGTAGAG-1-1,
CAAGGCCAGTCAAACAAAGTAGAG-1-1,TP53_CALR_het
CAAGGTCCACAATCGAAAGTAGAG-1-1,
CAAGGTCCATGGCTAAAAGTAGAG-1-1,
CAAGGTCCATTACTTGAAGTAGAG-1-1,ZRSR2_CALR_mut
CAAGGTCCATTGGACAAAGTAGAG-1-1,TP53_CALR_het
CAAGGTTAGACAACTAAAGTAGAG-1-1,
CAAGGTTAGAGGATAGAAGTAGAG-1-1,TP53_CALR_het
CAAGGTTAGCTCGACTAAGTAGAG-1-1,
CAAGGTTAGCTTAAAGAAGTAGAG-1-1,TP53_CALR_het
CAAGGTTAGTATCGCCAAGTAGAG-1-1,TP53_CALR_het
CAAGTCCTCACAAATGAAGTAGAG-1-1,
CAAGTCCTCATTAGTCAAGTAGAG-1-1,TP53_EZH2_CALR_mut
CAAGTCCTCATTTGCGAAGTAGAG-1-1,TP53_CALR_het
CAAGTCCTCCGAAAGTAAGTAGAG-1-1,
CAAGTCCTCCGAATTTAAGTAGAG-1-1,TP53_CALR_het
CAAGTCCTCGCAGGACAAGTAGAG-1-1,
CAAGTCCTCGTTAACTAAGTAGAG-1-1,TP53_EZH2_CALR_mut
CAAGTCCTCTATTGGTAAGTAGAG-1-1,
CAAGTCGAGCAGGCTAAAGTAGAG-1-1,TP53_EZH2_CALR_mut
CAAGTCGAGCTTAAAGAAGTAGAG-1-1,
CAAGTCGAGGAACCGCAAGTAGAG-1-1,TP53_EZH2_CALR_mut
CAAGTCGAGTCTACCAAAGTAGAG-1-1,
CAAGTCGAGTGCCCTGAAGTAGAG-1-1,TP53_EZH2_CALR_mut
CAAGTCGAGTTGGATAAAGTAGAG-1-1,
CAAGTCGAGTTTGGTTAAGTAGAG-1-1,
CAATAAGTCACAATGAAAGTAGAG-1-1,
CAATAAGTCACTATGTAAGTAGAG-1-1,
CAATAAGTCACTTCGAAAGTAGAG-1-1,TP53_CALR_het
CAATAAGTCAGGTAACAAGTAGAG-1-1,
CAATAAGTCATAATGGAAGTAGAG-1-1,ZRSR2_CALR_mut
CAATAAGTCATCCAGCAAGTAGAG-1-1,
CAATAAGTCCATAGGGAAGTAGAG-1-1,TP53_CALR_het
CAATAAGTCCTCCCACAAGTAGAG-1-1,TP53_CALR_het
CAATAAGTCCTTAGGCAAGTAGAG-1-1,
CAATAAGTCTAAGTAGAAGTAGAG-1-1,
CAATAAGTCTGTGATTAAGTAGAG-1-1,
CAATACTTCCATAGAAAAGTAGAG-1-1,TP53_EZH2_CALR_mut
CAATACTTCGCTTGACAAGTAGAG-1-1,TP53_EZH2_CALR_mut
CAATACTTCGGTTATTAAGTAGAG-1-1,
CAATACTTCTCAGCACAAGTAGAG-1-1,ZRSR2_CALR_mut
CAATAGCAGCAAACCGAAGTAGAG-1-1,TP53_CALR_het
CAATAGCAGCCAAACGAAGTAGAG-1-1,TP53_EZH2_CALR_mut
CAATAGCAGGTTAGGTAAGTAGAG-1-1,
CAATAGCAGTCCTGCGAAGTAGAG-1-1,TP53_CALR_het
CAATAGCAGTTGCGCTAAGTAGAG-1-1,
CAATAGCAGTTTGGTTAAGTAGAG-1-1,TP53_CALR_het
CAATAGTCAAAGTGCCAAGTAGAG-1-1,TP53_CALR_het
CAATAGTCAACTTGTCAAGTAGAG-1-1,
CAATAGTCACATAAACAAGTAGAG-1-1,
CAATAGTCACCGGTAGAAGTAGAG-1-1,TP53_CALR_het
CAATAGTCACGGTAACAAGTAGAG-1-1,TP53_CALR_het
CAATAGTCACTTTATGAAGTAGAG-1-1,
CAATAGTCAGCTCGCTAAGTAGAG-1-1,TP53_EZH2_CALR_mut
CAATAGTCAGTTATGGAAGTAGAG-1-1,
CAATAGTCATGAAGCCAAGTAGAG-1-1,
CAATAGTCATTAGCGAAAGTAGAG-1-1,
CAATCCATCACTAATCAAGTAGAG-1-1,
CAATCCATCAGTCTATAAGTAGAG-1-1,
CAATCCATCCAATTACAAGTAGAG-1-1,ZRSR2_CALR_mut
CAATCCATCCGAAAGTAAGTAGAG-1-1,
CAATCGCTCACAGGATAAGTAGAG-1-1,
CAATCGCTCCTAAGTTAAGTAGAG-1-1,ZRSR2_CALR_mut
CAATCGCTCCTTGAGCAAGTAGAG-1-1,
CAATCGCTCGAACCTCAAGTAGAG-1-1,TP53_CALR_het
CAATCGCTCGACTCACAAGTAGAG-1-1,TP53_CALR_het
CAATCGCTCGACTTTGAAGTAGAG-1-1,
CAATCGCTCGATTGGGAAGTAGAG-1-1,TP53_CALR_het
CAATCGCTCGTTAGGGAAGTAGAG-1-1,TP53_CALR_het
CAATCGCTCTAATCGTAAGTAGAG-1-1,TP53_CALR_het
CAATCGCTCTTCGCCCAAGTAGAG-1-1,TP53_CALR_het
CAATGCCTCAAGCCAGAAGTAGAG-1-1,
CAATGCCTCAGCATGGAAGTAGAG-1-1,TP53_CALR_het
CAATGCCTCATTATGCAAGTAGAG-1-1,
CAATGCCTCCTCAATGAAGTAGAG-1-1,TP53_CALR_het
CAATGCCTCGCCTAACAAGTAGAG-1-1,TP53_CALR_het
CAATGCCTCGGTTCACAAGTAGAG-1-1,
CAATGCCTCGTCCATAAAGTAGAG-1-1,TP53_EZH2_CALR_mut
CAATGCCTCGTTAGGGAAGTAGAG-1-1,TP53_CALR_het
CAATGGGTCAAAGGCTAAGTAGAG-1-1,TP53_CALR_het
CAATGGGTCACAGGATAAGTAGAG-1-1,
CAATGGGTCAGCTACCAAGTAGAG-1-1,
CAATGGGTCCACTAATAAGTAGAG-1-1,TP53_EZH2_CALR_mut
CAATGGGTCCGAAAGTAAGTAGAG-1-1,
CAATGTTTCAGGTTGGAAGTAGAG-1-1,
CAATGTTTCAGTAAGCAAGTAGAG-1-1,TP53_CALR_het
CAATGTTTCATTGAGAAAGTAGAG-1-1,
CAATGTTTCCATCCGGAAGTAGAG-1-1,
CAATGTTTCGCAAATAAAGTAGAG-1-1,
CAATGTTTCGCCTAACAAGTAGAG-1-1,
CAATTGCGTAATCCGTAAGTAGAG-1-1,TP53_CALR_het
CAATTGCGTCGCAACCAAGTAGAG-1-1,ZRSR2_CALR_mut
CAATTGCGTGGACCCTAAGTAGAG-1-1,TP53_CALR_het
CAATTGCGTTGCACTGAAGTAGAG-1-1,TP53_CALR_het
CAATTGCGTTGGATAGAAGTAGAG-1-1,TP53_CALR_het
CAATTGCGTTGTTGGTAAGTAGAG-1-1,
CAATTGCGTTTGTAGCAAGTAGAG-1-1,
CACAAAGGTAACTAGGAAGTAGAG-1-1,
CACAAAGGTCATTATGAAGTAGAG-1-1,
CACAAAGGTGATTAGGAAGTAGAG-1-1,
CACAAAGGTGGATGCGAAGTAGAG-1-1,TP53_CALR_het
CACAAAGGTTAACCACAAGTAGAG-1-1,TP53_EZH2_CALR_mut
CACAAAGGTTCACTCCAAGTAGAG-1-1,TP53_CALR_het
CACAAAGGTTGCACTGAAGTAGAG-1-1,ZRSR2_CALR_mut
CACAAAGGTTGCTCCTAAGTAGAG-1-1,
CACAAGCCAAATAAGGAAGTAGAG-1-1,TP53_CALR_het
CACAAGCCAAGCGAAGAAGTAGAG-1-1,
CACAAGCCAATTAGGTAAGTAGAG-1-1,
CACAAGCCACCACAAAAAGTAGAG-1-1,
CACAAGCCACCGGTAGAAGTAGAG-1-1,
CACAAGCCACTAGTAGAAGTAGAG-1-1,TP53_CALR_het
CACAAGCCAGGATTGCAAGTAGAG-1-1,TP53_CALR_het
CACAAGCCATTACTCAAAGTAGAG-1-1,TP53_EZH2_CALR_mut
CACAAGCCATTTAGCCAAGTAGAG-1-1,TP53_CALR_het
CACAAGGTCAAACTTCAAGTAGAG-1-1,TP53_EZH2_CALR_mut
CACAAGGTCACGTTCAAAGTAGAG-1-1,TP53_EZH2_CALR_mut
CACAAGGTCCAGAACGAAGTAGAG-1-1,
CACAAGGTCCCATTGAAAGTAGAG-1-1,ZRSR2_CALR_mut
CACAAGGTCCGTCCAGAAGTAGAG-1-1,TP53_CALR_het
CACAAGGTCGGTAATAAAGTAGAG-1-1,
CACAAGGTCTAAGTAGAAGTAGAG-1-1,TP53_EZH2_CALR_mut
CACAATAAGACTCCTAAAGTAGAG-1-1,ZRSR2_CALR_mut
CACAATAAGCACTACCAAGTAGAG-1-1,
CACAATAAGCCTGCCAAAGTAGAG-1-1,
CACAATAAGGACAAGAAAGTAGAG-1-1,TP53_EZH2_CALR_mut
CACAATAAGGACTTGGAAGTAGAG-1-1,
CACAATAAGGCCAACAAAGTAGAG-1-1,TP53_EZH2_CALR_mut
CACAATAAGGGTCTAGAAGTAGAG-1-1,ZRSR2_CALR_mut
CACAATAAGGTCACTCAAGTAGAG-1-1,
CACAATAAGGTTGCAGAAGTAGAG-1-1,
CACAATAAGTATGGGTAAGTAGAG-1-1,TP53_CALR_het
CACAATAAGTTAGTTCAAGTAGAG-1-1,
CACAGATAGAAGTACCAAGTAGAG-1-1,
CACAGATAGAGGCGGAAAGTAGAG-1-1,
CACAGATAGCGATGGCAAGTAGAG-1-1,TP53_EZH2_CALR_mut
CACAGATAGGCGGATCAAGTAGAG-1-1,
CACAGATAGTAGCGCAAAGTAGAG-1-1,
CACAGATAGTCGAAACAAGTAGAG-1-1,TP53_CALR_het
CACAGATAGTGCCCTGAAGTAGAG-1-1,TP53_CALR_het
CACAGCAAGACCATGGAAGTAGAG-1-1,
CACAGCAAGCTTACATAAGTAGAG-1-1,
CACAGCAAGGTTAGACAAGTAGAG-1-1,TP53_EZH2_CALR_mut
CACAGCAAGTAATTGGAAGTAGAG-1-1,TP53_EZH2_CALR_mut
CACAGCAAGTTTACCGAAGTAGAG-1-1,TP53_EZH2_CALR_mut
CACATAAAGCAGCCAAAAGTAGAG-1-1,
CACATAAAGCATCTATAAGTAGAG-1-1,
CACATAAAGCATTACTAAGTAGAG-1-1,
CACATAAAGCCAGAGCAAGTAGAG-1-1,ZRSR2_CALR_mut
CACATAAAGCCCGTTGAAGTAGAG-1-1,
CACATAAAGCTTCTAGAAGTAGAG-1-1,
CACATAAAGGCTAGATAAGTAGAG-1-1,
CACATAAAGGTGAGAAAAGTAGAG-1-1,
CACATAAAGTAGCCTCAAGTAGAG-1-1,
CACATAAAGTGATCAAAAGTAGAG-1-1,TP53_CALR_het
CACCAACTCAAGGGTTAAGTAGAG-1-1,TP53_CALR_het
CACCAACTCATCCCAAAAGTAGAG-1-1,TP53_CALR_het
CACCAACTCCGTTAGCAAGTAGAG-1-1,
CACCAACTCGCAAATAAAGTAGAG-1-1,
CACCAACTCGCCACATAAGTAGAG-1-1,TP53_CALR_het
CACCAACTCGTAACCCAAGTAGAG-1-1,ZRSR2_CALR_mut
CACCAACTCTAATTGCAAGTAGAG-1-1,TP53_CALR_het
CACCAACTCTATCACGAAGTAGAG-1-1,TP53_CALR_het
CACCCATAGAAGTACCAAGTAGAG-1-1,TP53_CALR_het
CACCCATAGATAGCTAAAGTAGAG-1-1,ZRSR2_CALR_mut
CACCCATAGCATTTCGAAGTAGAG-1-1,
CACCCATAGCCTAAGGAAGTAGAG-1-1,TP53_EZH2_CALR_mut
CACCCATAGCGCTAGAAAGTAGAG-1-1,TP53_CALR_het
CACCCATAGCTAAATGAAGTAGAG-1-1,
CACCCATAGCTTACTGAAGTAGAG-1-1,
CACCCATAGGATTAGCAAGTAGAG-1-1,
CACCCATAGGTATTTCAAGTAGAG-1-1,
CACCCATAGTCACTATAAGTAGAG-1-1,
CACCCATAGTGATGGTAAGTAGAG-1-1,TP53_EZH2_CALR_mut
CACCCATAGTGATTTCAAGTAGAG-1-1,TP53_CALR_het
CACCTGGTCAAACTTCAAGTAGAG-1-1,
CACCTGGTCATTGAAGAAGTAGAG-1-1,
CACCTGGTCCCGCTGAAAGTAGAG-1-1,
CACCTGGTCTAATGGAAAGTAGAG-1-1,
CACCTGGTCTCAGCACAAGTAGAG-1-1,
CACGAACCAACGTTAGAAGTAGAG-1-1,
CACGAACCAACTAAGTAAGTAGAG-1-1,TP53_CALR_het
CACGAACCACACTGGGAAGTAGAG-1-1,
CACGAACCAGATTGCAAAGTAGAG-1-1,
CACGAACCAGGATTATAAGTAGAG-1-1,TP53_EZH2_CALR_mut
CACGAACCAGGCTTAAAAGTAGAG-1-1,TP53_CALR_het
CACGAACCAGGTATATAAGTAGAG-1-1,TP53_CALR_het
CACGAACCATAAGCTGAAGTAGAG-1-1,
CACGAACCATCACAGAAAGTAGAG-1-1,
CACGAACCATTGCCTGAAGTAGAG-1-1,
CACGCATTCAAGTTAGAAGTAGAG-1-1,
CACGCATTCACAAGCGAAGTAGAG-1-1,TP53_EZH2_CALR_mut
CACGCATTCACCAGCTAAGTAGAG-1-1,
CACGCATTCCTCACGGAAGTAGAG-1-1,
CACGCATTCCTTTGAGAAGTAGAG-1-1,TP53_EZH2_CALR_mut
CACGCATTCTAAATCCAAGTAGAG-1-1,TP53_CALR_het
CACGCATTCTGGGAATAAGTAGAG-1-1,
CACGCATTCTGTGATTAAGTAGAG-1-1,
CACGTTATCAAGGGCCAAGTAGAG-1-1,
CACGTTATCACCAGGAAAGTAGAG-1-1,
CACGTTATCAGGAGCCAAGTAGAG-1-1,
CACGTTATCGTTAGGGAAGTAGAG-1-1,TP53_CALR_het
CACGTTATCTAACCATAAGTAGAG-1-1,
CACGTTATCTTCGCCCAAGTAGAG-1-1,TP53_CALR_het
CACTAACGTACTTCCCAAGTAGAG-1-1,TP53_EZH2_CALR_mut
CACTAACGTAGTAGCAAAGTAGAG-1-1,
CACTAACGTGCGATAAAAGTAGAG-1-1,
CACTAACGTGCTGAAAAAGTAGAG-1-1,TP53_EZH2_CALR_mut
CACTAACGTGGCCCATAAGTAGAG-1-1,TP53_CALR_het
CACTAACGTGGCTTTGAAGTAGAG-1-1,
CACTAACGTTGGATGAAAGTAGAG-1-1,TP53_CALR_het
CACTAACGTTTACTGAAAGTAGAG-1-1,TP53_CALR_het
CACTAGCTCAAGTTTCAAGTAGAG-1-1,
CACTAGCTCACCAGCTAAGTAGAG-1-1,
CACTAGCTCAGGCATGAAGTAGAG-1-1,TP53_CALR_het
CACTAGCTCATGAGGTAAGTAGAG-1-1,
CACTAGCTCGCGGAACAAGTAGAG-1-1,TP53_EZH2_CALR_mut
CACTAGCTCTGGTCTAAAGTAGAG-1-1,
CACTATGTCACAGATAAAGTAGAG-1-1,TP53_CALR_het
CACTATGTCCAACTTGAAGTAGAG-1-1,
CACTATGTCCATGATTAAGTAGAG-1-1,TP53_EZH2_CALR_mut
CACTATGTCCTCACTTAAGTAGAG-1-1,
CACTATGTCGCGGAACAAGTAGAG-1-1,
CACTATGTCGCTTGACAAGTAGAG-1-1,TP53_CALR_het
CACTATGTCGGTTATTAAGTAGAG-1-1,
CACTATGTCGTTAACTAAGTAGAG-1-1,
CACTCCCTCACTAATCAAGTAGAG-1-1,TP53_EZH2_CALR_mut
CACTCCCTCCAACAGGAAGTAGAG-1-1,TP53_EZH2_CALR_mut
CACTCCCTCCGCTATAAAGTAGAG-1-1,
CACTCCCTCGCGTTACAAGTAGAG-1-1,TP53_CALR_het
CACTCCCTCTATCTGGAAGTAGAG-1-1,TP53_CALR_het
CACTCCCTCTGGCTACAAGTAGAG-1-1,
CACTGTCAGACAAAGGAAGTAGAG-1-1,
CACTGTCAGAGGAGTAAAGTAGAG-1-1,
CACTGTCAGCTATATCAAGTAGAG-1-1,TP53_CALR_het
CACTGTCAGGAGGCCTAAGTAGAG-1-1,
CACTGTCAGGATGCATAAGTAGAG-1-1,TP53_EZH2_CALR_mut
CACTGTCAGGGAGGATAAGTAGAG-1-1,TP53_CALR_het
CACTGTCAGTTAGGGTAAGTAGAG-1-1,
CACTTGATCAAGGTCGAAGTAGAG-1-1,
CACTTGATCATTATGCAAGTAGAG-1-1,TP53_CALR_het
CACTTGATCCTTTGAGAAGTAGAG-1-1,TP53_EZH2_CALR_mut
CACTTGATCGCAAATAAAGTAGAG-1-1,
CACTTGATCGCGAGTAAAGTAGAG-1-1,TP53_CALR_het
CACTTGATCGGTACCTAAGTAGAG-1-1,
CACTTGATCTAAATCCAAGTAGAG-1-1,TP53_EZH2_CALR_mut
CACTTGATCTGGCCCAAAGTAGAG-1-1,
CACTTTACAAACAATCAAGTAGAG-1-1,TP53_CALR_het
CACTTTACAACAAGTTAAGTAGAG-1-1,TP53_CALR_het
CACTTTACAGAGAGCAAAGTAGAG-1-1,TP53_EZH2_CALR_mut
CACTTTACAGCTTAAGAAGTAGAG-1-1,
CACTTTACATCAGGACAAGTAGAG-1-1,TP53_CALR_het
CACTTTACATCAGGTAAAGTAGAG-1-1,ZRSR2_CALR_mut
CACTTTACATGGCTTTAAGTAGAG-1-1,ZRSR2_CALR_mut
CACTTTACATTCGGTTAAGTAGAG-1-1,
CAGAATGGTAAAGCATAAGTAGAG-1-1,
CAGAATGGTAACTACCAAGTAGAG-1-1,ZRSR2_CALR_mut
CAGAATGGTCAAACTCAAGTAGAG-1-1,TP53_CALR_het
CAGAATGGTCACAGGGAAGTAGAG-1-1,TP53_CALR_het
CAGAATGGTCAGGATAAAGTAGAG-1-1,TP53_CALR_het
CAGAATGGTGCTGATTAAGTAGAG-1-1,TP53_EZH2_CALR_mut
CAGAATGGTGTGAGACAAGTAGAG-1-1,
CAGAATGGTTGTTGTAAAGTAGAG-1-1,ZRSR2_CALR_mut
CAGAATGGTTTGTCAAAAGTAGAG-1-1,TP53_CALR_het
CAGACCAAGCAATTGAAAGTAGAG-1-1,TP53_EZH2_CALR_mut
CAGACCAAGCCTGGTTAAGTAGAG-1-1,TP53_EZH2_CALR_mut
CAGACCAAGGCTTAAAAAGTAGAG-1-1,
CAGAGAGCACTAACGAAAGTAGAG-1-1,TP53_EZH2_CALR_mut
CAGAGAGCAGGAATAAAAGTAGAG-1-1,ZRSR2_CALR_mut
CAGAGAGCAGGTCAACAAGTAGAG-1-1,
CAGAGAGCATTACTCAAAGTAGAG-1-1,
CAGAGAGCATTCAGGAAAGTAGAG-1-1,
CAGAGAGCATTCATGCAAGTAGAG-1-1,
CAGAGAGCATTGGGTAAAGTAGAG-1-1,TP53_EZH2_CALR_mut
CAGATAATCAAGATGCAAGTAGAG-1-1,TP53_CALR_het
CAGATAATCAAGGTACAAGTAGAG-1-1,TP53_EZH2_CALR_mut
CAGATAATCACTAATCAAGTAGAG-1-1,
CAGATAATCCCATAATAAGTAGAG-1-1,
CAGATAATCCGCTATAAAGTAGAG-1-1,TP53_CALR_het
CAGATAATCGCCTAGTAAGTAGAG-1-1,
CAGATAATCTAAGTAGAAGTAGAG-1-1,
CAGATTCGTACTTCCCAAGTAGAG-1-1,ZRSR2_CALR_mut
CAGATTCGTGGTTAAGAAGTAGAG-1-1,
CAGATTCGTGTAATGGAAGTAGAG-1-1,TP53_CALR_het
CAGATTCGTTCACCTCAAGTAGAG-1-1,
CAGATTCGTTGTTTGAAAGTAGAG-1-1,
CAGCAATAGAACCTAAAAGTAGAG-1-1,TP53_CALR_het
CAGCAATAGAGGCGAGAAGTAGAG-1-1,TP53_CALR_het
CAGCAATAGCAACTTTAAGTAGAG-1-1,
CAGCAATAGCACGCAAAAGTAGAG-1-1,TP53_EZH2_CALR_mut
CAGCAATAGCTCGACTAAGTAGAG-1-1,
CAGCAATAGGTGAGAAAAGTAGAG-1-1,TP53_CALR_het
CAGCAATAGTTGCGGAAAGTAGAG-1-1,TP53_EZH2_CALR_mut
CAGCCAGCAAACCCAAAAGTAGAG-1-1,
CAGCCAGCAAGTTGGCAAGTAGAG-1-1,
CAGCCAGCAGCTTAAGAAGTAGAG-1-1,
CAGCCAGCATAGCCTTAAGTAGAG-1-1,
CAGCCAGCATGCTCCAAAGTAGAG-1-1,
CAGCGAATCAACTGGGAAGTAGAG-1-1,TP53_EZH2_CALR_mut
CAGCGAATCACAGGGCAAGTAGAG-1-1,
CAGCGAATCAGCACGAAAGTAGAG-1-1,TP53_EZH2_CALR_mut
CAGCGAATCAGCATGGAAGTAGAG-1-1,TP53_CALR_het
CAGCGAATCGACTTTGAAGTAGAG-1-1,
CAGCGAATCGATATAGAAGTAGAG-1-1,
CAGCGAATCGCTTGACAAGTAGAG-1-1,
CAGCGAATCGTGATGGAAGTAGAG-1-1,ZRSR2_CALR_mut
CAGCGAATCTCACCTTAAGTAGAG-1-1,
CAGCGAATCTGTGACCAAGTAGAG-1-1,
CAGCGAATCTGTGCACAAGTAGAG-1-1,
CAGCTAGAGGATGTTAAAGTAGAG-1-1,TP53_EZH2_CALR_mut
CAGCTAGAGGGTTGGCAAGTAGAG-1-1,
CAGCTAGAGTAAACCAAAGTAGAG-1-1,TP53_CALR_het
CAGCTAGAGTCAACTTAAGTAGAG-1-1,TP53_EZH2_CALR_mut
CAGCTAGAGTCTTGCAAAGTAGAG-1-1,TP53_CALR_het
CAGCTAGAGTTTCGGCAAGTAGAG-1-1,
CAGCTGGCAAAGGGATAAGTAGAG-1-1,TP53_EZH2_CALR_mut
CAGCTGGCAACCGTAAAAGTAGAG-1-1,
CAGCTGGCAAGATAAGAAGTAGAG-1-1,
CAGCTGGCACAATAGTAAGTAGAG-1-1,
CAGCTGGCACAATGGCAAGTAGAG-1-1,TP53_CALR_het
CAGCTGGCACCTATCGAAGTAGAG-1-1,TP53_CALR_het
CAGCTGGCAGCCATTTAAGTAGAG-1-1,
CAGCTGGCAGGCTGTGAAGTAGAG-1-1,TP53_CALR_het
CAGCTGGCAGGGATGAAAGTAGAG-1-1,TP53_CALR_het
CAGCTGGCATAGTCAGAAGTAGAG-1-1,TP53_EZH2_CALR_mut
CAGCTGGCATTCCTTTAAGTAGAG-1-1,
CAGGAAGCAACAAGCCAAGTAGAG-1-1,
CAGGAAGCACATAAGTAAGTAGAG-1-1,TP53_EZH2_CALR_mut
CAGGAAGCACCTTCTCAAGTAGAG-1-1,TP53_CALR_het
CAGGAAGCAGACTCAAAAGTAGAG-1-1,TP53_EZH2_CALR_mut
CAGGATAGTACCGCACAAGTAGAG-1-1,TP53_CALR_het
CAGGATAGTCCGCTAAAAGTAGAG-1-1,
CAGGATAGTCGCAACCAAGTAGAG-1-1,
CAGGATAGTGACCTATAAGTAGAG-1-1,TP53_CALR_het
CAGGATAGTGCTGCACAAGTAGAG-1-1,
CAGGATAGTTCACCAGAAGTAGAG-1-1,
CAGGATAGTTTGCTCCAAGTAGAG-1-1,
CAGGATCCAACCGGATAAGTAGAG-1-1,ZRSR2_CALR_mut
CAGGATCCACGGTCGAAAGTAGAG-1-1,TP53_EZH2_CALR_mut
CAGGATCCACTTTATGAAGTAGAG-1-1,
CAGGATCCAGCACCTCAAGTAGAG-1-1,TP53_EZH2_CALR_mut
CAGGATCCATCATAGGAAGTAGAG-1-1,
CAGGATCCATTGAGATAAGTAGAG-1-1,
CAGGATTAGACCATTTAAGTAGAG-1-1,
CAGGATTAGCCATAAAAAGTAGAG-1-1,TP53_CALR_het
CAGGATTAGCGAATACAAGTAGAG-1-1,
CAGGATTAGCTATTACAAGTAGAG-1-1,ZRSR2_CALR_mut
CAGGATTAGGCCATTCAAGTAGAG-1-1,ZRSR2_CALR_mut
CAGGATTAGGTTATGAAAGTAGAG-1-1,ZRSR2_CALR_mut
CAGGATTAGTCCTGCGAAGTAGAG-1-1,TP53_CALR_het
CAGGCGAGTACAAAGTAAGTAGAG-1-1,
CAGGCGAGTAGCTATCAAGTAGAG-1-1,TP53_CALR_het
CAGGCGAGTCGCAACCAAGTAGAG-1-1,
CAGGCGAGTCGTTCGAAAGTAGAG-1-1,
CAGGCGAGTTCAAGCTAAGTAGAG-1-1,
CAGGCGAGTTGGATGAAAGTAGAG-1-1,ZRSR2_CALR_mut
CAGGCGAGTTTGGCCAAAGTAGAG-1-1,TP53_CALR_het
CAGGCTAAGACTTAAGAAGTAGAG-1-1,TP53_CALR_het
CAGGCTAAGCAAATCAAAGTAGAG-1-1,
CAGGCTAAGCAACATAAAGTAGAG-1-1,TP53_CALR_het
CAGGCTAAGCTGATGGAAGTAGAG-1-1,TP53_CALR_het
CAGGCTAAGGGTTGCAAAGTAGAG-1-1,TP53_CALR_het
CAGGCTAAGTAAGCACAAGTAGAG-1-1,TP53_CALR_het
CAGGCTAAGTCTACCAAAGTAGAG-1-1,TP53_CALR_het
CAGGCTAAGTGTCCACAAGTAGAG-1-1,
CAGGGCAGTAATGCCTAAGTAGAG-1-1,TP53_CALR_het
CAGGGCAGTATTCAGCAAGTAGAG-1-1,
CAGGGCAGTCATGAAGAAGTAGAG-1-1,
CAGGGCAGTCGTTGCAAAGTAGAG-1-1,
CAGGGCAGTGCACAAAAAGTAGAG-1-1,TP53_CALR_het
CAGGGCAGTGTCCTTCAAGTAGAG-1-1,TP53_CALR_het
CAGGGCAGTTAGTGGAAAGTAGAG-1-1,TP53_CALR_het
CAGGGCAGTTGCGCTAAAGTAGAG-1-1,
CAGGTAAGTATTGGGAAAGTAGAG-1-1,TP53_CALR_het
CAGGTAAGTCGCAATTAAGTAGAG-1-1,
CAGGTAAGTTAGTGGAAAGTAGAG-1-1,TP53_CALR_het
CAGGTAAGTTGTCCAGAAGTAGAG-1-1,TP53_EZH2_CALR_mut
CAGGTAAGTTTGGGCCAAGTAGAG-1-1,
CAGGTATAGACTCAAAAAGTAGAG-1-1,ZRSR2_CALR_mut
CAGGTATAGCTTCCTTAAGTAGAG-1-1,TP53_EZH2_CALR_mut
CAGGTATAGGAAACCTAAGTAGAG-1-1,
CAGGTATAGGCAAGCCAAGTAGAG-1-1,
CAGGTATAGTCACACCAAGTAGAG-1-1,
CAGGTATAGTCATTCGAAGTAGAG-1-1,TP53_CALR_het
CAGGTATAGTTTGCATAAGTAGAG-1-1,
CAGGTCAAGAAGTAGGAAGTAGAG-1-1,
CAGGTCAAGACCTTGCAAGTAGAG-1-1,TP53_EZH2_CALR_mut
CAGGTCAAGACTTAAGAAGTAGAG-1-1,TP53_EZH2_CALR_mut
CAGGTCAAGAGCAATCAAGTAGAG-1-1,TP53_CALR_het
CAGGTCAAGCCATAAAAAGTAGAG-1-1,
CAGGTCAAGCGCGAACAAGTAGAG-1-1,
CAGGTCAAGGCGCGATAAGTAGAG-1-1,
CAGGTCAAGGGTTTCCAAGTAGAG-1-1,
CAGGTCAAGGTGCACAAAGTAGAG-1-1,ZRSR2_CALR_mut
CAGGTCAAGTCTTGCAAAGTAGAG-1-1,
CAGGTCAAGTGAGGAAAAGTAGAG-1-1,TP53_CALR_het
CAGGTCAAGTTACAGAAAGTAGAG-1-1,
CAGGTTACAATAGCTGAAGTAGAG-1-1,
CAGGTTACACCTAAGAAAGTAGAG-1-1,
CAGGTTACACGTTACTAAGTAGAG-1-1,
CAGGTTACAGAAAGGTAAGTAGAG-1-1,
CAGGTTACAGCAAGCTAAGTAGAG-1-1,TP53_CALR_het
CAGGTTACAGCCTGAGAAGTAGAG-1-1,
CAGGTTACATAGACCAAAGTAGAG-1-1,
CAGGTTACATCAAGCAAAGTAGAG-1-1,
CAGGTTACATCGTTCGAAGTAGAG-1-1,
CAGGTTACATGAAGCCAAGTAGAG-1-1,
CAGGTTACATTACTCAAAGTAGAG-1-1,
CAGGTTCTCAGGGATTAAGTAGAG-1-1,TP53_EZH2_CALR_mut
CAGGTTCTCATAGGCGAAGTAGAG-1-1,TP53_CALR_het
CAGGTTCTCCATTAACAAGTAGAG-1-1,TP53_CALR_het
CAGGTTCTCCCGTTGGAAGTAGAG-1-1,
CAGGTTCTCCGCCACAAAGTAGAG-1-1,
CAGGTTCTCCTCACGGAAGTAGAG-1-1,
CAGGTTCTCCTGGTTAAAGTAGAG-1-1,
CAGGTTCTCGACTTGCAAGTAGAG-1-1,TP53_EZH2_CALR_mut
CAGGTTCTCGCAACGAAAGTAGAG-1-1,
CAGGTTCTCGCGTTACAAGTAGAG-1-1,
CAGGTTCTCTTCAAGTAAGTAGAG-1-1,ZRSR2_CALR_mut
CAGGTTGAGAAGGTTCAAGTAGAG-1-1,TP53_EZH2_CALR_mut
CAGGTTGAGACTCAAAAAGTAGAG-1-1,
CAGGTTGAGCAACTTTAAGTAGAG-1-1,
CAGGTTGAGCAGGCTAAAGTAGAG-1-1,
CAGGTTGAGCCTGGTTAAGTAGAG-1-1,ZRSR2_CALR_mut
CAGGTTGAGGCGCAACAAGTAGAG-1-1,TP53_CALR_het
CAGGTTGAGGCGCGATAAGTAGAG-1-1,TP53_EZH2_CALR_mut
CAGGTTGAGGCTAGATAAGTAGAG-1-1,
CAGGTTGAGGTGAGCCAAGTAGAG-1-1,TP53_EZH2_CALR_mut
CAGGTTGAGTAAGTGCAAGTAGAG-1-1,
CAGGTTGAGTTATGGAAAGTAGAG-1-1,TP53_CALR_het
CAGGTTTGTAAAGCGCAAGTAGAG-1-1,
CAGGTTTGTACGTCCAAAGTAGAG-1-1,
CAGGTTTGTACTTAGCAAGTAGAG-1-1,
CAGGTTTGTAGGTGACAAGTAGAG-1-1,TP53_CALR_het
CAGGTTTGTATGTTTGAAGTAGAG-1-1,TP53_CALR_het
CAGGTTTGTATTGTCAAAGTAGAG-1-1,TP53_EZH2_CALR_mut
CAGGTTTGTCACCAGCAAGTAGAG-1-1,TP53_CALR_het
CAGGTTTGTCGAAGTAAAGTAGAG-1-1,
CAGGTTTGTGAATCTCAAGTAGAG-1-1,TP53_CALR_het
CAGGTTTGTTAACGAGAAGTAGAG-1-1,ZRSR2_CALR_mut
CAGGTTTGTTAGGTGAAAGTAGAG-1-1,TP53_CALR_het
CAGGTTTGTTTATGGCAAGTAGAG-1-1,
CAGGTTTGTTTCCAAAAAGTAGAG-1-1,TP53_CALR_het
CAGGTTTGTTTGTCAAAAGTAGAG-1-1,
CAGTATTTCAATCCTGAAGTAGAG-1-1,TP53_CALR_het
CAGTATTTCACAGATAAAGTAGAG-1-1,
CAGTATTTCCAGATAAAAGTAGAG-1-1,TP53_CALR_het
CAGTATTTCCATAGAAAAGTAGAG-1-1,TP53_CALR_het
CAGTATTTCCATCCTTAAGTAGAG-1-1,
CAGTATTTCCTTTGTCAAGTAGAG-1-1,
CAGTATTTCGAAGTTAAAGTAGAG-1-1,
CAGTATTTCGGTAATAAAGTAGAG-1-1,TP53_CALR_het
CAGTATTTCTCGCCTCAAGTAGAG-1-1,
CAGTGAAGTAAACTGGAAGTAGAG-1-1,
CAGTGAAGTAGACTGAAAGTAGAG-1-1,TP53_EZH2_CALR_mut
CAGTGAAGTAGCGGATAAGTAGAG-1-1,
CAGTGAAGTCAACAAGAAGTAGAG-1-1,
CAGTGAAGTCAATTGCAAGTAGAG-1-1,ZRSR2_CALR_mut
CAGTGAAGTGACCTGCAAGTAGAG-1-1,
CAGTGAAGTGGTGAGTAAGTAGAG-1-1,TP53_CALR_het
CAGTGAAGTGTCCAGCAAGTAGAG-1-1,
CAGTGAAGTGTGACCCAAGTAGAG-1-1,
CAGTGAAGTTAGGCGGAAGTAGAG-1-1,TP53_CALR_het
CAGTGAAGTTCATTAGAAGTAGAG-1-1,
CAGTGAGTCAGCGGGTAAGTAGAG-1-1,TP53_CALR_het
CAGTGAGTCATGGAACAAGTAGAG-1-1,
CAGTGAGTCCAAATAGAAGTAGAG-1-1,TP53_CALR_het
CAGTGAGTCCAATTACAAGTAGAG-1-1,TP53_EZH2_CALR_mut
CAGTGAGTCGCGGAACAAGTAGAG-1-1,
CAGTGAGTCGCGTTCGAAGTAGAG-1-1,
CAGTGAGTCGCTATATAAGTAGAG-1-1,TP53_EZH2_CALR_mut
CAGTGAGTCGCTTGACAAGTAGAG-1-1,TP53_EZH2_CALR_mut
CAGTGTGAGAATGGCTAAGTAGAG-1-1,ZRSR2_CALR_mut
CAGTGTGAGACATAGCAAGTAGAG-1-1,TP53_CALR_het
CAGTGTGAGAGGCGGAAAGTAGAG-1-1,TP53_CALR_het
CAGTGTGAGATTCATCAAGTAGAG-1-1,TP53_EZH2_CALR_mut
CAGTGTGAGCGAATACAAGTAGAG-1-1,
CAGTGTGAGCGCTTACAAGTAGAG-1-1,TP53_CALR_het
CAGTGTGAGGGCACTAAAGTAGAG-1-1,
CAGTGTGAGGTGAGAAAAGTAGAG-1-1,
CAGTGTGAGTGTGAGTAAGTAGAG-1-1,
CAGTGTGAGTTGGCCTAAGTAGAG-1-1,
CAGTTAAAGAAGGTTCAAGTAGAG-1-1,
CAGTTAAAGCATCTTGAAGTAGAG-1-1,
CAGTTAAAGCCATCGTAAGTAGAG-1-1,
CAGTTAAAGCGCAAGCAAGTAGAG-1-1,TP53_CALR_het
CAGTTAAAGGATCCAGAAGTAGAG-1-1,
CAGTTAAAGGCCTCTGAAGTAGAG-1-1,
CAGTTAAAGGTTGCTCAAGTAGAG-1-1,TP53_EZH2_CALR_mut
CAGTTAAAGTTAACAGAAGTAGAG-1-1,TP53_CALR_het
CAGTTAAAGTTGACGGAAGTAGAG-1-1,TP53_EZH2_CALR_mut
CATAAACCAAGCTAATAAGTAGAG-1-1,
CATAAACCACAACAATAAGTAGAG-1-1,
CATAAACCACATACCTAAGTAGAG-1-1,
CATAAACCACCAGCCTAAGTAGAG-1-1,TP53_CALR_het
CATAAACCACCAGCTCAAGTAGAG-1-1,TP53_EZH2_CALR_mut
CATAAACCACGTTACTAAGTAGAG-1-1,
CATAAACCAGATAGCCAAGTAGAG-1-1,
CATAAACCATCCGCTAAAGTAGAG-1-1,TP53_CALR_het
CATAAACCATTTATCGAAGTAGAG-1-1,
CATAATCTCAGGGATTAAGTAGAG-1-1,
CATAATCTCCATCCGGAAGTAGAG-1-1,TP53_CALR_het
CATAATCTCGGGCAACAAGTAGAG-1-1,
CATAATGAGAAGGTCTAAGTAGAG-1-1,
CATAATGAGCACTAGGAAGTAGAG-1-1,
CATAATGAGCCGCTATAAGTAGAG-1-1,
CATAATGAGCCTATATAAGTAGAG-1-1,TP53_CALR_het
CATAATGAGGACAAAGAAGTAGAG-1-1,
CATAATGAGGTTATCTAAGTAGAG-1-1,TP53_EZH2_CALR_mut
CATAATGAGGTTCCGTAAGTAGAG-1-1,TP53_CALR_het
CATACCGGTACTTACAAAGTAGAG-1-1,TP53_CALR_het
CATACCGGTACTTCCCAAGTAGAG-1-1,ZRSR2_CALR_mut
CATACCGGTCAAAGATAAGTAGAG-1-1,TP53_CALR_het
CATACCGGTGACATTCAAGTAGAG-1-1,
CATACCGGTTAAGGATAAGTAGAG-1-1,TP53_EZH2_CALR_mut
CATACCGGTTAAGGCAAAGTAGAG-1-1,
CATACCGGTTATGTGCAAGTAGAG-1-1,TP53_EZH2_CALR_mut
CATACCGGTTGCCTGAAAGTAGAG-1-1,
CATACTTAGACAAAGGAAGTAGAG-1-1,TP53_CALR_het
CATACTTAGAGGATGAAAGTAGAG-1-1,
CATACTTAGCAACATAAAGTAGAG-1-1,
CATACTTAGCATTTCGAAGTAGAG-1-1,TP53_CALR_het
CATACTTAGCCACTCGAAGTAGAG-1-1,ZRSR2_CALR_mut
CATACTTAGCCTGCCAAAGTAGAG-1-1,
CATACTTAGGATGCATAAGTAGAG-1-1,
CATACTTAGTCATCATAAGTAGAG-1-1,
CATACTTAGTCCTGCGAAGTAGAG-1-1,
CATACTTAGTCGCGAAAAGTAGAG-1-1,TP53_CALR_het
CATACTTAGTGATTTCAAGTAGAG-1-1,TP53_CALR_het
CATACTTAGTGTTTGTAAGTAGAG-1-1,TP53_CALR_het
CATAGAGGTATTGACCAAGTAGAG-1-1,TP53_CALR_het
CATAGAGGTTGCGAAAAAGTAGAG-1-1,
CATAGAGGTTTCCAAAAAGTAGAG-1-1,
CATAGCCTCACCACACAAGTAGAG-1-1,
CATAGCCTCATCACATAAGTAGAG-1-1,
CATAGCCTCATCGATTAAGTAGAG-1-1,
CATAGCCTCCATTAACAAGTAGAG-1-1,
CATAGCCTCCTCTAAGAAGTAGAG-1-1,
CATAGCCTCGAAGTTAAAGTAGAG-1-1,
CATAGCCTCGCTCAGTAAGTAGAG-1-1,
CATAGCCTCGGGCAACAAGTAGAG-1-1,
CATAGCCTCGTTGCACAAGTAGAG-1-1,
CATAGCGAGAAGTACCAAGTAGAG-1-1,
CATAGCGAGCACGTTCAAGTAGAG-1-1,TP53_CALR_het
CATAGCGAGCACTAGGAAGTAGAG-1-1,
CATAGCGAGCAGGTCAAAGTAGAG-1-1,
CATAGCGAGCGAGGGAAAGTAGAG-1-1,ZRSR2_CALR_mut
CATAGCGAGCTAAGTAAAGTAGAG-1-1,TP53_EZH2_CALR_mut
CATAGCGAGGACAAAGAAGTAGAG-1-1,ZRSR2_CALR_mut
CATAGCGAGGCGAGAGAAGTAGAG-1-1,
CATAGCGAGGCGGATCAAGTAGAG-1-1,
CATAGCGAGGGCGGTTAAGTAGAG-1-1,TP53_CALR_het
CATAGCGAGTGATGGTAAGTAGAG-1-1,
CATAGCGAGTGTGAGTAAGTAGAG-1-1,TP53_CALR_het
CATAGCGAGTTATTGCAAGTAGAG-1-1,TP53_EZH2_CALR_mut
CATAGCGAGTTGCGGAAAGTAGAG-1-1,TP53_EZH2_CALR_het
CATAGCGAGTTTCACGAAGTAGAG-1-1,
CATAGCTGTCCGGTACAAGTAGAG-1-1,
CATAGCTGTCCGTGACAAGTAGAG-1-1,
CATAGCTGTGAACGACAAGTAGAG-1-1,TP53_CALR_het
CATAGCTGTTGGATAGAAGTAGAG-1-1,ZRSR2_CALR_mut
CATAGGCCAAGCTAATAAGTAGAG-1-1,TP53_CALR_het
CATAGGCCACGTAAATAAGTAGAG-1-1,TP53_CALR_het
CATAGGCCACTGACAAAAGTAGAG-1-1,TP53_EZH2_CALR_mut
CATAGGCCATAGCGACAAGTAGAG-1-1,TP53_CALR_het
CATAGGCCATATTTCGAAGTAGAG-1-1,ZRSR2_CALR_mut
CATAGGCCATTAGCGAAAGTAGAG-1-1,
CATAGGGTCACATTCGAAGTAGAG-1-1,TP53_EZH2_CALR_mut
CATAGGGTCCGCCCAAAAGTAGAG-1-1,TP53_EZH2_CALR_mut
CATAGGGTCCTAAATCAAGTAGAG-1-1,TP53_CALR_het
CATAGGGTCCTTTGTCAAGTAGAG-1-1,
CATAGGGTCGACTTGCAAGTAGAG-1-1,
CATAGGGTCGATATTCAAGTAGAG-1-1,TP53_EZH2_CALR_mut
CATAGGGTCGCTATATAAGTAGAG-1-1,TP53_EZH2_CALR_mut
CATAGGGTCGGGCAGTAAGTAGAG-1-1,TP53_CALR_het
CATAGGGTCTCACCTTAAGTAGAG-1-1,TP53_CALR_het
CATAGGGTCTTGATCGAAGTAGAG-1-1,
CATAGGTAGACAACACAAGTAGAG-1-1,
CATAGGTAGCACGTTCAAGTAGAG-1-1,
CATAGGTAGCGAATACAAGTAGAG-1-1,TP53_CALR_het
CATAGGTAGCGAATCGAAGTAGAG-1-1,TP53_CALR_het
CATAGGTAGCGTGCTTAAGTAGAG-1-1,
CATAGGTAGCTCAACCAAGTAGAG-1-1,
CATAGGTAGGACAAAGAAGTAGAG-1-1,TP53_EZH2_CALR_mut
CATAGGTAGGAGGCCTAAGTAGAG-1-1,
CATAGGTAGGTATGGTAAGTAGAG-1-1,TP53_CALR_het
CATAGGTAGGTTCGAGAAGTAGAG-1-1,
CATAGGTAGTCATCATAAGTAGAG-1-1,
CATAGGTAGTCGCGAAAAGTAGAG-1-1,ZRSR2_CALR_mut
CATAGGTAGTGATTAGAAGTAGAG-1-1,ZRSR2_CALR_mut
CATAGGTAGTGCTGAGAAGTAGAG-1-1,TP53_CALR_het
CATAGGTAGTTACAGAAAGTAGAG-1-1,TP53_EZH2_CALR_mut
CATATTCAGAAGTAGGAAGTAGAG-1-1,TP53_CALR_het
CATATTCAGACTAATGAAGTAGAG-1-1,
CATATTCAGCAAGTTAAAGTAGAG-1-1,
CATATTCAGCCTAGTCAAGTAGAG-1-1,
CATATTCAGCGCAAGCAAGTAGAG-1-1,
CATATTCAGGCTTAGGAAGTAGAG-1-1,TP53_CALR_het
CATATTCAGGTAGTTAAAGTAGAG-1-1,
CATATTCAGTGAGGAAAAGTAGAG-1-1,TP53_CALR_het
CATATTGGTATGGGACAAGTAGAG-1-1,
CATATTGGTATTTCGAAAGTAGAG-1-1,TP53_CALR_het
CATATTGGTCATGATCAAGTAGAG-1-1,
CATATTGGTCTCAGCAAAGTAGAG-1-1,
CATATTGGTGGACACGAAGTAGAG-1-1,TP53_CALR_het
CATATTGGTGTTTGCGAAGTAGAG-1-1,ZRSR2_CALR_mut
CATATTGGTTGGTTTAAAGTAGAG-1-1,
CATCAAGCACACTGGGAAGTAGAG-1-1,ZRSR2_CALR_mut
CATCAAGCACATAGTGAAGTAGAG-1-1,TP53_CALR_het
CATCAAGCACTCAAAGAAGTAGAG-1-1,TP53_EZH2_CALR_mut
CATCAAGCATGCGCCTAAGTAGAG-1-1,TP53_CALR_het
CATCAAGCATTCGGTTAAGTAGAG-1-1,TP53_EZH2_CALR_mut
CATCAATTCAAGGTGTAAGTAGAG-1-1,
CATCAATTCAGCGAATAAGTAGAG-1-1,
CATCAATTCAGGTTGGAAGTAGAG-1-1,TP53_CALR_het
CATCAATTCCATAAAGAAGTAGAG-1-1,
CATCAATTCGACTTTGAAGTAGAG-1-1,
CATCAATTCGGTACAGAAGTAGAG-1-1,
CATCAATTCTGGCCCAAAGTAGAG-1-1,TP53_CALR_het
CATCATGTCACAACAAAAGTAGAG-1-1,
CATCATGTCAGCACCTAAGTAGAG-1-1,
CATCATGTCATCCCAAAAGTAGAG-1-1,TP53_CALR_het
CATCATGTCCACTAATAAGTAGAG-1-1,
CATCATGTCCAGCTACAAGTAGAG-1-1,TP53_EZH2_CALR_mut
CATCATGTCCAGGAATAAGTAGAG-1-1,
CATCATGTCCTGAGGAAAGTAGAG-1-1,ZRSR2_CALR_mut
CATCATGTCGCGAAATAAGTAGAG-1-1,TP53_CALR_het
CATCATGTCGTTCGTAAAGTAGAG-1-1,
CATCATGTCTTGAATCAAGTAGAG-1-1,
CATCCTGCAACGACTAAAGTAGAG-1-1,
CATCCTGCAAGTTGCAAAGTAGAG-1-1,TP53_EZH2_CALR_mut
CATCCTGCAAGTTTCCAAGTAGAG-1-1,
CATCCTGCAATACCCTAAGTAGAG-1-1,
CATCCTGCACGATTAGAAGTAGAG-1-1,TP53_CALR_het
CATCCTGCATAGCGCGAAGTAGAG-1-1,
CATCCTGCATAGTCAGAAGTAGAG-1-1,
CATCCTGCATATGGTGAAGTAGAG-1-1,TP53_CALR_het
CATCCTTTCACTCGCGAAGTAGAG-1-1,TP53_CALR_het
CATCCTTTCATCGATTAAGTAGAG-1-1,
CATCCTTTCATGAGGTAAGTAGAG-1-1,TP53_EZH2_CALR_mut
CATCCTTTCATGCGGAAAGTAGAG-1-1,
CATCCTTTCCAACAGGAAGTAGAG-1-1,TP53_EZH2_CALR_het
CATCCTTTCGATATTCAAGTAGAG-1-1,TP53_CALR_het
CATCCTTTCGATTCTGAAGTAGAG-1-1,
CATCCTTTCGCAGGACAAGTAGAG-1-1,
CATCCTTTCGCGGATAAAGTAGAG-1-1,TP53_CALR_het
CATCCTTTCTAACCATAAGTAGAG-1-1,
CATCCTTTCTAATGAGAAGTAGAG-1-1,
CATCCTTTCTCACAATAAGTAGAG-1-1,TP53_CALR_het
CATCCTTTCTCCATCTAAGTAGAG-1-1,TP53_EZH2_CALR_mut
CATCGGTTCACCTGTAAAGTAGAG-1-1,
CATCGGTTCATTAGCTAAGTAGAG-1-1,TP53_CALR_het
CATCGGTTCCGGACAAAAGTAGAG-1-1,TP53_CALR_het
CATCGGTTCCTTTGGAAAGTAGAG-1-1,ZRSR2_CALR_mut
CATCGGTTCGTGATGGAAGTAGAG-1-1,
CATCTTGAGATAGCCGAAGTAGAG-1-1,ZRSR2_CALR_mut
CATCTTGAGATTGCAAAAGTAGAG-1-1,
CATCTTGAGGCGATATAAGTAGAG-1-1,
CATCTTGAGGGCGGTTAAGTAGAG-1-1,
CATCTTGAGGTAATGCAAGTAGAG-1-1,TP53_CALR_het
CATCTTGAGGTGTCCTAAGTAGAG-1-1,TP53_EZH2_CALR_mut
CATCTTGAGTACGGGCAAGTAGAG-1-1,TP53_EZH2_CALR_mut
CATCTTGAGTAGCCTCAAGTAGAG-1-1,TP53_EZH2_CALR_mut
CATCTTGAGTTTCGGCAAGTAGAG-1-1,TP53_CALR_het
CATGAAGGTGTTAGTCAAGTAGAG-1-1,
CATGAAGGTTCATTGAAAGTAGAG-1-1,
CATGAAGGTTGGATGAAAGTAGAG-1-1,
CATGAAGGTTGTTTAGAAGTAGAG-1-1,TP53_CALR_het
CATGAAGGTTGTTTGAAAGTAGAG-1-1,TP53_CALR_het
CATGAAGGTTTGCATAAAGTAGAG-1-1,TP53_EZH2_CALR_mut
CATGAGGTCAGCGGGTAAGTAGAG-1-1,TP53_EZH2_CALR_mut
CATGAGGTCATAGGTAAAGTAGAG-1-1,TP53_CALR_het
CATGAGGTCCCAGACTAAGTAGAG-1-1,TP53_EZH2_CALR_mut
CATGAGGTCCTTTGAGAAGTAGAG-1-1,
CATGAGGTCCTTTGTCAAGTAGAG-1-1,TP53_CALR_het
CATGAGGTCTGTGATTAAGTAGAG-1-1,TP53_EZH2_CALR_mut
CATGCCAGTACCGCACAAGTAGAG-1-1,TP53_CALR_het
CATGCCAGTCAGTGCCAAGTAGAG-1-1,TP53_EZH2_CALR_mut
CATGCCAGTCCTTATTAAGTAGAG-1-1,TP53_CALR_het
CATGCCAGTCGTTATAAAGTAGAG-1-1,
CATGCCAGTCTGTCAGAAGTAGAG-1-1,
CATGCCAGTGCTGATTAAGTAGAG-1-1,ZRSR2_CALR_mut
CATGCCAGTGGATGCGAAGTAGAG-1-1,
CATGCCAGTGTGAGTAAAGTAGAG-1-1,
CATGCTCAGACTAACAAAGTAGAG-1-1,
CATGCTCAGACTAATGAAGTAGAG-1-1,
CATGCTCAGCCATAAAAAGTAGAG-1-1,TP53_CALR_het
CATGCTCAGCGAGTTGAAGTAGAG-1-1,
CATGCTCAGGAAACCTAAGTAGAG-1-1,
CATGCTCAGGAAGCAAAAGTAGAG-1-1,
CATGCTCAGGTCGAGCAAGTAGAG-1-1,
CATGCTCAGTCAATAGAAGTAGAG-1-1,TP53_CALR_het
CATGCTGGTATCCGCAAAGTAGAG-1-1,TP53_CALR_het
CATGCTGGTCAAAGATAAGTAGAG-1-1,
CATGCTGGTTCAAGGAAAGTAGAG-1-1,TP53_CALR_het
CATGCTGGTTGGTTTAAAGTAGAG-1-1,
CATGCTGGTTTCCACCAAGTAGAG-1-1,TP53_CALR_het
CATGCTGGTTTGTTGAAAGTAGAG-1-1,TP53_CALR_het
CATGCTTCAATACCCTAAGTAGAG-1-1,TP53_EZH2_CALR_mut
CATGCTTCAATAGAGAAAGTAGAG-1-1,TP53_EZH2_CALR_mut
CATGCTTCACTAGTAGAAGTAGAG-1-1,
CATGCTTCAGCAATTGAAGTAGAG-1-1,
CATGCTTCAGCCTATTAAGTAGAG-1-1,TP53_CALR_het
CATGCTTCAGGATCCGAAGTAGAG-1-1,
CATGCTTCATACTGAGAAGTAGAG-1-1,
CATGCTTCATTGTGTCAAGTAGAG-1-1,TP53_CALR_het
CATGGTTGTAACGGGTAAGTAGAG-1-1,
CATGGTTGTAATCCTAAAGTAGAG-1-1,
CATGGTTGTACCGCACAAGTAGAG-1-1,ZRSR2_CALR_mut
CATGGTTGTAGCGGATAAGTAGAG-1-1,
CATGGTTGTCCTCCATAAGTAGAG-1-1,TP53_CALR_het
CATGGTTGTGTAATGGAAGTAGAG-1-1,TP53_EZH2_CALR_mut
CATGTTGTCAAAGGGAAAGTAGAG-1-1,
CATGTTGTCAACCGCTAAGTAGAG-1-1,
CATGTTGTCACACAAAAAGTAGAG-1-1,
CATGTTGTCAGCACAGAAGTAGAG-1-1,
CATGTTGTCAGGTAGTAAGTAGAG-1-1,TP53_EZH2_CALR_mut
CATGTTGTCGCAGCAAAAGTAGAG-1-1,
CATGTTGTCGGTAACGAAGTAGAG-1-1,
CATGTTGTCGTAACTTAAGTAGAG-1-1,
CATGTTGTCGTTGCACAAGTAGAG-1-1,TP53_CALR_het
CATGTTGTCTCAGCACAAGTAGAG-1-1,
CATGTTGTCTCGCCTCAAGTAGAG-1-1,
CATTACGTCCAAACAAAAGTAGAG-1-1,
CATTACGTCCTGGAAGAAGTAGAG-1-1,TP53_EZH2_CALR_mut
CATTACGTCGGTAATAAAGTAGAG-1-1,
CATTACGTCTGTGATTAAGTAGAG-1-1,
CATTACGTCTTTAGCGAAGTAGAG-1-1,
CATTAGCGTACTTCCCAAGTAGAG-1-1,TP53_EZH2_CALR_mut
CATTAGCGTATGGTGAAAGTAGAG-1-1,
CATTAGCGTCACAGGGAAGTAGAG-1-1,TP53_CALR_het
CATTAGCGTCCTTATTAAGTAGAG-1-1,TP53_EZH2_CALR_mut
CATTAGCGTCGAATCTAAGTAGAG-1-1,TP53_EZH2_CALR_mut
CATTAGCGTCGAGGCAAAGTAGAG-1-1,
CATTAGCGTCTACCAGAAGTAGAG-1-1,
CATTAGCGTTAACGAGAAGTAGAG-1-1,
CATTAGCGTTTCAGGTAAGTAGAG-1-1,
CATTAGGCAACATGATAAGTAGAG-1-1,
CATTAGGCAACTTGTCAAGTAGAG-1-1,TP53_EZH2_CALR_mut
CATTAGGCACCTTCAGAAGTAGAG-1-1,
CATTAGGCACGGGCTAAAGTAGAG-1-1,
CATTAGGCACTAACAGAAGTAGAG-1-1,TP53_EZH2_CALR_mut
CATTAGGCAGCACTAAAAGTAGAG-1-1,
CATTAGGCAGCCTGAGAAGTAGAG-1-1,TP53_EZH2_CALR_mut
CATTAGGCAGGCTATAAAGTAGAG-1-1,ZRSR2_CALR_mut
CATTATGGTACTTAGCAAGTAGAG-1-1,
CATTATGGTCAACATCAAGTAGAG-1-1,
CATTATGGTCAATCGTAAGTAGAG-1-1,
CATTATGGTCACTAGTAAGTAGAG-1-1,ZRSR2_CALR_mut
CATTATGGTGTGGCTCAAGTAGAG-1-1,
CATTATGGTTAACGTCAAGTAGAG-1-1,TP53_CALR_het
CATTCCTTCAAAGGGAAAGTAGAG-1-1,TP53_CALR_het
CATTCCTTCACAAACAAAGTAGAG-1-1,TP53_CALR_het
CATTCCTTCAGGCATGAAGTAGAG-1-1,TP53_EZH2_CALR_mut
CATTCCTTCAGGTTGGAAGTAGAG-1-1,
CATTCCTTCCATCCAAAAGTAGAG-1-1,
CATTCCTTCCCGCTGAAAGTAGAG-1-1,ZRSR2_CALR_mut
CATTCCTTCGCAACGAAAGTAGAG-1-1,ZRSR2_CALR_mut
CATTCCTTCGCGAAATAAGTAGAG-1-1,
CATTCCTTCGCTCAACAAGTAGAG-1-1,TP53_CALR_het
CATTCCTTCGTGATGGAAGTAGAG-1-1,
CATTCCTTCGTTCGTAAAGTAGAG-1-1,ZRSR2_CALR_mut
CATTCGCAGATTCATCAAGTAGAG-1-1,
CATTCGCAGCGAAGAAAAGTAGAG-1-1,
CATTCGCAGCGCTACTAAGTAGAG-1-1,TP53_CALR_het
CATTCGCAGCTTGATTAAGTAGAG-1-1,
CATTCGCAGGATCCAGAAGTAGAG-1-1,
CATTCGCAGTACGGGCAAGTAGAG-1-1,
CATTCGCAGTCTATGTAAGTAGAG-1-1,
CATTCGCAGTTTGACTAAGTAGAG-1-1,
CATTGAAAGACTAACAAAGTAGAG-1-1,ZRSR2_CALR_mut
CATTGAAAGGATTATGAAGTAGAG-1-1,ZRSR2_CALR_mut
CATTGAAAGTCACTATAAGTAGAG-1-1,TP53_CALR_het
CATTGAAAGTGGACCAAAGTAGAG-1-1,
CATTGAAAGTTACAGAAAGTAGAG-1-1,
CATTGACGTACAAAGTAAGTAGAG-1-1,TP53_CALR_het
CATTGACGTATTACCAAAGTAGAG-1-1,TP53_CALR_het
CATTGACGTGAGAAGGAAGTAGAG-1-1,TP53_EZH2_CALR_mut
CATTGACGTTAGGTGAAAGTAGAG-1-1,TP53_CALR_het
CATTGACGTTAGTGCTAAGTAGAG-1-1,TP53_CALR_het
CATTGACGTTGGCCACAAGTAGAG-1-1,
CATTGACGTTGGCGAGAAGTAGAG-1-1,TP53_CALR_het
CATTGACGTTTGTAGCAAGTAGAG-1-1,
CATTGCGGTAACTAGGAAGTAGAG-1-1,
CATTGCGGTACACCCAAAGTAGAG-1-1,
CATTGCGGTAGTAGGCAAGTAGAG-1-1,
CATTGCGGTGTTAGCTAAGTAGAG-1-1,
CATTGCGGTTACTTCTAAGTAGAG-1-1,TP53_CALR_het
CATTGCGGTTAGGCTTAAGTAGAG-1-1,TP53_EZH2_CALR_het
CATTGCGGTTGCACTGAAGTAGAG-1-1,TP53_CALR_het
CATTGCGGTTGCCTGAAAGTAGAG-1-1,
CATTGTCCAACCTCGCAAGTAGAG-1-1,TP53_EZH2_CALR_mut
CATTGTCCATCCCAATAAGTAGAG-1-1,
CATTGTCCATTTGGCTAAGTAGAG-1-1,
CATTGTGTCAACCTATAAGTAGAG-1-1,TP53_CALR_het
CATTGTGTCACAGATAAAGTAGAG-1-1,TP53_CALR_het
CATTGTGTCACATTACAAGTAGAG-1-1,TP53_CALR_het
CATTGTGTCAGCCCTGAAGTAGAG-1-1,
CATTGTGTCAGCCTTAAAGTAGAG-1-1,TP53_CALR_het
CATTGTGTCAGGCCAAAAGTAGAG-1-1,TP53_EZH2_CALR_mut
CATTGTGTCCGCACCAAAGTAGAG-1-1,TP53_EZH2_CALR_mut
CATTTAGGTAAACTGGAAGTAGAG-1-1,TP53_CALR_het
CATTTAGGTAAATAGCAAGTAGAG-1-1,TP53_CALR_het
CATTTAGGTAGCTTTAAAGTAGAG-1-1,
CATTTAGGTGCTGAAAAAGTAGAG-1-1,
CATTTAGGTGTGAGGTAAGTAGAG-1-1,
CATTTCGAGAGCAAGAAAGTAGAG-1-1,TP53_EZH2_CALR_mut
CATTTCGAGAGGAGGTAAGTAGAG-1-1,
CATTTCGAGCCTGCCAAAGTAGAG-1-1,
CATTTCGAGCCTGGTTAAGTAGAG-1-1,ZRSR2_CALR_mut
CATTTCGAGCTATCCAAAGTAGAG-1-1,
CATTTCGAGGCACAATAAGTAGAG-1-1,
CATTTCGAGGCCTCTGAAGTAGAG-1-1,
CATTTCGAGGGCGGTTAAGTAGAG-1-1,TP53_CALR_het
CATTTCGAGGTATAGCAAGTAGAG-1-1,
CATTTCGAGTGAATCAAAGTAGAG-1-1,TP53_EZH2_CALR_mut
CATTTCGAGTGAGGAAAAGTAGAG-1-1,
CATTTCTGTACGAATGAAGTAGAG-1-1,
CATTTCTGTAGCCACCAAGTAGAG-1-1,
CATTTCTGTCATTTAGAAGTAGAG-1-1,
CATTTCTGTGTTAGAGAAGTAGAG-1-1,
CATTTCTGTTAAGCTCAAGTAGAG-1-1,
CATTTCTGTTACTCCCAAGTAGAG-1-1,
CATTTCTGTTCTTGAAAAGTAGAG-1-1,
CATTTCTGTTGTTGTAAAGTAGAG-1-1,TP53_CALR_het
CATTTGGTCACAGGATAAGTAGAG-1-1,
CATTTGGTCACGAACGAAGTAGAG-1-1,ZRSR2_CALR_mut
CATTTGGTCAGCACCTAAGTAGAG-1-1,TP53_EZH2_CALR_mut
CATTTGGTCATGGAACAAGTAGAG-1-1,TP53_EZH2_CALR_mut
CATTTGGTCCACAATTAAGTAGAG-1-1,ZRSR2_CALR_mut
CATTTGGTCCATCCTTAAGTAGAG-1-1,
CATTTGGTCCGCCACAAAGTAGAG-1-1,TP53_CALR_het
CATTTGGTCGGTACAGAAGTAGAG-1-1,
CATTTGGTCTATTCGGAAGTAGAG-1-1,ZRSR2_CALR_mut
CCAAACCTCAGGCCAAAAGTAGAG-1-1,
CCAAACCTCCGCTATAAAGTAGAG-1-1,TP53_CALR_het
CCAAACCTCGATTGGGAAGTAGAG-1-1,TP53_CALR_het
CCAAACCTCGGGACTAAAGTAGAG-1-1,TP53_CALR_het
CCAAACCTCGGTTATTAAGTAGAG-1-1,
CCAAACCTCTAAATCCAAGTAGAG-1-1,
CCAAACCTCTAAGTAGAAGTAGAG-1-1,
CCAAACTGTAAGGCTAAAGTAGAG-1-1,TP53_CALR_het
CCAAACTGTAATGGTGAAGTAGAG-1-1,
CCAAACTGTACTTATGAAGTAGAG-1-1,ZRSR2_CALR_mut
CCAAACTGTGCGGTTCAAGTAGAG-1-1,TP53_EZH2_CALR_mut
CCAAACTGTTAGGCTTAAGTAGAG-1-1,TP53_CALR_het
CCAAAGCCAAACCTGAAAGTAGAG-1-1,ZRSR2_CALR_mut
CCAAAGCCAACAGATTAAGTAGAG-1-1,TP53_CALR_het
CCAAAGCCAAGGTGTCAAGTAGAG-1-1,
CCAAAGCCAATCGTTCAAGTAGAG-1-1,
CCAAAGCCACTCAAAGAAGTAGAG-1-1,
CCAAAGCCAGAGAGCAAAGTAGAG-1-1,
CCAAAGCCAGATTGCAAAGTAGAG-1-1,
CCAAAGCCAGCCTTCAAAGTAGAG-1-1,
CCAAAGCCAGGAATAAAAGTAGAG-1-1,
CCAAAGCCATAGACGCAAGTAGAG-1-1,
CCAACCGTCAGGTTGGAAGTAGAG-1-1,TP53_CALR_het
CCAACCGTCATGGAACAAGTAGAG-1-1,TP53_CALR_het
CCAACCGTCGACTTTGAAGTAGAG-1-1,TP53_EZH2_CALR_mut
CCAACCGTCGCTCAGTAAGTAGAG-1-1,
CCAACCGTCGGTACAGAAGTAGAG-1-1,TP53_EZH2_CALR_mut
CCAACCGTCTCACCGGAAGTAGAG-1-1,TP53_CALR_het
CCAACCGTCTTCGCCCAAGTAGAG-1-1,TP53_EZH2_CALR_mut
CCAACTGGTAATGCCTAAGTAGAG-1-1,TP53_CALR_het
CCAACTGGTAATGCGAAAGTAGAG-1-1,
CCAACTGGTACCGTTGAAGTAGAG-1-1,
CCAACTGGTAGTAACGAAGTAGAG-1-1,TP53_CALR_het
CCAACTGGTCAGGATAAAGTAGAG-1-1,TP53_CALR_het
CCAACTGGTCCAATACAAGTAGAG-1-1,ZRSR2_CALR_mut
CCAACTGGTCCGTGACAAGTAGAG-1-1,ZRSR2_CALR_mut
CCAACTGGTGTCCAATAAGTAGAG-1-1,
CCAACTGGTGTGAGGTAAGTAGAG-1-1,
CCAACTGGTGTGAGTAAAGTAGAG-1-1,TP53_EZH2_CALR_mut
CCAACTGGTTGGATAGAAGTAGAG-1-1,
CCAAGACCAAAGACCCAAGTAGAG-1-1,TP53_CALR_het
CCAAGACCAAGGCTTAAAGTAGAG-1-1,
CCAAGACCACGTAAATAAGTAGAG-1-1,TP53_CALR_het
CCAAGACCACTTAACCAAGTAGAG-1-1,
CCAAGACCAGGGCTATAAGTAGAG-1-1,
CCAAGACCATAATGACAAGTAGAG-1-1,TP53_EZH2_CALR_mut
CCAAGACCATACTGAGAAGTAGAG-1-1,
CCAAGACCATCAAGCAAAGTAGAG-1-1,
CCAAGACCATCGATAGAAGTAGAG-1-1,
CCAAGACCATGCGGATAAGTAGAG-1-1,
CCAAGACCATGCTCCAAAGTAGAG-1-1,
CCAAGACCATTTGCTAAAGTAGAG-1-1,
CCAAGCTTCAACCTCAAAGTAGAG-1-1,
CCAAGCTTCAAGCGATAAGTAGAG-1-1,TP53_EZH2_CALR_mut
CCAAGCTTCACAAGCGAAGTAGAG-1-1,TP53_CALR_het
CCAAGCTTCACGGACAAAGTAGAG-1-1,
CCAAGCTTCAGTCTATAAGTAGAG-1-1,
CCAAGCTTCATGGATAAAGTAGAG-1-1,
CCAAGCTTCGCCTCGAAAGTAGAG-1-1,
CCAAGCTTCGGTACAGAAGTAGAG-1-1,TP53_CALR_het
CCAAGGATCAAGCGATAAGTAGAG-1-1,
CCAAGGATCACCAGGAAAGTAGAG-1-1,
CCAAGGATCACCCTGGAAGTAGAG-1-1,
CCAAGGATCACCTGTAAAGTAGAG-1-1,
CCAAGGATCACCTTTCAAGTAGAG-1-1,
CCAAGGATCAGCGGGTAAGTAGAG-1-1,
CCAAGGATCAGGTCGAAAGTAGAG-1-1,
CCAAGGATCTTTGGTGAAGTAGAG-1-1,
CCAAGTGAGACAGACTAAGTAGAG-1-1,
CCAAGTGAGAGCCGGTAAGTAGAG-1-1,TP53_EZH2_CALR_mut
CCAAGTGAGCATCTTGAAGTAGAG-1-1,TP53_CALR_het
CCAAGTGAGCGCGAACAAGTAGAG-1-1,TP53_EZH2_CALR_mut
CCAAGTGAGGACACGCAAGTAGAG-1-1,
CCAAGTGAGGATGAAGAAGTAGAG-1-1,TP53_CALR_het
CCAAGTGAGGATTAGCAAGTAGAG-1-1,TP53_EZH2_CALR_mut
CCAAGTGAGGTGCACAAAGTAGAG-1-1,
CCAAGTGAGTCCTGACAAGTAGAG-1-1,
CCAATACGTAATGGTGAAGTAGAG-1-1,
CCAATACGTATAGCGAAAGTAGAG-1-1,
CCAATACGTCAACTACAAGTAGAG-1-1,
CCAATACGTCCTGAGCAAGTAGAG-1-1,TP53_CALR_het
CCAATACGTCTTTATCAAGTAGAG-1-1,
CCAATACGTTGCGGCTAAGTAGAG-1-1,TP53_CALR_het
CCAATTAGTAGCCTTGAAGTAGAG-1-1,TP53_CALR_het
CCAATTAGTAGCGCGAAAGTAGAG-1-1,TP53_EZH2_CALR_mut
CCAATTAGTATTCGTAAAGTAGAG-1-1,
CCAATTAGTCAGGGCAAAGTAGAG-1-1,TP53_CALR_het
CCAATTAGTCATTTAGAAGTAGAG-1-1,
CCAATTAGTCCGTGACAAGTAGAG-1-1,
CCAATTAGTTATGTGCAAGTAGAG-1-1,TP53_CALR_het
CCAATTAGTTGTTGGTAAGTAGAG-1-1,
CCAATTAGTTTAGTTGAAGTAGAG-1-1,
CCAATTAGTTTCGCCTAAGTAGAG-1-1,
CCAATTTAGATGCTAAAAGTAGAG-1-1,
CCAATTTAGCAGCTAGAAGTAGAG-1-1,
CCAATTTAGCCCGTTGAAGTAGAG-1-1,TP53_EZH2_CALR_mut
CCAATTTAGCCCTTGGAAGTAGAG-1-1,ZRSR2_CALR_mut
CCAATTTAGCTTCCTTAAGTAGAG-1-1,
CCAATTTAGGTGAGAAAAGTAGAG-1-1,
CCAATTTAGGTTGTAAAAGTAGAG-1-1,
CCAATTTAGTCTATGTAAGTAGAG-1-1,TP53_CALR_het
CCAATTTAGTTGCGGAAAGTAGAG-1-1,
CCACATTCAACCCTATAAGTAGAG-1-1,TP53_EZH2_CALR_mut
CCACATTCAAGTTTCCAAGTAGAG-1-1,TP53_CALR_het
CCACATTCAATTAGGTAAGTAGAG-1-1,
CCACATTCACAATGGCAAGTAGAG-1-1,
CCACATTCACTCAATCAAGTAGAG-1-1,
CCACATTCACTTTGTAAAGTAGAG-1-1,
CCACATTCAGATAGCCAAGTAGAG-1-1,TP53_EZH2_CALR_mut
CCACATTCAGCTCGCTAAGTAGAG-1-1,
CCACATTCAGCTTAAGAAGTAGAG-1-1,
CCACATTCAGGCTATAAAGTAGAG-1-1,TP53_EZH2_CALR_mut
CCACATTCATTTCGCGAAGTAGAG-1-1,
CCACTAATCAACCGCTAAGTAGAG-1-1,
CCACTAATCACTATGTAAGTAGAG-1-1,
CCACTAATCAGCGGGTAAGTAGAG-1-1,
CCACTAATCATCCCAAAAGTAGAG-1-1,
CCACTAATCATTGAAGAAGTAGAG-1-1,TP53_CALR_het
CCACTAATCCCTGGATAAGTAGAG-1-1,TP53_CALR_het
CCACTAATCCCTGGTGAAGTAGAG-1-1,TP53_CALR_het
CCACTAATCGAAACTAAAGTAGAG-1-1,
CCACTAATCGATTGGGAAGTAGAG-1-1,TP53_EZH2_CALR_mut
CCACTAATCGCAGGACAAGTAGAG-1-1,
CCACTAATCGGTTATTAAGTAGAG-1-1,TP53_CALR_het
CCACTATCAAGATGCCAAGTAGAG-1-1,TP53_CALR_het
CCACTATCAAGCCACGAAGTAGAG-1-1,TP53_EZH2_CALR_mut
CCACTATCAAGGAATAAAGTAGAG-1-1,
CCACTATCAATGAGCCAAGTAGAG-1-1,
CCACTATCACCTTCTCAAGTAGAG-1-1,TP53_EZH2_CALR_mut
CCACTATCATGAGTCAAAGTAGAG-1-1,TP53_EZH2_CALR_mut
CCACTATCATTGCCGCAAGTAGAG-1-1,
CCACTATCATTTATCGAAGTAGAG-1-1,
CCAGAAAGTCTGTGATAAGTAGAG-1-1,
CCAGAAAGTGTTTGCGAAGTAGAG-1-1,
CCAGAAAGTTAGCTCGAAGTAGAG-1-1,ZRSR2_CALR_mut
CCAGAAAGTTGCGGCTAAGTAGAG-1-1,
CCAGAACCAACATAGTAAGTAGAG-1-1,TP53_CALR_het
CCAGAACCACAGGCTGAAGTAGAG-1-1,TP53_CALR_het
CCAGAACCACTAACTCAAGTAGAG-1-1,TP53_CALR_het
CCAGAACCATTCCTGGAAGTAGAG-1-1,
CCAGCACGTCATCAGTAAGTAGAG-1-1,TP53_CALR_het
CCAGCACGTGTTAGTCAAGTAGAG-1-1,TP53_CALR_het
CCAGCACGTTAGCGCCAAGTAGAG-1-1,
CCAGCACGTTGGCCACAAGTAGAG-1-1,TP53_EZH2_CALR_mut
CCAGCTAGTAAAGGCCAAGTAGAG-1-1,
CCAGCTAGTAACTTGCAAGTAGAG-1-1,
CCAGCTAGTAATGTCCAAGTAGAG-1-1,TP53_CALR_het
CCAGCTAGTATCCGCAAAGTAGAG-1-1,TP53_CALR_het
CCAGCTAGTCAATTCAAAGTAGAG-1-1,TP53_EZH2_CALR_mut
CCAGCTAGTCAGGAACAAGTAGAG-1-1,
CCAGCTAGTCCCTCATAAGTAGAG-1-1,TP53_CALR_het
CCAGCTAGTCGAATCTAAGTAGAG-1-1,
CCAGCTAGTGCGTACCAAGTAGAG-1-1,
CCAGCTAGTTCATTAGAAGTAGAG-1-1,
CCAGCTAGTTCTTGAAAAGTAGAG-1-1,TP53_EZH2_CALR_mut
CCAGCTAGTTTGTAGCAAGTAGAG-1-1,ZRSR2_CALR_mut
CCAGCTTAGCTTCCTTAAGTAGAG-1-1,
CCAGCTTAGGAAACTCAAGTAGAG-1-1,
CCAGCTTAGGCGGATCAAGTAGAG-1-1,TP53_EZH2_CALR_mut
CCAGCTTAGGTATTTCAAGTAGAG-1-1,TP53_CALR_het
CCAGCTTAGTAGCTAAAAGTAGAG-1-1,TP53_EZH2_CALR_mut
CCAGCTTAGTCATCATAAGTAGAG-1-1,
CCAGCTTAGTCATGAAAAGTAGAG-1-1,
CCAGCTTAGTCCTGCGAAGTAGAG-1-1,
CCAGCTTAGTGCTGAGAAGTAGAG-1-1,TP53_CALR_het
CCAGCTTAGTTACCTGAAGTAGAG-1-1,
CCAGCTTAGTTTGAGAAAGTAGAG-1-1,TP53_CALR_het
CCAGGTTTCACAAGCGAAGTAGAG-1-1,
CCAGGTTTCAGGTTAAAAGTAGAG-1-1,TP53_CALR_het
CCAGGTTTCCCATAGCAAGTAGAG-1-1,TP53_CALR_het
CCAGGTTTCCCTCGTCAAGTAGAG-1-1,
CCAGGTTTCCTGGAAGAAGTAGAG-1-1,TP53_CALR_het
CCAGGTTTCCTTTCGTAAGTAGAG-1-1,TP53_CALR_het
CCAGGTTTCGATTACTAAGTAGAG-1-1,
CCAGGTTTCGATTGAAAAGTAGAG-1-1,TP53_CALR_het
CCAGGTTTCGATTGGGAAGTAGAG-1-1,
CCAGGTTTCGGTACGAAAGTAGAG-1-1,
CCAGGTTTCTAACCATAAGTAGAG-1-1,
CCATAACGTAAACTGGAAGTAGAG-1-1,
CCATAACGTACAAACGAAGTAGAG-1-1,
CCATAACGTACGGTTTAAGTAGAG-1-1,ZRSR2_CALR_mut
CCATAACGTATGTTTGAAGTAGAG-1-1,
CCATAACGTCCAGCACAAGTAGAG-1-1,
CCATAACGTTAGGTAGAAGTAGAG-1-1,
CCATAACGTTTCCTCAAAGTAGAG-1-1,
CCATAACGTTTCTAAGAAGTAGAG-1-1,
CCATCACAGACCAGGCAAGTAGAG-1-1,TP53_CALR_het
CCATCACAGATGAAGGAAGTAGAG-1-1,TP53_CALR_het
CCATCACAGCAAGTTAAAGTAGAG-1-1,
CCATCACAGCTATCGCAAGTAGAG-1-1,TP53_CALR_het
CCATCACAGCTTGATTAAGTAGAG-1-1,TP53_CALR_het
CCATCACAGGCGCAACAAGTAGAG-1-1,
CCATCACAGTTTCCAGAAGTAGAG-1-1,TP53_CALR_het
CCATCAGGTAACCCATAAGTAGAG-1-1,
CCATCAGGTAACGTGAAAGTAGAG-1-1,TP53_EZH2_CALR_mut
CCATCAGGTACGTTACAAGTAGAG-1-1,
CCATCAGGTAGGAGGAAAGTAGAG-1-1,
CCATCAGGTCAGTGCCAAGTAGAG-1-1,
CCATCAGGTCGAAGGTAAGTAGAG-1-1,TP53_EZH2_CALR_mut
CCATCAGGTGCTGCACAAGTAGAG-1-1,
CCATCAGGTTGTTTAGAAGTAGAG-1-1,TP53_EZH2_CALR_mut
CCATCAGGTTTGTGACAAGTAGAG-1-1,
CCATCATCAAACCCAAAAGTAGAG-1-1,TP53_CALR_het
CCATCATCAACAGCACAAGTAGAG-1-1,
CCATCATCACATAAACAAGTAGAG-1-1,TP53_CALR_het
CCATCATCACCTTTGGAAGTAGAG-1-1,ZRSR2_CALR_mut
CCATCATCACTAAGGCAAGTAGAG-1-1,
CCATCATCACTATCACAAGTAGAG-1-1,
CCATCATCAGCACCTCAAGTAGAG-1-1,TP53_EZH2_CALR_mut
CCATCATCAGGCTAACAAGTAGAG-1-1,TP53_EZH2_CALR_mut
CCATCATCATGAGGGAAAGTAGAG-1-1,ZRSR2_CALR_mut
CCATCCCTCAACCGCTAAGTAGAG-1-1,TP53_EZH2_CALR_mut
CCATCCCTCACAAGCGAAGTAGAG-1-1,
CCATCCCTCAGTCTATAAGTAGAG-1-1,
CCATCCCTCCATCCAAAAGTAGAG-1-1,
CCATCCCTCGATGAACAAGTAGAG-1-1,TP53_CALR_het
CCATCCCTCGCAGGACAAGTAGAG-1-1,TP53_CALR_het
CCATGGTTCAACCTCAAAGTAGAG-1-1,TP53_EZH2_CALR_mut
CCATGGTTCAGGGATTAAGTAGAG-1-1,
CCATGGTTCATAACCTAAGTAGAG-1-1,TP53_EZH2_CALR_mut
CCATGGTTCATCCAGCAAGTAGAG-1-1,TP53_CALR_het
CCATGGTTCGGTAATAAAGTAGAG-1-1,TP53_CALR_het
CCATGGTTCTATGCATAAGTAGAG-1-1,
CCATGGTTCTATTGCGAAGTAGAG-1-1,
CCATGGTTCTGGAAACAAGTAGAG-1-1,TP53_CALR_het
CCATGGTTCTGGCCATAAGTAGAG-1-1,TP53_CALR_het
CCATTAAGTAATGCCTAAGTAGAG-1-1,
CCATTAAGTATGTTGCAAGTAGAG-1-1,
CCATTAAGTCACAGAAAAGTAGAG-1-1,TP53_CALR_het
CCATTAAGTCCAATACAAGTAGAG-1-1,TP53_EZH2_CALR_mut
CCATTAAGTGCACAAAAAGTAGAG-1-1,
CCATTAAGTGCATCGCAAGTAGAG-1-1,
CCATTAAGTTAAGGATAAGTAGAG-1-1,
CCATTAAGTTGAATCCAAGTAGAG-1-1,TP53_CALR_het
CCATTAGTCACCCTCCAAGTAGAG-1-1,TP53_EZH2_CALR_mut
CCATTAGTCGTCCATAAAGTAGAG-1-1,
CCATTAGTCTAATCACAAGTAGAG-1-1,TP53_CALR_het
CCATTAGTCTAATGGAAAGTAGAG-1-1,
CCATTAGTCTTAAGCTAAGTAGAG-1-1,
CCATTCGCAAACAAGAAAGTAGAG-1-1,TP53_CALR_het
CCATTCGCAAAGCTCAAAGTAGAG-1-1,
CCATTCGCAAATAAGGAAGTAGAG-1-1,
CCATTCGCAAGTGCACAAGTAGAG-1-1,
CCATTCGCAATAGCTGAAGTAGAG-1-1,TP53_EZH2_CALR_mut
CCATTCGCACAACAATAAGTAGAG-1-1,TP53_CALR_het
CCATTCGCACACTGGGAAGTAGAG-1-1,
CCATTCGCAGAATCGCAAGTAGAG-1-1,ZRSR2_CALR_mut
CCATTCGCAGCCTGAGAAGTAGAG-1-1,
CCATTCGCAGCTTAAGAAGTAGAG-1-1,TP53_CALR_het
CCATTCGCATATGGTGAAGTAGAG-1-1,TP53_EZH2_CALR_mut
CCATTCGCATTGAGATAAGTAGAG-1-1,
CCATTCGCATTTGTTGAAGTAGAG-1-1,TP53_CALR_het
CCATTGTCAAAGCTCAAAGTAGAG-1-1,TP53_CALR_het
CCATTGTCAAGTTTCCAAGTAGAG-1-1,TP53_CALR_het
CCATTGTCAGCCTTCAAAGTAGAG-1-1,
CCATTGTCAGCTCGAGAAGTAGAG-1-1,TP53_CALR_het
CCATTGTCAGGCTGTGAAGTAGAG-1-1,
CCATTGTCAGGTATATAAGTAGAG-1-1,ZRSR2_CALR_mut
CCATTGTCATAACCAGAAGTAGAG-1-1,TP53_CALR_het
CCATTGTCATAGCCTTAAGTAGAG-1-1,
CCATTGTCATCAATCCAAGTAGAG-1-1,TP53_CALR_het
CCCAACTAGAGCCGGTAAGTAGAG-1-1,ZRSR2_CALR_mut
CCCAACTAGAGGAGGTAAGTAGAG-1-1,TP53_EZH2_CALR_mut
CCCAACTAGCAAATCAAAGTAGAG-1-1,
CCCAACTAGCCGCTATAAGTAGAG-1-1,
CCCAACTAGCGATAACAAGTAGAG-1-1,TP53_CALR_het
CCCAACTAGCTGATGGAAGTAGAG-1-1,TP53_EZH2_CALR_mut
CCCAACTAGGCAATCGAAGTAGAG-1-1,
CCCAACTAGTACCCACAAGTAGAG-1-1,TP53_CALR_het
CCCAACTAGTCAGGCAAAGTAGAG-1-1,
CCCAACTAGTCTACCAAAGTAGAG-1-1,TP53_CALR_het
CCCAACTAGTGGACCAAAGTAGAG-1-1,
CCCAACTAGTGTAATGAAGTAGAG-1-1,
CCCAACTAGTTACAGAAAGTAGAG-1-1,TP53_CALR_het
CCCACCTTCAATGTGAAAGTAGAG-1-1,TP53_CALR_het
CCCACCTTCACGTTATAAGTAGAG-1-1,TP53_EZH2_CALR_mut
CCCACCTTCATGAGGTAAGTAGAG-1-1,TP53_CALR_het
CCCACCTTCCCTCATTAAGTAGAG-1-1,TP53_CALR_het
CCCACTTGTATGGTGAAAGTAGAG-1-1,
CCCACTTGTCTTTATCAAGTAGAG-1-1,TP53_EZH2_CALR_mut
CCCACTTGTGCATTACAAGTAGAG-1-1,
CCCACTTGTGGCCCATAAGTAGAG-1-1,TP53_EZH2_CALR_mut
CCCACTTGTTAGTGAGAAGTAGAG-1-1,TP53_EZH2_CALR_mut
CCCACTTGTTGCATCGAAGTAGAG-1-1,TP53_EZH2_CALR_mut
CCCACTTGTTGCGCTAAAGTAGAG-1-1,
CCCACTTGTTGCTGTGAAGTAGAG-1-1,
CCCATAATCAACTGGGAAGTAGAG-1-1,
CCCATAATCCTCAATGAAGTAGAG-1-1,TP53_EZH2_CALR_mut
CCCATAATCTTTGGTGAAGTAGAG-1-1,TP53_CALR_het
CCCATAGGTACGAACAAAGTAGAG-1-1,TP53_EZH2_CALR_mut
CCCATAGGTACGTTACAAGTAGAG-1-1,TP53_CALR_het
CCCATAGGTATGTGAGAAGTAGAG-1-1,ZRSR2_CALR_mut
CCCATAGGTCAGGGCAAAGTAGAG-1-1,TP53_EZH2_CALR_mut
CCCATAGGTCGAAGCGAAGTAGAG-1-1,
CCCATAGGTGGACCCTAAGTAGAG-1-1,TP53_CALR_het
CCCATAGGTTCAAGCTAAGTAGAG-1-1,
CCCATAGGTTGACCCAAAGTAGAG-1-1,
CCCATAGGTTGGTTACAAGTAGAG-1-1,TP53_CALR_het
CCCATCACAAAGCCTAAAGTAGAG-1-1,
CCCATCACAACCGTAAAAGTAGAG-1-1,TP53_EZH2_CALR_het
CCCATCACAATACTGGAAGTAGAG-1-1,
CCCATCACAATTCGGAAAGTAGAG-1-1,TP53_CALR_het
CCCATCACACGGTCGAAAGTAGAG-1-1,TP53_EZH2_CALR_mut
CCCATCACAGCTAGACAAGTAGAG-1-1,TP53_EZH2_CALR_mut
CCCATCACATAGGCGTAAGTAGAG-1-1,
CCCATCACATCCAAGAAAGTAGAG-1-1,ZRSR2_CALR_mut
CCCATCCTCACAAACAAAGTAGAG-1-1,
CCCATCCTCACCCTCCAAGTAGAG-1-1,TP53_CALR_het
CCCATCCTCATAGGCGAAGTAGAG-1-1,
CCCATCCTCATTGAGAAAGTAGAG-1-1,TP53_CALR_het
CCCATCCTCCGGCTCAAAGTAGAG-1-1,TP53_EZH2_CALR_mut
CCCATCCTCCTTGTTCAAGTAGAG-1-1,
CCCATCCTCGCAACGAAAGTAGAG-1-1,TP53_EZH2_CALR_mut
CCCATCCTCGCTTGACAAGTAGAG-1-1,
CCCATTAAGACTTAAGAAGTAGAG-1-1,
CCCATTAAGATAACCAAAGTAGAG-1-1,
CCCATTAAGCAATCCCAAGTAGAG-1-1,TP53_EZH2_CALR_mut
CCCATTAAGCGAATCGAAGTAGAG-1-1,TP53_EZH2_CALR_mut
CCCATTAAGGAACCATAAGTAGAG-1-1,
CCCATTAAGGGTTGCAAAGTAGAG-1-1,
CCCATTAAGGTAACTAAAGTAGAG-1-1,ZRSR2_CALR_mut
CCCATTAAGTCGAAACAAGTAGAG-1-1,
CCCATTAAGTCTTGCAAAGTAGAG-1-1,TP53_CALR_het
CCCATTCGTACGGGCAAAGTAGAG-1-1,
CCCATTCGTACTTACAAAGTAGAG-1-1,ZRSR2_CALR_mut
CCCATTCGTACTTAGCAAGTAGAG-1-1,TP53_CALR_het
CCCATTCGTATTGTCAAAGTAGAG-1-1,TP53_CALR_het
CCCATTCGTGGGAACTAAGTAGAG-1-1,TP53_EZH2_CALR_mut
CCCATTCGTTCATTAGAAGTAGAG-1-1,
CCCATTCGTTCCTTCAAAGTAGAG-1-1,
CCCATTCGTTCTTGAAAAGTAGAG-1-1,
CCCATTCGTTGTGAGAAAGTAGAG-1-1,
CCCGAACGTACTTCCCAAGTAGAG-1-1,TP53_CALR_het
CCCGAACGTCGGTTATAAGTAGAG-1-1,TP53_CALR_het
CCCGAACGTGGAAGCTAAGTAGAG-1-1,TP53_CALR_het
CCCGAACGTGGATGGTAAGTAGAG-1-1,TP53_CALR_het
CCCGAACGTTCCGGGTAAGTAGAG-1-1,TP53_EZH2_CALR_mut
CCCGAAGCAAGCTCAAAAGTAGAG-1-1,
CCCGAAGCACCATACTAAGTAGAG-1-1,
CCCGAAGCACGGTACGAAGTAGAG-1-1,TP53_CALR_het
CCCGAAGCATCGATAGAAGTAGAG-1-1,
CCCGCAATCACAAAGCAAGTAGAG-1-1,
CCCGCAATCACTTCGAAAGTAGAG-1-1,
CCCGCAATCAGGCTGAAAGTAGAG-1-1,
CCCGCAATCCAAAGGTAAGTAGAG-1-1,
CCCGCAATCCAGCTTAAAGTAGAG-1-1,TP53_CALR_het
CCCGCAATCTAATGAGAAGTAGAG-1-1,TP53_CALR_het
CCCGCAATCTGGTCTAAAGTAGAG-1-1,
CCCGTAAGTAGGTTTCAAGTAGAG-1-1,
CCCGTAAGTTGAGGACAAGTAGAG-1-1,
CCCGTAAGTTGGATAGAAGTAGAG-1-1,TP53_CALR_het
CCCGTAAGTTTGCAACAAGTAGAG-1-1,
CCCGTAGTCAACTGTTAAGTAGAG-1-1,
CCCGTAGTCAAGGTGTAAGTAGAG-1-1,
CCCGTAGTCACAAACAAAGTAGAG-1-1,
CCCGTAGTCACAAAGCAAGTAGAG-1-1,TP53_CALR_het
CCCGTAGTCACCACACAAGTAGAG-1-1,
CCCGTAGTCCAATAGAAAGTAGAG-1-1,
CCCGTAGTCCTCACTTAAGTAGAG-1-1,
CCCGTAGTCGACCGTTAAGTAGAG-1-1,
CCCGTAGTCGACTTTGAAGTAGAG-1-1,TP53_CALR_het
CCCGTAGTCGTCAATTAAGTAGAG-1-1,
CCCGTAGTCGTCCCGAAAGTAGAG-1-1,
CCCGTAGTCTAATTGCAAGTAGAG-1-1,
CCCGTAGTCTTAATGCAAGTAGAG-1-1,TP53_EZH2_CALR_mut
CCCTAAGGTAATGCGAAAGTAGAG-1-1,
CCCTAAGGTGGTTAAGAAGTAGAG-1-1,ZRSR2_CALR_mut
CCCTAAGGTTTCCACCAAGTAGAG-1-1,TP53_EZH2_CALR_mut
CCCTGACCAACAAGTTAAGTAGAG-1-1,
CCCTGACCACGCCACTAAGTAGAG-1-1,TP53_EZH2_CALR_mut
CCCTGACCAGCCTATTAAGTAGAG-1-1,TP53_EZH2_CALR_mut
CCCTGACCATTGAACGAAGTAGAG-1-1,
CCCTGACCATTGTGAGAAGTAGAG-1-1,
CCCTGAGTCAGCCCTGAAGTAGAG-1-1,
CCCTGAGTCATTTGCGAAGTAGAG-1-1,ZRSR2_CALR_mut
CCCTGAGTCCAACTTGAAGTAGAG-1-1,TP53_CALR_het
CCCTGAGTCCAGAAACAAGTAGAG-1-1,
CCCTGAGTCCGCCTCTAAGTAGAG-1-1,TP53_EZH2_CALR_mut
CCCTGAGTCCTAATCGAAGTAGAG-1-1,TP53_CALR_het
CCCTGAGTCGTTAACTAAGTAGAG-1-1,
CCCTGATAGATTGCAAAAGTAGAG-1-1,
CCCTGATAGCAATCCCAAGTAGAG-1-1,ZRSR2_CALR_mut
CCCTGATAGCGATGGCAAGTAGAG-1-1,
CCCTGATAGGACTTGGAAGTAGAG-1-1,
CCCTGATAGGCGCAGTAAGTAGAG-1-1,TP53_EZH2_CALR_mut
CCCTGATAGGGTGGGAAAGTAGAG-1-1,TP53_CALR_het
CCCTGATAGGTATTTCAAGTAGAG-1-1,
CCCTGATAGGTCAAGTAAGTAGAG-1-1,TP53_CALR_het
CCCTGATAGGTCAATAAAGTAGAG-1-1,
CCCTGATAGGTGAATCAAGTAGAG-1-1,TP53_EZH2_CALR_mut
CCCTGATAGGTTCTTGAAGTAGAG-1-1,
CCCTGATAGTGATTTCAAGTAGAG-1-1,
CCCTGATAGTTACAGAAAGTAGAG-1-1,
CCCTGATAGTTACATCAAGTAGAG-1-1,
CCCTGGATCACAGGATAAGTAGAG-1-1,
CCCTGGATCCATTAGTAAGTAGAG-1-1,
CCCTGGATCCCTCATTAAGTAGAG-1-1,TP53_CALR_het
CCCTGGATCTAAGTAGAAGTAGAG-1-1,TP53_EZH2_CALR_mut
CCCTGGATCTATCGGCAAGTAGAG-1-1,
CCCTGTGAGACAACACAAGTAGAG-1-1,
CCCTGTGAGCGATAACAAGTAGAG-1-1,
CCCTGTGAGCTTATCGAAGTAGAG-1-1,
CCCTGTGAGGAAGCAAAAGTAGAG-1-1,ZRSR2_CALR_mut
CCCTGTGAGGACTTAAAAGTAGAG-1-1,
CCCTGTGAGGTCAAACAAGTAGAG-1-1,
CCCTGTGAGTAAGCTAAAGTAGAG-1-1,TP53_CALR_het
CCCTGTGAGTGAATCAAAGTAGAG-1-1,TP53_CALR_het
CCCTGTGAGTTTGCATAAGTAGAG-1-1,ZRSR2_CALR_mut
CCCTGTTGTACAGCAAAAGTAGAG-1-1,TP53_EZH2_CALR_mut
CCCTGTTGTGACATTCAAGTAGAG-1-1,TP53_CALR_het
CCCTGTTGTGTTCCAGAAGTAGAG-1-1,TP53_CALR_het
CCCTGTTGTTAGCGGGAAGTAGAG-1-1,
CCCTTACGTAAGCGTAAAGTAGAG-1-1,
CCCTTACGTAGCCCGTAAGTAGAG-1-1,TP53_CALR_het
CCCTTACGTATTGGGAAAGTAGAG-1-1,
CCCTTACGTTCACTCCAAGTAGAG-1-1,TP53_EZH2_CALR_mut
CCCTTACGTTTGCTCCAAGTAGAG-1-1,TP53_CALR_het
CCCTTCGGTAATTGCCAAGTAGAG-1-1,
CCCTTCGGTCTTTATCAAGTAGAG-1-1,TP53_EZH2_CALR_mut
CCCTTCGGTGCTCCAAAAGTAGAG-1-1,TP53_EZH2_CALR_mut
CCCTTCGGTGGACCCTAAGTAGAG-1-1,
CCCTTCGGTTTGGGCCAAGTAGAG-1-1,
CCCTTGCTCAAAGGGAAAGTAGAG-1-1,
CCCTTGCTCAAGATGCAAGTAGAG-1-1,
CCCTTGCTCAAGCTCCAAGTAGAG-1-1,ZRSR2_CALR_mut
CCCTTGCTCAAGGTACAAGTAGAG-1-1,TP53_EZH2_CALR_mut
CCCTTGCTCACTTGATAAGTAGAG-1-1,
CCCTTGCTCCGCTATAAAGTAGAG-1-1,TP53_CALR_het
CCCTTGCTCGATTACTAAGTAGAG-1-1,TP53_CALR_het
CCCTTGCTCTAAGTCTAAGTAGAG-1-1,TP53_EZH2_CALR_mut
CCGAAAGTCACAAAGCAAGTAGAG-1-1,
CCGAAAGTCACAGCCTAAGTAGAG-1-1,TP53_CALR_het
CCGAAAGTCATCGATTAAGTAGAG-1-1,TP53_CALR_het
CCGAAAGTCCAGATAAAAGTAGAG-1-1,TP53_CALR_het
CCGAAAGTCCTTTCTAAAGTAGAG-1-1,TP53_CALR_het
CCGAAAGTCGGTTCCGAAGTAGAG-1-1,
CCGAAAGTCTAACTACAAGTAGAG-1-1,
CCGAAAGTCTAATCGTAAGTAGAG-1-1,
CCGAAAGTCTCACAATAAGTAGAG-1-1,TP53_EZH2_CALR_mut
CCGATACTCAAGATGCAAGTAGAG-1-1,TP53_CALR_het
CCGATACTCACCTGTAAAGTAGAG-1-1,TP53_CALR_het
CCGATACTCAGGTTGGAAGTAGAG-1-1,TP53_EZH2_CALR_mut
CCGATACTCATTACCGAAGTAGAG-1-1,
CCGATACTCCAGCTTAAAGTAGAG-1-1,TP53_CALR_het
CCGATACTCCCTGGATAAGTAGAG-1-1,
CCGATACTCCTAAGTTAAGTAGAG-1-1,
CCGATACTCCTCCCACAAGTAGAG-1-1,
CCGATACTCGAACCGAAAGTAGAG-1-1,TP53_CALR_het
CCGATACTCTAACTACAAGTAGAG-1-1,TP53_CALR_het
CCGATTGGTACCGTTGAAGTAGAG-1-1,
CCGATTGGTAGTAGCAAAGTAGAG-1-1,
CCGATTGGTGACCTATAAGTAGAG-1-1,TP53_CALR_het
CCGATTGGTGGACCCTAAGTAGAG-1-1,
CCGATTGGTTTGGGCCAAGTAGAG-1-1,
CCGCATTAGACCTTTGAAGTAGAG-1-1,
CCGCATTAGATTCCCAAAGTAGAG-1-1,TP53_EZH2_CALR_het
CCGCATTAGGGCGGTTAAGTAGAG-1-1,TP53_CALR_het
CCGCATTAGTAGCGCAAAGTAGAG-1-1,TP53_CALR_het
CCGCATTAGTGGCTTCAAGTAGAG-1-1,TP53_CALR_het
CCGCCATCAAATCACGAAGTAGAG-1-1,TP53_EZH2_CALR_mut
CCGCCATCACGTTACTAAGTAGAG-1-1,
CCGCCATCAGTTGCCCAAGTAGAG-1-1,ZRSR2_CALR_mut
CCGCCATCATAGCCGGAAGTAGAG-1-1,
CCGCTAAGTATAGCGAAAGTAGAG-1-1,
CCGCTAAGTATTCGACAAGTAGAG-1-1,TP53_EZH2_CALR_mut
CCGCTAAGTATTCGGTAAGTAGAG-1-1,
CCGCTAAGTCTAACCGAAGTAGAG-1-1,
CCGCTAAGTCTACCTCAAGTAGAG-1-1,TP53_CALR_het
CCGCTAAGTGCTGATTAAGTAGAG-1-1,TP53_CALR_het
CCGCTAAGTTGCACGCAAGTAGAG-1-1,TP53_CALR_het
CCGCTAAGTTGCATCGAAGTAGAG-1-1,
CCGCTATAGCACCTTAAAGTAGAG-1-1,TP53_CALR_het
CCGCTATAGCTTTACGAAGTAGAG-1-1,TP53_EZH2_CALR_mut
CCGCTATAGGCAGGCTAAGTAGAG-1-1,
CCGCTTACAACAAGTTAAGTAGAG-1-1,TP53_CALR_het
CCGCTTACAATCAAACAAGTAGAG-1-1,ZRSR2_CALR_mut
CCGCTTACACAATCGAAAGTAGAG-1-1,
CCGCTTACAGCTAGACAAGTAGAG-1-1,
CCGCTTACAGCTAGCGAAGTAGAG-1-1,
CCGCTTACATATGGTGAAGTAGAG-1-1,TP53_EZH2_CALR_mut
CCGCTTACATGAAGCCAAGTAGAG-1-1,
CCGGCTATCATTGCATAAGTAGAG-1-1,
CCGGCTATCCAGATAAAAGTAGAG-1-1,TP53_CALR_het
CCGGCTATCCGCCACAAAGTAGAG-1-1,TP53_CALR_het
CCGGCTATCGGCTAAGAAGTAGAG-1-1,ZRSR2_CALR_mut
CCGGCTATCTAACCATAAGTAGAG-1-1,
CCGGCTATCTAGTTACAAGTAGAG-1-1,
CCGGCTATCTATCGGCAAGTAGAG-1-1,TP53_EZH2_CALR_mut
CCGGCTATCTCGCCTCAAGTAGAG-1-1,TP53_CALR_het
CCGGCTATCTTCAAGTAAGTAGAG-1-1,TP53_CALR_het
CCGGCTATCTTGAAGAAAGTAGAG-1-1,
CCGGTACGTACGATTCAAGTAGAG-1-1,TP53_CALR_het
CCGGTACGTAGCGCGAAAGTAGAG-1-1,
CCGGTACGTCAACAAGAAGTAGAG-1-1,
CCGGTACGTCAACATCAAGTAGAG-1-1,TP53_CALR_het
CCGGTACGTCCATAGTAAGTAGAG-1-1,TP53_EZH2_CALR_mut
CCGGTACGTCCATTAAAAGTAGAG-1-1,TP53_CALR_het
CCGGTACGTGTCCAGCAAGTAGAG-1-1,
CCGGTACGTTCCTTCAAAGTAGAG-1-1,ZRSR2_CALR_mut
CCGTAATGTAACTTGCAAGTAGAG-1-1,
CCGTAATGTACGTAAGAAGTAGAG-1-1,TP53_CALR_het
CCGTAATGTACGTTACAAGTAGAG-1-1,
CCGTAATGTAGCTATCAAGTAGAG-1-1,TP53_EZH2_CALR_mut
CCGTAATGTATTCGTAAAGTAGAG-1-1,
CCGTAATGTGGTGCAGAAGTAGAG-1-1,
CCGTAATGTTAACGAGAAGTAGAG-1-1,
CCGTAATGTTCCTTTGAAGTAGAG-1-1,TP53_CALR_het
CCGTAATGTTGCTGTGAAGTAGAG-1-1,
CCGTAATGTTGTGACTAAGTAGAG-1-1,TP53_EZH2_CALR_mut
CCGTACGTCAGGCCAAAAGTAGAG-1-1,TP53_CALR_het
CCGTACGTCATCCAGCAAGTAGAG-1-1,
CCGTACGTCATGACAAAAGTAGAG-1-1,TP53_EZH2_CALR_mut
CCGTACGTCCAGGAATAAGTAGAG-1-1,
CCGTACGTCCATAGAAAAGTAGAG-1-1,
CCGTACGTCCCTCTCAAAGTAGAG-1-1,TP53_CALR_het
CCGTACGTCCTAAGTTAAGTAGAG-1-1,
CCGTACGTCGAGGCGTAAGTAGAG-1-1,TP53_CALR_het
CCGTACGTCGCCTATAAAGTAGAG-1-1,ZRSR2_CALR_mut
CCGTACGTCGCGTTCGAAGTAGAG-1-1,
CCGTACGTCGGTTCCGAAGTAGAG-1-1,
CCGTCAAGTACGGTTTAAGTAGAG-1-1,
CCGTCAAGTACTTACAAAGTAGAG-1-1,TP53_CALR_het
CCGTCAAGTCAACTACAAGTAGAG-1-1,TP53_EZH2_CALR_mut
CCGTTGTAGAATGGCTAAGTAGAG-1-1,
CCGTTGTAGACATAGCAAGTAGAG-1-1,
CCGTTGTAGATTATCCAAGTAGAG-1-1,
CCGTTGTAGCATTACTAAGTAGAG-1-1,
CCGTTGTAGCTATATCAAGTAGAG-1-1,TP53_CALR_het
CCGTTGTAGGAACCTGAAGTAGAG-1-1,TP53_EZH2_CALR_mut
CCGTTGTAGGCTGTGAAAGTAGAG-1-1,
CCGTTGTAGGGAGGCAAAGTAGAG-1-1,
CCTAACCAGACCATGGAAGTAGAG-1-1,TP53_CALR_het
CCTAACCAGACCATTTAAGTAGAG-1-1,TP53_CALR_het
CCTAACCAGATGATTGAAGTAGAG-1-1,
CCTAACCAGTCTAACTAAGTAGAG-1-1,
CCTAACCAGTCTGTGCAAGTAGAG-1-1,TP53_EZH2_CALR_mut
CCTAACGGTGCATCGCAAGTAGAG-1-1,TP53_EZH2_CALR_mut
CCTAACGGTTAGGCTTAAGTAGAG-1-1,
CCTAACGGTTTAGTTGAAGTAGAG-1-1,TP53_EZH2_CALR_mut
CCTAACTCAAACCCAAAAGTAGAG-1-1,TP53_CALR_het
CCTAACTCAAGCTATGAAGTAGAG-1-1,TP53_EZH2_CALR_mut
CCTAACTCAATGTTCCAAGTAGAG-1-1,
CCTAACTCACTAGTAGAAGTAGAG-1-1,ZRSR2_CALR_mut
CCTAACTCAGGAATAAAAGTAGAG-1-1,
CCTAACTCATAACCAGAAGTAGAG-1-1,
CCTAACTCATCCCTCTAAGTAGAG-1-1,
CCTAAGCTCACACAAAAAGTAGAG-1-1,TP53_CALR_het
CCTAAGCTCACCATATAAGTAGAG-1-1,
CCTAAGCTCGCTTCAAAAGTAGAG-1-1,TP53_CALR_het
CCTAAGCTCTGGAAACAAGTAGAG-1-1,TP53_CALR_het
CCTAAGCTCTTGATCGAAGTAGAG-1-1,TP53_EZH2_CALR_mut
CCTAAGGAGATAATCGAAGTAGAG-1-1,
CCTAAGGAGCCTAGTCAAGTAGAG-1-1,ZRSR2_CALR_mut
CCTAAGGAGCCTATATAAGTAGAG-1-1,TP53_EZH2_CALR_mut
CCTAAGGAGGATCCCTAAGTAGAG-1-1,TP53_CALR_het
CCTAAGGAGGCAATCGAAGTAGAG-1-1,TP53_EZH2_CALR_mut
CCTAAGGAGGTTAGTAAAGTAGAG-1-1,TP53_CALR_het
CCTAAGGAGTGGCTTCAAGTAGAG-1-1,
CCTAATCCAAGCCAGTAAGTAGAG-1-1,ZRSR2_CALR_mut
CCTAATCCAAGTTGCAAAGTAGAG-1-1,TP53_EZH2_CALR_mut
CCTAATCCATGGCTAAAAGTAGAG-1-1,TP53_EZH2_CALR_mut
CCTACCTGTAACTTGCAAGTAGAG-1-1,
CCTACCTGTACGTTCGAAGTAGAG-1-1,
CCTACCTGTGTCCTTCAAGTAGAG-1-1,TP53_CALR_het
CCTACCTGTTGCCTGAAAGTAGAG-1-1,
CCTACCTGTTGTTGTAAAGTAGAG-1-1,TP53_EZH2_CALR_mut
CCTACTTTCACAAATGAAGTAGAG-1-1,
CCTACTTTCAGGTAACAAGTAGAG-1-1,
CCTACTTTCAGTAGGTAAGTAGAG-1-1,
CCTACTTTCATAATCCAAGTAGAG-1-1,
CCTACTTTCATGAATGAAGTAGAG-1-1,
CCTACTTTCCGCCACAAAGTAGAG-1-1,TP53_CALR_het
CCTACTTTCCTGACTAAAGTAGAG-1-1,
CCTACTTTCGCTTGACAAGTAGAG-1-1,TP53_EZH2_CALR_mut
CCTACTTTCGGTAACGAAGTAGAG-1-1,
CCTACTTTCTTGAAAGAAGTAGAG-1-1,
CCTAGAGAGAGGAGGTAAGTAGAG-1-1,
CCTAGAGAGCGAATCGAAGTAGAG-1-1,
CCTAGAGAGCTACGTCAAGTAGAG-1-1,TP53_CALR_het
CCTAGAGAGCTAGCCTAAGTAGAG-1-1,
CCTAGAGAGGCAAGTTAAGTAGAG-1-1,
CCTAGAGAGGTCAAACAAGTAGAG-1-1,
CCTAGAGAGTTGCGCTAAGTAGAG-1-1,TP53_CALR_het
CCTAGGTTCAATCCTGAAGTAGAG-1-1,TP53_CALR_het
CCTAGGTTCACCAGGAAAGTAGAG-1-1,
CCTAGGTTCACGGACAAAGTAGAG-1-1,
CCTAGGTTCATTAGCTAAGTAGAG-1-1,ZRSR2_CALR_mut
CCTAGGTTCCAATGAAAAGTAGAG-1-1,
CCTAGGTTCCTTTGTCAAGTAGAG-1-1,TP53_CALR_het
CCTAGGTTCGATATGAAAGTAGAG-1-1,
CCTAGGTTCGCCTCTCAAGTAGAG-1-1,ZRSR2_CALR_mut
CCTATCGCAAAGTGCCAAGTAGAG-1-1,
CCTATCGCAAATACCGAAGTAGAG-1-1,
CCTATCGCAAGCCTAAAAGTAGAG-1-1,TP53_EZH2_CALR_mut
CCTATCGCAATTGAACAAGTAGAG-1-1,TP53_CALR_het
CCTATCGCAATTGAGTAAGTAGAG-1-1,
CCTATCGCACCACAAAAAGTAGAG-1-1,
CCTATCGCACGGGCTAAAGTAGAG-1-1,
CCTATCGCACGGTACGAAGTAGAG-1-1,TP53_CALR_het
CCTATCGCACTTAACCAAGTAGAG-1-1,TP53_CALR_het
CCTATCGCAGCTAGCGAAGTAGAG-1-1,
CCTATCGCAGGCTTAAAAGTAGAG-1-1,
CCTATCGCATAGTCAGAAGTAGAG-1-1,
CCTATCGCATCATAGGAAGTAGAG-1-1,TP53_EZH2_CALR_mut
CCTATCGCATTCAACCAAGTAGAG-1-1,
CCTATGATCACAGCCTAAGTAGAG-1-1,TP53_CALR_het
CCTATGATCACCTAATAAGTAGAG-1-1,ZRSR2_CALR_mut
CCTATGATCATTGAGAAAGTAGAG-1-1,TP53_CALR_het
CCTATGATCGATTGAAAAGTAGAG-1-1,TP53_EZH2_CALR_mut
CCTATGATCGTGATGGAAGTAGAG-1-1,
CCTATGATCTTCGCCCAAGTAGAG-1-1,TP53_EZH2_CALR_mut
CCTATGGGTAGTAGCAAAGTAGAG-1-1,
CCTATGGGTATGGTAGAAGTAGAG-1-1,
CCTATGGGTCACTATAAAGTAGAG-1-1,
CCTATGGGTCATCCCTAAGTAGAG-1-1,
CCTATGGGTCGGTTATAAGTAGAG-1-1,
CCTATGGGTGAATCTCAAGTAGAG-1-1,TP53_EZH2_CALR_mut
CCTATGGGTGACCTTGAAGTAGAG-1-1,
CCTATGGGTGGTGCAGAAGTAGAG-1-1,
CCTATGGGTTGCGGCTAAGTAGAG-1-1,TP53_CALR_het
CCTATTGAGACAAAGGAAGTAGAG-1-1,
CCTATTGAGAGCAAGAAAGTAGAG-1-1,TP53_CALR_het
CCTATTGAGCTTCCTTAAGTAGAG-1-1,TP53_EZH2_CALR_mut
CCTATTGAGGATCCAGAAGTAGAG-1-1,TP53_CALR_het
CCTATTGAGGGCCTTTAAGTAGAG-1-1,
CCTATTGAGTAACTTCAAGTAGAG-1-1,TP53_CALR_het
CCTATTTGTAAGAATCAAGTAGAG-1-1,TP53_EZH2_CALR_mut
CCTATTTGTACGAACAAAGTAGAG-1-1,TP53_CALR_het
CCTATTTGTAGCCATTAAGTAGAG-1-1,TP53_EZH2_CALR_mut
CCTATTTGTCAGTGCCAAGTAGAG-1-1,TP53_CALR_het
CCTATTTGTCCAATACAAGTAGAG-1-1,TP53_CALR_het
CCTATTTGTGACATGAAAGTAGAG-1-1,
CCTATTTGTGCTGATTAAGTAGAG-1-1,TP53_CALR_het
CCTATTTGTTAGTGGAAAGTAGAG-1-1,
CCTATTTGTTCAAGGAAAGTAGAG-1-1,ZRSR2_CALR_mut
CCTATTTGTTGCACTGAAGTAGAG-1-1,
CCTCAAATCACAAAGCAAGTAGAG-1-1,
CCTCAAATCAGGTCGAAAGTAGAG-1-1,TP53_CALR_het
CCTCAAATCAGTAAGCAAGTAGAG-1-1,
CCTCAAATCATTATGCAAGTAGAG-1-1,
CCTCAAATCGATTCTGAAGTAGAG-1-1,ZRSR2_CALR_mut
CCTCAAATCTAACCATAAGTAGAG-1-1,
CCTCAAATCTACTACGAAGTAGAG-1-1,TP53_CALR_het
CCTCAAATCTGTCAGCAAGTAGAG-1-1,
CCTCAAGGTACGTTACAAGTAGAG-1-1,
CCTCAAGGTATTCGTAAAGTAGAG-1-1,
CCTCAAGGTCAGGATAAAGTAGAG-1-1,
CCTCAAGGTCATTATGAAGTAGAG-1-1,
CCTCAAGGTGTTAGAGAAGTAGAG-1-1,
CCTCAAGGTTAGACTCAAGTAGAG-1-1,TP53_EZH2_CALR_mut
CCTCAAGGTTCCGCAAAAGTAGAG-1-1,
CCTCAAGGTTTCCACCAAGTAGAG-1-1,TP53_CALR_het
CCTCAATCAACAAGCCAAGTAGAG-1-1,TP53_EZH2_CALR_mut
CCTCAATCACTTTGTAAAGTAGAG-1-1,TP53_CALR_het
CCTCAATCAGGGCTATAAGTAGAG-1-1,
CCTCAATCATAAGCTGAAGTAGAG-1-1,
CCTCAATCATACCTTAAAGTAGAG-1-1,
CCTCAATCATGGATTGAAGTAGAG-1-1,TP53_CALR_het
CCTCAATCATTCGGTTAAGTAGAG-1-1,
CCTCACACAAGTTGCAAAGTAGAG-1-1,
CCTCACACACCTTCAGAAGTAGAG-1-1,TP53_CALR_het
CCTCACACACGCCACTAAGTAGAG-1-1,
CCTCACACACTAGCGGAAGTAGAG-1-1,TP53_EZH2_CALR_mut
CCTCACACACTTAACCAAGTAGAG-1-1,TP53_CALR_het
CCTCACACATATGGTGAAGTAGAG-1-1,
CCTCACACATTTCATGAAGTAGAG-1-1,TP53_EZH2_CALR_mut
CCTCAGCCAAGCCTAAAAGTAGAG-1-1,
CCTCAGCCAATCTCTAAAGTAGAG-1-1,TP53_CALR_het
CCTCAGCCACACCCACAAGTAGAG-1-1,ZRSR2_CALR_mut
CCTCAGCCAGTAATACAAGTAGAG-1-1,ZRSR2_CALR_mut
CCTCAGCCAGTGAGAGAAGTAGAG-1-1,
CCTCAGCCATCAAGCAAAGTAGAG-1-1,TP53_EZH2_CALR_mut
CCTCAGCCATCATGCTAAGTAGAG-1-1,
CCTCAGCCATTTGGGAAAGTAGAG-1-1,
CCTCATCGTGAACCAAAAGTAGAG-1-1,
CCTCATCGTGCATCGCAAGTAGAG-1-1,
CCTCATCGTGCTCATGAAGTAGAG-1-1,TP53_CALR_het
CCTCATCGTGTTTGTAAAGTAGAG-1-1,TP53_EZH2_CALR_mut
CCTCATCGTTCCGGGTAAGTAGAG-1-1,
CCTCATCGTTGCACGCAAGTAGAG-1-1,TP53_CALR_het
CCTCATCGTTTAGTTGAAGTAGAG-1-1,ZRSR2_CALR_mut
CCTCCAACAAACTGGCAAGTAGAG-1-1,ZRSR2_CALR_mut
CCTCCAACAACGACTAAAGTAGAG-1-1,TP53_CALR_het
CCTCCAACAATTAGGTAAGTAGAG-1-1,
CCTCCAACACCAGCTCAAGTAGAG-1-1,TP53_CALR_het
CCTCCAACATCGGGCAAAGTAGAG-1-1,TP53_EZH2_CALR_mut
CCTCCAACATTGCGCCAAGTAGAG-1-1,
CCTCGATAGAAGTAGGAAGTAGAG-1-1,TP53_CALR_het
CCTCGATAGACCTTGCAAGTAGAG-1-1,TP53_EZH2_CALR_mut
CCTCGATAGATGCAACAAGTAGAG-1-1,TP53_EZH2_CALR_mut
CCTCGATAGCAGGTTGAAGTAGAG-1-1,TP53_CALR_het
CCTCGATAGCCTAAGGAAGTAGAG-1-1,
CCTCGATAGGACACGCAAGTAGAG-1-1,
CCTCGATAGGTGAATCAAGTAGAG-1-1,
CCTCGATAGTAGCTAAAAGTAGAG-1-1,
CCTCGATAGTATGGTAAAGTAGAG-1-1,TP53_CALR_het
CCTCGATAGTTAACAGAAGTAGAG-1-1,
CCTGATTCAAATAACCAAGTAGAG-1-1,
CCTGATTCAAGTTTCCAAGTAGAG-1-1,TP53_CALR_het
CCTGATTCACACTAAGAAGTAGAG-1-1,TP53_CALR_het
CCTGATTCAGGCTTAAAAGTAGAG-1-1,ZRSR2_CALR_mut
CCTGATTCATGCTCCAAAGTAGAG-1-1,TP53_CALR_het
CCTGATTCATTGACTCAAGTAGAG-1-1,
CCTGGTAGTAAATAGCAAGTAGAG-1-1,TP53_CALR_het
CCTGGTAGTAACTTGCAAGTAGAG-1-1,
CCTGGTAGTATCCGCAAAGTAGAG-1-1,
CCTGGTAGTCAGTGCCAAGTAGAG-1-1,
CCTGGTAGTGGAAGCTAAGTAGAG-1-1,TP53_EZH2_CALR_mut
CCTGGTAGTGTTGCTGAAGTAGAG-1-1,
CCTGGTAGTTCAAGGAAAGTAGAG-1-1,ZRSR2_CALR_mut
CCTGGTAGTTCGGTATAAGTAGAG-1-1,TP53_EZH2_CALR_mut
CCTGGTCCAAAGACCCAAGTAGAG-1-1,
CCTGGTCCAAATGACTAAGTAGAG-1-1,TP53_EZH2_CALR_mut
CCTGGTCCAATCAAGTAAGTAGAG-1-1,
CCTGGTCCAATTGAGTAAGTAGAG-1-1,
CCTGGTCCAGCCATTTAAGTAGAG-1-1,
CCTGGTCCAGGAATAAAAGTAGAG-1-1,
CCTGGTCCATAGCGACAAGTAGAG-1-1,
CCTGGTCCATGACCAAAAGTAGAG-1-1,
CCTGGTCCATTGTGTCAAGTAGAG-1-1,
CCTGGTCCATTTGGGAAAGTAGAG-1-1,
CCTGTTGCACATTGAGAAGTAGAG-1-1,
CCTGTTGCACTGTCATAAGTAGAG-1-1,TP53_EZH2_CALR_mut
CCTGTTGCACTTTATGAAGTAGAG-1-1,
CCTGTTGCAGAATGAAAAGTAGAG-1-1,TP53_CALR_het
CCTGTTGCAGGATTGCAAGTAGAG-1-1,TP53_CALR_het
CCTGTTGCATTAGCGAAAGTAGAG-1-1,
CCTGTTGCATTCATGCAAGTAGAG-1-1,TP53_CALR_het
CCTTAAAGTAACGGGTAAGTAGAG-1-1,ZRSR2_CALR_mut
CCTTAAAGTATTTCGAAAGTAGAG-1-1,ZRSR2_CALR_mut
CCTTAAAGTCAATCGTAAGTAGAG-1-1,
CCTTAAAGTGCGGCTTAAGTAGAG-1-1,TP53_CALR_het
CCTTAAAGTTAGTCTAAAGTAGAG-1-1,ZRSR2_CALR_mut
CCTTAAAGTTTACCGGAAGTAGAG-1-1,ZRSR2_CALR_mut
CCTTAAAGTTTGTTGAAAGTAGAG-1-1,TP53_CALR_het
CCTTAATAGAAAGGCAAAGTAGAG-1-1,TP53_CALR_het
CCTTAATAGAGCCGGTAAGTAGAG-1-1,
CCTTAATAGAGGTTCGAAGTAGAG-1-1,TP53_EZH2_CALR_mut
CCTTAATAGCGCAAGCAAGTAGAG-1-1,
CCTTAATAGGAAACTCAAGTAGAG-1-1,TP53_CALR_het
CCTTAATAGGCACAATAAGTAGAG-1-1,TP53_CALR_het
CCTTAATAGGCAGGCTAAGTAGAG-1-1,
CCTTAATAGTAACGTAAAGTAGAG-1-1,
CCTTAATAGTCAGGCAAAGTAGAG-1-1,
CCTTATGAGCAAACTAAAGTAGAG-1-1,
CCTTATGAGCCATCGTAAGTAGAG-1-1,TP53_EZH2_CALR_mut
CCTTATGAGCGAAGCCAAGTAGAG-1-1,TP53_EZH2_CALR_mut
CCTTATGAGCGCTACTAAGTAGAG-1-1,
CCTTATGAGGCGAGTCAAGTAGAG-1-1,
CCTTATGAGGGATGAAAAGTAGAG-1-1,TP53_CALR_het
CCTTATGAGTAATTGGAAGTAGAG-1-1,
CCTTATGAGTCCTGACAAGTAGAG-1-1,
CCTTATGAGTCTGTGCAAGTAGAG-1-1,TP53_CALR_het
CCTTATGAGTGGCTTCAAGTAGAG-1-1,
CCTTATGAGTGTTTCGAAGTAGAG-1-1,
CCTTATTGTAACCTTAAAGTAGAG-1-1,
CCTTATTGTAAGGCTAAAGTAGAG-1-1,
CCTTATTGTCGAAGGTAAGTAGAG-1-1,
CCTTATTGTGACATTCAAGTAGAG-1-1,
CCTTATTGTGCGGAATAAGTAGAG-1-1,
CCTTCCATCAAACCGGAAGTAGAG-1-1,TP53_CALR_het
CCTTCCATCGAAGGCCAAGTAGAG-1-1,TP53_CALR_het
CCTTCCATCGACTCACAAGTAGAG-1-1,
CCTTCCATCGATATGAAAGTAGAG-1-1,
CCTTCCATCGCCTGCAAAGTAGAG-1-1,
CCTTCCATCGCGAAATAAGTAGAG-1-1,
CCTTCCATCTTACTCCAAGTAGAG-1-1,
CCTTCCTCAAATAGGAAAGTAGAG-1-1,
CCTTCCTCAAGATAAGAAGTAGAG-1-1,TP53_EZH2_CALR_mut
CCTTCCTCAATCATCCAAGTAGAG-1-1,TP53_EZH2_CALR_mut
CCTTCCTCACCATACTAAGTAGAG-1-1,TP53_CALR_het
CCTTCCTCACTCCCTTAAGTAGAG-1-1,ZRSR2_CALR_mut
CCTTCCTCAGAATGAAAAGTAGAG-1-1,
CCTTCCTCAGCACTAAAAGTAGAG-1-1,TP53_EZH2_CALR_mut
CCTTCCTCAGCTACCCAAGTAGAG-1-1,TP53_EZH2_CALR_mut
CCTTCCTCAGGTATTGAAGTAGAG-1-1,
CCTTCCTCATCATGTCAAGTAGAG-1-1,
CCTTCCTCATTTAGCCAAGTAGAG-1-1,
CCTTGAATCAGTAGCGAAGTAGAG-1-1,
CCTTGAATCCCTGGTGAAGTAGAG-1-1,
CCTTGAATCCGAATTTAAGTAGAG-1-1,TP53_CALR_het
CCTTGAATCTTTAAGCAAGTAGAG-1-1,TP53_EZH2_CALR_mut
CCTTGAGGTTGAATCCAAGTAGAG-1-1,TP53_CALR_het
CCTTGAGGTTGTCCAGAAGTAGAG-1-1,
CCTTGAGGTTTATGGCAAGTAGAG-1-1,
CGAAATGGTCCTCACTAAGTAGAG-1-1,TP53_EZH2_CALR_mut
CGAAATGGTGTTGCTGAAGTAGAG-1-1,
CGAAATGGTTTCACCCAAGTAGAG-1-1,
CGAAATGGTTTGACTAAAGTAGAG-1-1,TP53_CALR_het
CGAACCAAGCATCTTGAAGTAGAG-1-1,TP53_CALR_het
CGAACCAAGCGGCTTTAAGTAGAG-1-1,
CGAACCAAGTCATTCGAAGTAGAG-1-1,
CGAACCAAGTCGTTCAAAGTAGAG-1-1,
CGAACCAAGTTACCTGAAGTAGAG-1-1,TP53_EZH2_CALR_mut
CGAACTTGTACGAATGAAGTAGAG-1-1,ZRSR2_CALR_mut
CGAACTTGTATGTGAGAAGTAGAG-1-1,
CGAACTTGTCAGGATAAAGTAGAG-1-1,TP53_CALR_het
CGAACTTGTGCTGATTAAGTAGAG-1-1,
CGAACTTGTGCTGCACAAGTAGAG-1-1,
CGAACTTGTTGCGGGAAAGTAGAG-1-1,
CGAACTTGTTGGTTTAAAGTAGAG-1-1,TP53_CALR_het
CGAAGAAAGAAACTCAAAGTAGAG-1-1,ZRSR2_CALR_mut
CGAAGAAAGACCAGGCAAGTAGAG-1-1,
CGAAGAAAGAGGAAATAAGTAGAG-1-1,
CGAAGAAAGATAACGCAAGTAGAG-1-1,ZRSR2_CALR_mut
CGAAGAAAGCAAACTAAAGTAGAG-1-1,ZRSR2_CALR_mut
CGAAGAAAGCGCGAACAAGTAGAG-1-1,TP53_EZH2_CALR_mut
CGAAGAAAGGCTGGTAAAGTAGAG-1-1,ZRSR2_CALR_mut
CGAAGAAAGGTAATGCAAGTAGAG-1-1,TP53_CALR_het
CGAAGAAAGTAAAGGGAAGTAGAG-1-1,TP53_CALR_het
CGAAGGTGTAACCGCCAAGTAGAG-1-1,
CGAAGGTGTCGTTCTCAAGTAGAG-1-1,TP53_CALR_het
CGAATAGGTACAAAGTAAGTAGAG-1-1,
CGAATAGGTATGGTGAAAGTAGAG-1-1,TP53_EZH2_CALR_mut
CGAATAGGTCATGCATAAGTAGAG-1-1,
CGAATAGGTCCATCCTAAGTAGAG-1-1,
CGAATAGGTCCTTAGGAAGTAGAG-1-1,
CGAATAGGTGGATGGTAAGTAGAG-1-1,
CGAATAGGTTGGCGAGAAGTAGAG-1-1,
CGAATAGGTTGTTGGTAAGTAGAG-1-1,
CGAATAGGTTTGTCAAAAGTAGAG-1-1,TP53_CALR_het
CGAATATCAAGTAAGAAAGTAGAG-1-1,TP53_CALR_het
CGAATATCATTGTGAGAAGTAGAG-1-1,
CGACAAAGTACACCCAAAGTAGAG-1-1,TP53_CALR_het
CGACAAAGTAGTAGCAAAGTAGAG-1-1,TP53_CALR_het
CGACAAAGTCAAAGGCAAGTAGAG-1-1,
CGACAAAGTCTCACTCAAGTAGAG-1-1,
CGACAAAGTGCGTACCAAGTAGAG-1-1,TP53_CALR_het
CGACAAAGTTGGCGAGAAGTAGAG-1-1,
CGACACAAGAGGCGTCAAGTAGAG-1-1,ZRSR2_CALR_mut
CGACACAAGGAAACCTAAGTAGAG-1-1,TP53_EZH2_CALR_mut
CGACACAAGGAACCTGAAGTAGAG-1-1,
CGACACAAGGCTAGATAAGTAGAG-1-1,
CGACACAAGGCTTAGGAAGTAGAG-1-1,
CGACACAAGGTGCACAAAGTAGAG-1-1,TP53_EZH2_CALR_mut
CGACACAAGTAAGCACAAGTAGAG-1-1,TP53_CALR_het
CGACACCGTATGGTGAAAGTAGAG-1-1,
CGACACCGTATTCGGTAAGTAGAG-1-1,TP53_CALR_het
CGACACCGTCACGATTAAGTAGAG-1-1,TP53_EZH2_CALR_mut
CGACACCGTCGTAAAGAAGTAGAG-1-1,TP53_CALR_het
CGACACCGTGCTGATTAAGTAGAG-1-1,
CGACACCGTGGAAGCTAAGTAGAG-1-1,
CGACACCGTTAATCCAAAGTAGAG-1-1,
CGACATTGTATGGTAGAAGTAGAG-1-1,
CGACATTGTATTTACGAAGTAGAG-1-1,
CGACATTGTCAATTGCAAGTAGAG-1-1,
CGACATTGTCGAAGGTAAGTAGAG-1-1,
CGACATTGTCGCAATTAAGTAGAG-1-1,ZRSR2_CALR_mut
CGACATTGTCTACCAGAAGTAGAG-1-1,TP53_CALR_het
CGACATTGTCTCAGCAAAGTAGAG-1-1,
CGACATTGTGCTCATGAAGTAGAG-1-1,
CGACATTGTGGCTTTGAAGTAGAG-1-1,
CGACATTGTTAAGCTCAAGTAGAG-1-1,
CGACATTGTTCACCTCAAGTAGAG-1-1,TP53_CALR_het
CGACATTGTTGTTGGTAAGTAGAG-1-1,TP53_EZH2_CALR_mut
CGACCGTGTACAAACGAAGTAGAG-1-1,ZRSR2_CALR_mut
CGACCGTGTCAAACTCAAGTAGAG-1-1,
CGACCGTGTCACGATTAAGTAGAG-1-1,
CGACCGTGTCCATCCTAAGTAGAG-1-1,
CGACCGTGTGAACGGTAAGTAGAG-1-1,
CGACCGTGTGAACGTAAAGTAGAG-1-1,
CGACCGTGTGCATTACAAGTAGAG-1-1,TP53_CALR_het
CGACCGTGTGCTTCGAAAGTAGAG-1-1,TP53_CALR_het
CGACCGTGTGGATGGTAAGTAGAG-1-1,TP53_CALR_het
CGACCGTGTTTCCAAAAAGTAGAG-1-1,
CGACCGTGTTTCCTGCAAGTAGAG-1-1,
CGACTCCCAAGGTGTCAAGTAGAG-1-1,
CGACTCCCACCTATCGAAGTAGAG-1-1,TP53_CALR_het
CGACTCCCAGCCAGCAAAGTAGAG-1-1,TP53_CALR_het
CGACTCCCAGCTAAGCAAGTAGAG-1-1,TP53_CALR_het
CGACTCCCAGGATTGCAAGTAGAG-1-1,TP53_EZH2_CALR_mut
CGACTCCCATAGTCAGAAGTAGAG-1-1,
CGACTCCCATCAGGTAAAGTAGAG-1-1,
CGACTCCCATCATAGGAAGTAGAG-1-1,
CGACTCCCATCCGCTAAAGTAGAG-1-1,TP53_EZH2_CALR_mut
CGACTCCCATTGGACAAAGTAGAG-1-1,TP53_CALR_het
CGACTTATCACAATGAAAGTAGAG-1-1,TP53_EZH2_CALR_mut
CGACTTATCAGCACAGAAGTAGAG-1-1,
CGACTTATCATAATGGAAGTAGAG-1-1,
CGACTTATCGCGGATAAAGTAGAG-1-1,
CGACTTATCGTTCAATAAGTAGAG-1-1,
CGACTTATCTTGAATCAAGTAGAG-1-1,TP53_CALR_het
CGACTTTCAAACAAGAAAGTAGAG-1-1,TP53_CALR_het
CGACTTTCAACAGCTAAAGTAGAG-1-1,
CGACTTTCAACTAAGTAAGTAGAG-1-1,
CGACTTTCAAGCCTCCAAGTAGAG-1-1,TP53_CALR_het
CGACTTTCAAGGTGTCAAGTAGAG-1-1,
CGACTTTCAATTGCGAAAGTAGAG-1-1,
CGACTTTCACAGCAACAAGTAGAG-1-1,TP53_EZH2_CALR_mut
CGACTTTCACCAGCTCAAGTAGAG-1-1,TP53_EZH2_CALR_mut
CGACTTTCACGGGCTAAAGTAGAG-1-1,
CGACTTTCACGTAGTAAAGTAGAG-1-1,
CGAGAGGAGATTCGTTAAGTAGAG-1-1,TP53_CALR_het
CGAGAGGAGCAAATTGAAGTAGAG-1-1,TP53_CALR_het
CGAGAGGAGCCAAACGAAGTAGAG-1-1,
CGAGAGGAGGTTATCTAAGTAGAG-1-1,
CGAGAGGAGTCGCGAAAAGTAGAG-1-1,ZRSR2_CALR_mut
CGAGAGGAGTTACAGAAAGTAGAG-1-1,
CGAGCGAGTACCTAGTAAGTAGAG-1-1,
CGAGCGAGTAGCCTTGAAGTAGAG-1-1,TP53_EZH2_CALR_mut
CGAGCGAGTAGGTGACAAGTAGAG-1-1,ZRSR2_CALR_mut
CGAGCGAGTAGTCATCAAGTAGAG-1-1,ZRSR2_CALR_mut
CGAGCGAGTATTGGGAAAGTAGAG-1-1,TP53_CALR_het
CGAGCGAGTGGCTTTGAAGTAGAG-1-1,TP53_EZH2_CALR_mut
CGAGCGAGTTAGAGGCAAGTAGAG-1-1,TP53_CALR_het
CGAGCGAGTTGGGTTTAAGTAGAG-1-1,ZRSR2_CALR_mut
CGAGCGAGTTGGTTACAAGTAGAG-1-1,
CGAGCGAGTTTCCAAAAAGTAGAG-1-1,TP53_EZH2_CALR_mut
CGAGCTTTCAGGGATTAAGTAGAG-1-1,
CGAGCTTTCAGGTCGAAAGTAGAG-1-1,
CGAGCTTTCCATTAACAAGTAGAG-1-1,
CGAGCTTTCCTGCAACAAGTAGAG-1-1,TP53_CALR_het
CGAGGAGAGCCCTGATAAGTAGAG-1-1,TP53_EZH2_CALR_het
CGAGGAGAGCCCTTGGAAGTAGAG-1-1,ZRSR2_CALR_mut
CGAGGAGAGCGAGCTAAAGTAGAG-1-1,TP53_CALR_het
CGAGGAGAGCGCAAGCAAGTAGAG-1-1,
CGAGGAGAGCTAGCCTAAGTAGAG-1-1,
CGAGGAGAGGAACCGCAAGTAGAG-1-1,TP53_EZH2_CALR_mut
CGAGGAGAGTGTTTCGAAGTAGAG-1-1,
CGAGGAGAGTTACCTGAAGTAGAG-1-1,TP53_EZH2_CALR_mut
CGAGGAGAGTTGCGCTAAGTAGAG-1-1,
CGAGTTACAACCCTATAAGTAGAG-1-1,ZRSR2_CALR_mut
CGAGTTACAATACCCTAAGTAGAG-1-1,
CGAGTTACAATTAGCGAAGTAGAG-1-1,ZRSR2_CALR_mut
CGAGTTACACATAAGTAAGTAGAG-1-1,
CGAGTTACAGTTGCCCAAGTAGAG-1-1,TP53_EZH2_CALR_het
CGAGTTACATATCGCTAAGTAGAG-1-1,
CGAGTTACATTTGTTGAAGTAGAG-1-1,TP53_EZH2_CALR_mut
CGATAAATCAAGATGCAAGTAGAG-1-1,TP53_EZH2_CALR_mut
CGATAAATCACCCTCCAAGTAGAG-1-1,TP53_CALR_het
CGATAAATCACTTCGAAAGTAGAG-1-1,TP53_CALR_het
CGATAAATCCTGGTTAAAGTAGAG-1-1,TP53_EZH2_CALR_mut
CGATAAATCCTTGAGCAAGTAGAG-1-1,ZRSR2_CALR_mut
CGATAAATCCTTTGAGAAGTAGAG-1-1,
CGATAAATCGAGCTAGAAGTAGAG-1-1,
CGATAAATCGCAACGAAAGTAGAG-1-1,TP53_EZH2_CALR_mut
CGATAAATCTCAAACTAAGTAGAG-1-1,TP53_CALR_het
CGATAGCCAAGTTGCAAAGTAGAG-1-1,
CGATAGCCACAGCAACAAGTAGAG-1-1,
CGATAGCCACGGATACAAGTAGAG-1-1,
CGATAGCCACTAAGCAAAGTAGAG-1-1,TP53_CALR_het
CGATAGCCACTAGCGGAAGTAGAG-1-1,ZRSR2_CALR_mut
CGATAGCCAGGTATTGAAGTAGAG-1-1,
CGATAGCCATCATGTCAAGTAGAG-1-1,TP53_CALR_het
CGATAGCCATCCACCAAAGTAGAG-1-1,
CGATAGCCATGCTCCAAAGTAGAG-1-1,
CGATAGCCATTTCGACAAGTAGAG-1-1,
CGATAGGTCAACTGGGAAGTAGAG-1-1,
CGATAGGTCAGCGGGTAAGTAGAG-1-1,
CGATAGGTCCAACTTGAAGTAGAG-1-1,TP53_CALR_het
CGATAGGTCCTAAGTTAAGTAGAG-1-1,
CGATAGGTCGCGGATAAAGTAGAG-1-1,TP53_CALR_het
CGATAGGTCTAACTACAAGTAGAG-1-1,TP53_EZH2_CALR_mut
CGATAGGTCTGTGACCAAGTAGAG-1-1,TP53_EZH2_CALR_mut
CGATATGCAAGCCTCCAAGTAGAG-1-1,
CGATATGCACCTGGTCAAGTAGAG-1-1,TP53_CALR_het
CGATATGCAGGTTTCTAAGTAGAG-1-1,TP53_CALR_het
CGATATGCAGTTATGGAAGTAGAG-1-1,
CGATATGCATTGACTCAAGTAGAG-1-1,TP53_EZH2_CALR_mut
CGATGAAGTAAGGCTAAAGTAGAG-1-1,
CGATGAAGTACAAAGTAAGTAGAG-1-1,
CGATGAAGTACACCCAAAGTAGAG-1-1,
CGATGAAGTATGTGAGAAGTAGAG-1-1,
CGATGAAGTCGTAAAGAAGTAGAG-1-1,
CGATGAAGTGGTGAGTAAGTAGAG-1-1,TP53_EZH2_CALR_mut
CGATGAAGTGTGATGAAAGTAGAG-1-1,
CGATGAAGTTAGTGCTAAGTAGAG-1-1,TP53_CALR_het
CGATGACCACCGTTTGAAGTAGAG-1-1,TP53_CALR_het
CGATGACCACCTAACTAAGTAGAG-1-1,
CGATGACCACGGTTCCAAGTAGAG-1-1,
CGATGACCAGCCATTTAAGTAGAG-1-1,TP53_EZH2_CALR_mut
CGATGACCATAAGCTGAAGTAGAG-1-1,TP53_EZH2_CALR_mut
CGATGACCATCCACCAAAGTAGAG-1-1,
CGATGACCATGCGCAGAAGTAGAG-1-1,TP53_CALR_het
CGATGACCATGTGGGTAAGTAGAG-1-1,TP53_EZH2_CALR_mut
CGATGACCATTCGGTTAAGTAGAG-1-1,TP53_EZH2_CALR_mut
CGATGACCATTTATCGAAGTAGAG-1-1,TP53_EZH2_CALR_mut
CGATGTTGTAGCCATTAAGTAGAG-1-1,TP53_CALR_het
CGATGTTGTCATCCCTAAGTAGAG-1-1,
CGATGTTGTCATTACAAAGTAGAG-1-1,
CGATGTTGTTAGTGAGAAGTAGAG-1-1,
CGATGTTGTTGAGCTTAAGTAGAG-1-1,TP53_EZH2_CALR_mut
CGATGTTGTTTGTCCCAAGTAGAG-1-1,TP53_CALR_het
CGATTACGTAGGTTTCAAGTAGAG-1-1,TP53_CALR_het
CGATTACGTATGGTGAAAGTAGAG-1-1,
CGATTACGTCAAACTCAAGTAGAG-1-1,
CGATTACGTGACCTGCAAGTAGAG-1-1,TP53_CALR_het
CGATTACGTGCAGCTCAAGTAGAG-1-1,
CGATTACGTGCTGAAAAAGTAGAG-1-1,
CGATTACGTGGACCCTAAGTAGAG-1-1,
CGATTACGTGTTCCAGAAGTAGAG-1-1,
CGATTACGTTAGTAGGAAGTAGAG-1-1,
CGATTACGTTAGTGGAAAGTAGAG-1-1,
CGATTACGTTCCTTCAAAGTAGAG-1-1,TP53_EZH2_CALR_mut
CGATTACGTTTATGGCAAGTAGAG-1-1,
CGATTCATCACCACACAAGTAGAG-1-1,
CGATTCATCAGGCAATAAGTAGAG-1-1,
CGATTCATCTTCGCCCAAGTAGAG-1-1,TP53_CALR_het
CGATTGACAATTGAGTAAGTAGAG-1-1,TP53_CALR_het
CGATTGACACCATCATAAGTAGAG-1-1,TP53_CALR_het
CGATTGACAGATTCGAAAGTAGAG-1-1,
CGATTGACAGCCCTTAAAGTAGAG-1-1,
CGATTGACATTTATCGAAGTAGAG-1-1,TP53_CALR_het
CGATTGTGTATGGTGAAAGTAGAG-1-1,ZRSR2_CALR_mut
CGATTGTGTCACAGGGAAGTAGAG-1-1,
CGATTGTGTCCATAGTAAGTAGAG-1-1,
CGATTGTGTCGGTTATAAGTAGAG-1-1,
CGATTGTGTTTGCATAAAGTAGAG-1-1,
CGATTTAGTACAAACGAAGTAGAG-1-1,TP53_EZH2_CALR_mut
CGATTTAGTACCTTAAAAGTAGAG-1-1,TP53_CALR_het
CGATTTAGTAGTAGCAAAGTAGAG-1-1,
CGATTTAGTCGTTCGAAAGTAGAG-1-1,TP53_CALR_het
CGATTTAGTGCAATAGAAGTAGAG-1-1,ZRSR2_CALR_mut
CGATTTAGTGCACTATAAGTAGAG-1-1,
CGATTTAGTGTGAGACAAGTAGAG-1-1,
CGATTTAGTTTGCAACAAGTAGAG-1-1,
CGCAACTTCACCCTCCAAGTAGAG-1-1,
CGCAACTTCACGTTATAAGTAGAG-1-1,TP53_CALR_het
CGCAACTTCCAAAGACAAGTAGAG-1-1,
CGCAACTTCCGCCATGAAGTAGAG-1-1,TP53_CALR_het
CGCAACTTCCTCAATGAAGTAGAG-1-1,TP53_EZH2_CALR_mut
CGCAACTTCGAGGTTGAAGTAGAG-1-1,ZRSR2_CALR_mut
CGCAACTTCGGTAAACAAGTAGAG-1-1,ZRSR2_CALR_mut
CGCAACTTCTGTCAATAAGTAGAG-1-1,ZRSR2_CALR_mut
CGCAACTTCTTGATCGAAGTAGAG-1-1,TP53_EZH2_CALR_mut
CGCAAGGGTCGGTTTGAAGTAGAG-1-1,
CGCAAGGGTGCAGCTCAAGTAGAG-1-1,
CGCAAGGGTGCGATAAAAGTAGAG-1-1,ZRSR2_CALR_mut
CGCAAGGGTGGCTCACAAGTAGAG-1-1,TP53_EZH2_CALR_mut
CGCAAGGGTGTTTGCGAAGTAGAG-1-1,
CGCAAGGGTTGTCATAAAGTAGAG-1-1,
CGCAAGGGTTGTTGTAAAGTAGAG-1-1,
CGCAAGGGTTTGTGACAAGTAGAG-1-1,
CGCAATCTCAACCTCAAAGTAGAG-1-1,TP53_EZH2_CALR_mut
CGCAATCTCAGCCTTAAAGTAGAG-1-1,ZRSR2_CALR_mut
CGCAATCTCCGCTATAAAGTAGAG-1-1,TP53_EZH2_CALR_mut
CGCAATCTCGATTATCAAGTAGAG-1-1,TP53_CALR_het
CGCAATCTCGCCTAACAAGTAGAG-1-1,TP53_CALR_het
CGCAATCTCGTCCCGAAAGTAGAG-1-1,TP53_CALR_het
CGCAATCTCTACTACGAAGTAGAG-1-1,
CGCAATCTCTCCATCTAAGTAGAG-1-1,
CGCAATTGTAAGGTTGAAGTAGAG-1-1,
CGCAATTGTACTTATGAAGTAGAG-1-1,TP53_CALR_het
CGCAATTGTAGGAGGAAAGTAGAG-1-1,
CGCAATTGTCCTTATTAAGTAGAG-1-1,ZRSR2_CALR_mut
CGCAATTGTCGAGGCAAAGTAGAG-1-1,
CGCAATTGTTAGAGGCAAGTAGAG-1-1,TP53_CALR_het
CGCACAAAGAAGGTTCAAGTAGAG-1-1,TP53_EZH2_CALR_mut
CGCACAAAGACCATGGAAGTAGAG-1-1,
CGCACAAAGCCTGCCAAAGTAGAG-1-1,ZRSR2_CALR_mut
CGCACAAAGGATGTTAAAGTAGAG-1-1,
CGCACAAAGTAAGCACAAGTAGAG-1-1,TP53_EZH2_CALR_mut
CGCACAAAGTGAATCAAAGTAGAG-1-1,TP53_CALR_het
CGCACATTCAAGGGTTAAGTAGAG-1-1,TP53_CALR_het
CGCACATTCCATTAGTAAGTAGAG-1-1,TP53_CALR_het
CGCACATTCGACCCATAAGTAGAG-1-1,TP53_EZH2_CALR_mut
CGCACATTCGCTCAGTAAGTAGAG-1-1,TP53_CALR_het
CGCACATTCGGTCAAGAAGTAGAG-1-1,
CGCACATTCGTTATGTAAGTAGAG-1-1,
CGCACATTCTCACCGGAAGTAGAG-1-1,ZRSR2_CALR_mut
CGCACATTCTGGGAATAAGTAGAG-1-1,
CGCACATTCTTTAAGCAAGTAGAG-1-1,
CGCAGCACAAATACCGAAGTAGAG-1-1,
CGCAGCACACGAACGTAAGTAGAG-1-1,
CGCAGCACAGGATCCGAAGTAGAG-1-1,ZRSR2_CALR_mut
CGCAGGTAGACAACACAAGTAGAG-1-1,
CGCAGGTAGATAACTGAAGTAGAG-1-1,
CGCAGGTAGCGATAACAAGTAGAG-1-1,ZRSR2_CALR_mut
CGCAGGTAGCTACGTCAAGTAGAG-1-1,TP53_EZH2_CALR_mut
CGCAGGTAGGAAGCAAAAGTAGAG-1-1,TP53_CALR_het
CGCAGGTAGGCCCATTAAGTAGAG-1-1,
CGCAGGTAGGTTAGCGAAGTAGAG-1-1,TP53_EZH2_CALR_mut
CGCAGGTAGGTTCTTGAAGTAGAG-1-1,
CGCAGGTAGTCCTCAAAAGTAGAG-1-1,
CGCAGGTAGTCTACCAAAGTAGAG-1-1,
CGCATAACACGTTACTAAGTAGAG-1-1,TP53_CALR_het
CGCATAACACTTAACCAAGTAGAG-1-1,
CGCATAACAGCCAGCAAAGTAGAG-1-1,TP53_CALR_het
CGCATAACATGGCGCAAAGTAGAG-1-1,
CGCATCCCAACATAGTAAGTAGAG-1-1,
CGCATCCCAAGGTTATAAGTAGAG-1-1,
CGCATCCCAGAGAGCAAAGTAGAG-1-1,
CGCATCCCAGATAGCCAAGTAGAG-1-1,
CGCATCCCAGATTCGAAAGTAGAG-1-1,TP53_EZH2_CALR_mut
CGCATCCCATACCTTAAAGTAGAG-1-1,
CGCATGAAGACCTTGCAAGTAGAG-1-1,
CGCATGAAGCAGCCAAAAGTAGAG-1-1,TP53_CALR_het
CGCATGAAGGCGAGTCAAGTAGAG-1-1,
CGCATGAAGGGATTTAAAGTAGAG-1-1,TP53_EZH2_CALR_mut
CGCATGAAGGTCGAGCAAGTAGAG-1-1,
CGCATGAAGTTAACAGAAGTAGAG-1-1,TP53_EZH2_CALR_mut
CGCATTATCAAACCGGAAGTAGAG-1-1,TP53_EZH2_CALR_mut
CGCATTATCAACTGGGAAGTAGAG-1-1,
CGCATTATCACCAGGAAAGTAGAG-1-1,ZRSR2_CALR_mut
CGCATTATCACCATATAAGTAGAG-1-1,TP53_CALR_het
CGCATTATCCAAAGGTAAGTAGAG-1-1,TP53_CALR_het
CGCATTATCCAAATTCAAGTAGAG-1-1,
CGCATTATCCAACAGGAAGTAGAG-1-1,TP53_CALR_het
CGCATTATCGAGGCGTAAGTAGAG-1-1,TP53_CALR_het
CGCATTTCAAATAAGGAAGTAGAG-1-1,
CGCATTTCAATAACCGAAGTAGAG-1-1,
CGCATTTCAATCAAGTAAGTAGAG-1-1,
CGCATTTCAATGAAGAAAGTAGAG-1-1,
CGCATTTCACAGCAACAAGTAGAG-1-1,TP53_EZH2_CALR_mut
CGCATTTCATAGCGCGAAGTAGAG-1-1,
CGCATTTCATCAATCCAAGTAGAG-1-1,TP53_CALR_het
CGCATTTCATTAGTGGAAGTAGAG-1-1,
CGCATTTCATTCTGTAAAGTAGAG-1-1,
CGCCATCCAACCCTATAAGTAGAG-1-1,
CGCCATCCACAATGGCAAGTAGAG-1-1,TP53_EZH2_CALR_mut
CGCCATCCAGCTAAGCAAGTAGAG-1-1,TP53_EZH2_CALR_mut
CGCCATCCAGGCTTAAAAGTAGAG-1-1,TP53_CALR_het
CGCCATCCATGGATTGAAGTAGAG-1-1,
CGCCATCCATTGCCTGAAGTAGAG-1-1,TP53_CALR_het
CGCGACACAATCAAACAAGTAGAG-1-1,ZRSR2_CALR_mut
CGCGACACAATTAGGTAAGTAGAG-1-1,ZRSR2_CALR_mut
CGCGACACACACTAAGAAGTAGAG-1-1,TP53_EZH2_CALR_mut
CGCGACACAGAATCGCAAGTAGAG-1-1,
CGCGACACAGTGAGAGAAGTAGAG-1-1,TP53_CALR_het
CGCGACACATTGAACGAAGTAGAG-1-1,
CGCGACACATTTAGCCAAGTAGAG-1-1,TP53_CALR_het
CGCGACACATTTCGCGAAGTAGAG-1-1,TP53_CALR_het
CGCGATAAGCAAATCAAAGTAGAG-1-1,TP53_CALR_het
CGCGATAAGCCATTTGAAGTAGAG-1-1,
CGCGATAAGCGCAAGCAAGTAGAG-1-1,
CGCGATAAGCTAAACAAAGTAGAG-1-1,TP53_EZH2_CALR_mut
CGCGATAAGCTAGCCTAAGTAGAG-1-1,
CGCGATAAGCTTACATAAGTAGAG-1-1,TP53_EZH2_CALR_het
CGCGATAAGGAAACTCAAGTAGAG-1-1,
CGCGATAAGGAACCTGAAGTAGAG-1-1,
CGCGATAAGGCCCATTAAGTAGAG-1-1,TP53_CALR_het
CGCGATAAGTGTCCACAAGTAGAG-1-1,
CGCGATAAGTGTGAGTAAGTAGAG-1-1,TP53_EZH2_CALR_mut
CGCGATAAGTTGCGGAAAGTAGAG-1-1,TP53_EZH2_CALR_mut
CGCGATAAGTTTGCTGAAGTAGAG-1-1,
CGCGTGACAATCGTGAAAGTAGAG-1-1,TP53_CALR_het
CGCGTGACACAATGGCAAGTAGAG-1-1,
CGCGTGACACACTAAGAAGTAGAG-1-1,
CGCGTGACACCTAAGAAAGTAGAG-1-1,ZRSR2_CALR_mut
CGCGTGACAGACTCAAAAGTAGAG-1-1,
CGCGTGACAGAGAGCAAAGTAGAG-1-1,
CGCGTGACAGCCATAAAAGTAGAG-1-1,ZRSR2_CALR_mut
CGCGTGACAGCCTGAGAAGTAGAG-1-1,ZRSR2_CALR_mut
CGCGTGACAGCTCATTAAGTAGAG-1-1,TP53_CALR_het
CGCGTGACAGGTATATAAGTAGAG-1-1,TP53_CALR_het
CGCGTGACATCCAAGAAAGTAGAG-1-1,
CGCGTTCCAACCTGTTAAGTAGAG-1-1,
CGCGTTCCAATAACCGAAGTAGAG-1-1,TP53_EZH2_CALR_mut
CGCGTTCCACCTATCGAAGTAGAG-1-1,
CGCGTTCCAGATTGCAAAGTAGAG-1-1,
CGCGTTCCAGCACGTGAAGTAGAG-1-1,TP53_EZH2_CALR_mut
CGCGTTCCAGGTATATAAGTAGAG-1-1,TP53_CALR_het
CGCGTTCCATTTATCGAAGTAGAG-1-1,TP53_CALR_het
CGCGTTCCATTTGTTGAAGTAGAG-1-1,TP53_EZH2_CALR_mut
CGCTAAACAATCTCTAAAGTAGAG-1-1,TP53_CALR_het
CGCTAAACACAACATGAAGTAGAG-1-1,
CGCTAAACACCACAAAAAGTAGAG-1-1,TP53_CALR_het
CGCTAAACAGCCCTTAAAGTAGAG-1-1,TP53_EZH2_CALR_mut
CGCTAAACAGGTATATAAGTAGAG-1-1,
CGCTAAACATAATGACAAGTAGAG-1-1,
CGCTAAACATAGGGTCAAGTAGAG-1-1,TP53_CALR_het
CGCTAAACATCGTTCGAAGTAGAG-1-1,TP53_CALR_het
CGCTAAACATTCTGTAAAGTAGAG-1-1,TP53_EZH2_CALR_mut
CGCTAAACATTGTACCAAGTAGAG-1-1,
CGCTACGTCAACATTCAAGTAGAG-1-1,TP53_CALR_het
CGCTACGTCACACAAAAAGTAGAG-1-1,TP53_CALR_het
CGCTACGTCATAATCCAAGTAGAG-1-1,TP53_EZH2_CALR_mut
CGCTACGTCCAACAGGAAGTAGAG-1-1,
CGCTACGTCCATTAACAAGTAGAG-1-1,
CGCTACGTCGCGAAATAAGTAGAG-1-1,TP53_CALR_het
CGCTACGTCTCACAATAAGTAGAG-1-1,
CGCTACGTCTGGCCATAAGTAGAG-1-1,
CGCTACTAGAATGGCTAAGTAGAG-1-1,
CGCTACTAGGCGATATAAGTAGAG-1-1,
CGCTACTAGGTTATGAAAGTAGAG-1-1,
CGCTACTAGGTTGCAGAAGTAGAG-1-1,TP53_CALR_het
CGCTACTAGTCACCTAAAGTAGAG-1-1,
CGCTACTAGTTGGCCTAAGTAGAG-1-1,
CGCTATATCAGGAGCCAAGTAGAG-1-1,
CGCTATATCCAGATAAAAGTAGAG-1-1,
CGCTATATCCCTTTGTAAGTAGAG-1-1,TP53_CALR_het
CGCTATATCCGTCCAGAAGTAGAG-1-1,ZRSR2_CALR_mut
CGCTATATCCTGCCAGAAGTAGAG-1-1,
CGCTATATCGTCAACCAAGTAGAG-1-1,
CGCTCAGTCAAACCAAAAGTAGAG-1-1,
CGCTCAGTCAACATTCAAGTAGAG-1-1,TP53_CALR_het
CGCTCAGTCCATGATTAAGTAGAG-1-1,
CGCTCAGTCCCTCAAAAAGTAGAG-1-1,TP53_CALR_het
CGCTCAGTCCTTTGAGAAGTAGAG-1-1,TP53_EZH2_CALR_mut
CGCTCAGTCGAAGCATAAGTAGAG-1-1,TP53_CALR_het
CGCTCAGTCGATTAAGAAGTAGAG-1-1,ZRSR2_CALR_mut
CGCTGGACAAATATGCAAGTAGAG-1-1,TP53_EZH2_CALR_mut
CGCTGGACAAGGGTCTAAGTAGAG-1-1,TP53_EZH2_CALR_mut
CGCTGGACACATGAATAAGTAGAG-1-1,
CGCTGGACACCACATTAAGTAGAG-1-1,
CGCTGGACACGGATACAAGTAGAG-1-1,TP53_CALR_het
CGCTGGACACTAACAGAAGTAGAG-1-1,TP53_EZH2_CALR_mut
CGCTGGACACTAACGAAAGTAGAG-1-1,
CGCTGGACACTATGTCAAGTAGAG-1-1,
CGCTGGACAGAATCGCAAGTAGAG-1-1,TP53_EZH2_CALR_mut
CGCTGGACAGAGGCTTAAGTAGAG-1-1,TP53_EZH2_CALR_mut
CGCTGGACATCCCAATAAGTAGAG-1-1,
CGCTGGACATTTCGCGAAGTAGAG-1-1,
CGCTTTAAGCATTTCGAAGTAGAG-1-1,
CGCTTTAAGCCGCTATAAGTAGAG-1-1,TP53_EZH2_CALR_mut
CGCTTTAAGGATTATGAAGTAGAG-1-1,
CGCTTTAAGTTACATCAAGTAGAG-1-1,ZRSR2_CALR_mut
CGCTTTAAGTTTGACTAAGTAGAG-1-1,
CGGAACCAGACAACTAAAGTAGAG-1-1,ZRSR2_CALR_mut
CGGAACCAGCAAAGCTAAGTAGAG-1-1,TP53_CALR_het
CGGAACCAGCACGTTCAAGTAGAG-1-1,
CGGAACCAGCCGCTATAAGTAGAG-1-1,ZRSR2_CALR_mut
CGGAACCAGCCTAGTCAAGTAGAG-1-1,
CGGAACCAGGCTGGTAAAGTAGAG-1-1,
CGGAACGGTAACTACCAAGTAGAG-1-1,
CGGAACGGTAATGAACAAGTAGAG-1-1,TP53_EZH2_CALR_mut
CGGAACGGTACTTCCCAAGTAGAG-1-1,TP53_CALR_het
CGGAACGGTATTCGTAAAGTAGAG-1-1,TP53_CALR_het
CGGAACGGTCCCTCTGAAGTAGAG-1-1,TP53_CALR_het
CGGAACGGTCGTAAAGAAGTAGAG-1-1,TP53_CALR_het
CGGAACGGTGTTTCGGAAGTAGAG-1-1,
CGGAACGGTTCAAGCTAAGTAGAG-1-1,TP53_EZH2_CALR_mut
CGGAACGGTTCACCTCAAGTAGAG-1-1,
CGGAACGGTTCCAGCAAAGTAGAG-1-1,
CGGCAATCAACATAGTAAGTAGAG-1-1,TP53_CALR_het
CGGCAATCACATGCTTAAGTAGAG-1-1,TP53_CALR_het
CGGCAATCAGCTAGCGAAGTAGAG-1-1,TP53_CALR_het
CGGCAATCATCTATGCAAGTAGAG-1-1,TP53_CALR_het
CGGCAATCATTCAGGAAAGTAGAG-1-1,TP53_CALR_het
CGGCAATCATTCCTTTAAGTAGAG-1-1,
CGGCAATCATTTCGCGAAGTAGAG-1-1,
CGGCTAAAGACCATGGAAGTAGAG-1-1,
CGGCTAAAGAGCCGGTAAGTAGAG-1-1,
CGGCTAAAGAGGTTCGAAGTAGAG-1-1,TP53_CALR_het
CGGCTAAAGCTTCCTTAAGTAGAG-1-1,TP53_CALR_het
CGGCTAAAGGCTGGTAAAGTAGAG-1-1,ZRSR2_CALR_mut
CGGCTAAAGGCTTAGGAAGTAGAG-1-1,
CGGCTAAAGGTAGACTAAGTAGAG-1-1,
CGGCTAAAGTATGGTAAAGTAGAG-1-1,TP53_CALR_het
CGGCTAAAGTCAACTTAAGTAGAG-1-1,TP53_EZH2_CALR_mut
CGGCTAAAGTGATTAGAAGTAGAG-1-1,
CGGCTAAAGTTTGAGAAAGTAGAG-1-1,
CGGGATGGTAAACTGGAAGTAGAG-1-1,
CGGGATGGTAAGGTTGAAGTAGAG-1-1,TP53_EZH2_CALR_mut
CGGGATGGTAATGTCCAAGTAGAG-1-1,TP53_CALR_het
CGGGATGGTCCTGCAAAAGTAGAG-1-1,TP53_CALR_het
CGGGATGGTCGTTCTCAAGTAGAG-1-1,
CGGGATGGTGGTGCAGAAGTAGAG-1-1,
CGGGATGGTGTCCAGCAAGTAGAG-1-1,TP53_CALR_het
CGGGCTACAAACCTGAAAGTAGAG-1-1,
CGGGCTACAAGCCACGAAGTAGAG-1-1,
CGGGCTACAGGTATTGAAGTAGAG-1-1,
CGGGCTACATACTTGCAAGTAGAG-1-1,
CGGGCTACATCATGCTAAGTAGAG-1-1,
CGGGTTAAGACCTTGCAAGTAGAG-1-1,
CGGGTTAAGAGGATGAAAGTAGAG-1-1,
CGGGTTAAGATTCGTTAAGTAGAG-1-1,
CGGGTTAAGCAATTGAAAGTAGAG-1-1,
CGGGTTAAGCACGGTAAAGTAGAG-1-1,TP53_EZH2_CALR_mut
CGGGTTAAGCATCTATAAGTAGAG-1-1,
CGGGTTAAGGAACTTAAAGTAGAG-1-1,TP53_CALR_het
CGGGTTAAGGTCAAACAAGTAGAG-1-1,TP53_EZH2_CALR_mut
CGGGTTAAGGTGAGAAAAGTAGAG-1-1,TP53_EZH2_CALR_mut
CGGGTTAAGGTTAGCGAAGTAGAG-1-1,TP53_CALR_het
CGGGTTAAGTTACAGAAAGTAGAG-1-1,
CGGGTTAAGTTAGGGTAAGTAGAG-1-1,TP53_EZH2_CALR_mut
CGGGTTGCACCACATTAAGTAGAG-1-1,
CGGGTTGCACTGTCATAAGTAGAG-1-1,
CGGGTTGCATAGTCAGAAGTAGAG-1-1,TP53_CALR_het
CGGGTTGCATCACGAAAAGTAGAG-1-1,TP53_CALR_het
CGGGTTGCATGGATTGAAGTAGAG-1-1,TP53_CALR_het
CGGGTTGCATTGAACGAAGTAGAG-1-1,
CGGGTTGCATTTCTTCAAGTAGAG-1-1,
CGGGTTGCATTTGTTGAAGTAGAG-1-1,
CGGTATTGTAAACCCTAAGTAGAG-1-1,
CGGTATTGTAAGGCTAAAGTAGAG-1-1,TP53_EZH2_CALR_mut
CGGTATTGTACGAACAAAGTAGAG-1-1,
CGGTATTGTGTTTGTAAAGTAGAG-1-1,TP53_EZH2_CALR_mut
CGGTATTGTTAGTAGGAAGTAGAG-1-1,TP53_CALR_het
CGGTATTGTTCACTCCAAGTAGAG-1-1,
CGGTATTGTTTAGTTGAAGTAGAG-1-1,TP53_CALR_het
CGGTCAAAGGAACCGCAAGTAGAG-1-1,
CGGTCAAAGGAAGCCCAAGTAGAG-1-1,TP53_EZH2_CALR_mut
CGGTCAAAGGATTAGCAAGTAGAG-1-1,ZRSR2_CALR_mut
CGGTCAAAGGGTTTCCAAGTAGAG-1-1,TP53_CALR_het
CGGTCAAAGGTGAATCAAGTAGAG-1-1,
CGGTCAAAGGTTAGACAAGTAGAG-1-1,TP53_CALR_het
CGGTCAAAGTGGCTTCAAGTAGAG-1-1,TP53_CALR_het
CGGTCAAAGTGTTTCGAAGTAGAG-1-1,ZRSR2_CALR_mut
CGGTCAAAGTTATTGCAAGTAGAG-1-1,TP53_EZH2_CALR_mut
CGGTCAAAGTTTGACTAAGTAGAG-1-1,
CGGTGAGGTAAGCGTAAAGTAGAG-1-1,TP53_CALR_het
CGGTGAGGTCATCCCTAAGTAGAG-1-1,TP53_CALR_het
CGGTGAGGTGCGTACCAAGTAGAG-1-1,
CGGTGAGGTTGGATAGAAGTAGAG-1-1,
CGGTGAGGTTTACTGAAAGTAGAG-1-1,
CGGTGCACAACCTGTTAAGTAGAG-1-1,TP53_EZH2_CALR_mut
CGGTGCACAACTAAGTAAGTAGAG-1-1,
CGGTGCACACAACAATAAGTAGAG-1-1,TP53_CALR_het
CGGTGCACACATAGATAAGTAGAG-1-1,
CGGTGCACAGCACCTCAAGTAGAG-1-1,TP53_CALR_het
CGGTGCACATTGACTCAAGTAGAG-1-1,
CGGTGTGCAACAGGGAAAGTAGAG-1-1,ZRSR2_CALR_mut
CGGTGTGCAAGCGATCAAGTAGAG-1-1,TP53_EZH2_CALR_mut
CGGTGTGCACACTGGGAAGTAGAG-1-1,
CGGTGTGCACCGGCAAAAGTAGAG-1-1,TP53_EZH2_CALR_mut
CGGTGTGCACCTTACGAAGTAGAG-1-1,TP53_EZH2_CALR_het
CGGTGTGCATAGCGCGAAGTAGAG-1-1,TP53_CALR_het
CGGTGTGCATATCGCTAAGTAGAG-1-1,
CGGTGTGCATCGTTCGAAGTAGAG-1-1,
CGGTTAGAGATGGATCAAGTAGAG-1-1,TP53_EZH2_CALR_mut
CGGTTAGAGCACGCAAAAGTAGAG-1-1,TP53_EZH2_CALR_mut
CGGTTAGAGCTCAAGGAAGTAGAG-1-1,ZRSR2_CALR_mut
CGGTTAGAGGCCATGAAAGTAGAG-1-1,
CGGTTAGAGGCGATATAAGTAGAG-1-1,TP53_CALR_het
CGGTTAGAGGGTTACGAAGTAGAG-1-1,
CGGTTAGAGTATCGCCAAGTAGAG-1-1,TP53_EZH2_CALR_mut
CGGTTAGAGTCACCTAAAGTAGAG-1-1,TP53_EZH2_CALR_mut
CGGTTAGAGTGTGATAAAGTAGAG-1-1,
CGGTTAGAGTTACACTAAGTAGAG-1-1,TP53_CALR_het
CGGTTAGAGTTACCCAAAGTAGAG-1-1,ZRSR2_CALR_mut
CGGTTATGTAACGGGTAAGTAGAG-1-1,
CGGTTATGTACAGCAAAAGTAGAG-1-1,TP53_EZH2_CALR_mut
CGGTTATGTACTTACAAAGTAGAG-1-1,
CGGTTATGTCCACAATAAGTAGAG-1-1,
CGGTTATGTCCAGCACAAGTAGAG-1-1,TP53_EZH2_CALR_mut
CGGTTATGTCCTGACAAAGTAGAG-1-1,TP53_EZH2_CALR_mut
CGGTTATGTCGCAATTAAGTAGAG-1-1,ZRSR2_CALR_mut
CGGTTATGTCGTTGCAAAGTAGAG-1-1,
CGGTTATGTGACATTCAAGTAGAG-1-1,
CGGTTATGTGCATCGCAAGTAGAG-1-1,TP53_CALR_het
CGGTTATGTGGCTTTGAAGTAGAG-1-1,TP53_EZH2_CALR_mut
CGGTTATGTTCAAGGAAAGTAGAG-1-1,
CGGTTATGTTGCGCTAAAGTAGAG-1-1,
CGTAAACAGAAGCATCAAGTAGAG-1-1,
CGTAAACAGAAGTAGGAAGTAGAG-1-1,ZRSR2_CALR_mut
CGTAAACAGAGGAGGTAAGTAGAG-1-1,
CGTAAACAGCCTTAATAAGTAGAG-1-1,TP53_CALR_het
CGTAAACAGCTAGCCTAAGTAGAG-1-1,
CGTAAACAGGAGCCGTAAGTAGAG-1-1,TP53_CALR_het
CGTAAACAGGTGCACAAAGTAGAG-1-1,TP53_CALR_het
CGTAAACAGGTTGTAAAAGTAGAG-1-1,TP53_CALR_het
CGTAAACAGTGCTGAGAAGTAGAG-1-1,TP53_EZH2_CALR_het
CGTAAAGGTCAACTACAAGTAGAG-1-1,TP53_CALR_het
CGTAAAGGTGTGTTACAAGTAGAG-1-1,TP53_EZH2_CALR_mut
CGTAAAGGTTAGTGAGAAGTAGAG-1-1,
CGTAACGAGATAACGCAAGTAGAG-1-1,
CGTAACGAGCCTAAGGAAGTAGAG-1-1,
CGTAACGAGCGCTACTAAGTAGAG-1-1,
CGTAACGAGTACCAGGAAGTAGAG-1-1,
CGTAAGTAGAACCTCCAAGTAGAG-1-1,
CGTAAGTAGACCTTGCAAGTAGAG-1-1,TP53_CALR_het
CGTAAGTAGCAAATCAAAGTAGAG-1-1,ZRSR2_CALR_mut
CGTAAGTAGCAATTGAAAGTAGAG-1-1,
CGTAAGTAGCACTACCAAGTAGAG-1-1,
CGTAAGTAGTAAGCTAAAGTAGAG-1-1,
CGTAAGTAGTCAACAAAAGTAGAG-1-1,
CGTAAGTAGTCACCTAAAGTAGAG-1-1,
CGTAATCGTAACTACCAAGTAGAG-1-1,ZRSR2_CALR_mut
CGTAATCGTATATTCGAAGTAGAG-1-1,TP53_CALR_het
CGTAATCGTCAAGCTTAAGTAGAG-1-1,TP53_CALR_het
CGTAATCGTCACAGAAAAGTAGAG-1-1,TP53_EZH2_CALR_mut
CGTAATCGTCAGGATAAAGTAGAG-1-1,TP53_CALR_het
CGTAATCGTCATCATAAAGTAGAG-1-1,TP53_CALR_het
CGTAATCGTCCATCCTAAGTAGAG-1-1,
CGTAATCGTTACTCCCAAGTAGAG-1-1,TP53_CALR_het
CGTAATCGTTAGTGGAAAGTAGAG-1-1,TP53_CALR_het
CGTAATCGTTCAAGGAAAGTAGAG-1-1,
CGTAATTTCACAATGAAAGTAGAG-1-1,TP53_EZH2_CALR_mut
CGTAATTTCATCAGCCAAGTAGAG-1-1,TP53_CALR_het
CGTAATTTCCATGATTAAGTAGAG-1-1,
CGTAATTTCCGTCCAGAAGTAGAG-1-1,
CGTAATTTCGCGGAACAAGTAGAG-1-1,
CGTAATTTCTCTCGCCAAGTAGAG-1-1,
CGTAATTTCTTAATGCAAGTAGAG-1-1,TP53_EZH2_CALR_mut
CGTACGTTCAGCACGAAAGTAGAG-1-1,
CGTACGTTCGACCGTTAAGTAGAG-1-1,
CGTACGTTCGAGAGAAAAGTAGAG-1-1,
CGTACTTCAAACAAGAAAGTAGAG-1-1,
CGTACTTCAAGGCTTAAAGTAGAG-1-1,
CGTACTTCAAGTGGCTAAGTAGAG-1-1,TP53_EZH2_CALR_mut
CGTACTTCAATCAAGTAAGTAGAG-1-1,TP53_CALR_het
CGTACTTCAATCATCCAAGTAGAG-1-1,TP53_EZH2_CALR_mut
CGTACTTCAATGTGGCAAGTAGAG-1-1,TP53_EZH2_CALR_mut
CGTACTTCACTATGGAAAGTAGAG-1-1,
CGTACTTCAGCCATAAAAGTAGAG-1-1,
CGTACTTCAGTAATACAAGTAGAG-1-1,
CGTACTTCATAGCCGGAAGTAGAG-1-1,
CGTACTTCATAGCGACAAGTAGAG-1-1,TP53_EZH2_CALR_mut
CGTACTTCATCAAGTGAAGTAGAG-1-1,
CGTACTTCATCAGGTAAAGTAGAG-1-1,TP53_CALR_het
CGTACTTCATGGATTGAAGTAGAG-1-1,TP53_CALR_het
CGTAGCGCAAATAACCAAGTAGAG-1-1,
CGTAGCGCAAGACATTAAGTAGAG-1-1,TP53_EZH2_CALR_mut
CGTAGCGCAAGCTCAAAAGTAGAG-1-1,
CGTAGCGCAATCGTTCAAGTAGAG-1-1,
CGTAGCGCACGATTAGAAGTAGAG-1-1,
CGTAGCGCACTAACAGAAGTAGAG-1-1,TP53_EZH2_CALR_mut
CGTAGCGCAGTGAGGAAAGTAGAG-1-1,
CGTAGCGCATCATGCTAAGTAGAG-1-1,TP53_EZH2_CALR_mut
CGTAGCGCATCCACCAAAGTAGAG-1-1,TP53_CALR_het
CGTAGCGCATGACCAAAAGTAGAG-1-1,TP53_EZH2_CALR_mut
CGTAGCGCATGCAATGAAGTAGAG-1-1,
CGTAGCGCATTGCCTGAAGTAGAG-1-1,
CGTATATTCAATGTTCAAGTAGAG-1-1,TP53_CALR_het
CGTATATTCCTGAGGAAAGTAGAG-1-1,TP53_CALR_het
CGTATATTCGCCTATAAAGTAGAG-1-1,
CGTATATTCGCCTCGAAAGTAGAG-1-1,
CGTATATTCTATGCATAAGTAGAG-1-1,
CGTATATTCTGGTCTAAAGTAGAG-1-1,TP53_CALR_het
CGTCATTCAACAGGGAAAGTAGAG-1-1,TP53_EZH2_CALR_mut
CGTCATTCAAGCGAAGAAGTAGAG-1-1,
CGTCATTCAAGTGGCTAAGTAGAG-1-1,TP53_EZH2_CALR_het
CGTCATTCAATTGCGAAAGTAGAG-1-1,
CGTCATTCACACTAAGAAGTAGAG-1-1,
CGTCATTCACGTAAATAAGTAGAG-1-1,ZRSR2_CALR_mut
CGTCATTCAGAAAGGTAAGTAGAG-1-1,
CGTCATTCAGGCTAACAAGTAGAG-1-1,TP53_CALR_het
CGTCATTCATGGGTTAAAGTAGAG-1-1,TP53_EZH2_CALR_mut
CGTCCATAGCGAATGTAAGTAGAG-1-1,
CGTCCATAGGAAGCCCAAGTAGAG-1-1,
CGTCCATAGGCGCAACAAGTAGAG-1-1,
CGTCCATAGGTCAAACAAGTAGAG-1-1,
CGTCCATAGTGTGATAAAGTAGAG-1-1,
CGTGAACCACATACCTAAGTAGAG-1-1,
CGTGAACCACATAGTGAAGTAGAG-1-1,
CGTGAACCATCGAACAAAGTAGAG-1-1,TP53_CALR_het
CGTGAACCATGAGTCAAAGTAGAG-1-1,TP53_CALR_het
CGTGAACCATTGCCCAAAGTAGAG-1-1,TP53_CALR_het
CGTGAACCATTTGGCTAAGTAGAG-1-1,
CGTGAGGGTCATTTAGAAGTAGAG-1-1,TP53_CALR_het
CGTGAGGGTCCGGTACAAGTAGAG-1-1,
CGTGAGGGTCCGTGACAAGTAGAG-1-1,TP53_EZH2_CALR_mut
CGTGAGGGTTAAGCTCAAGTAGAG-1-1,ZRSR2_CALR_mut
CGTGAGGGTTGAGTCTAAGTAGAG-1-1,
CGTGAGGGTTGGATGAAAGTAGAG-1-1,TP53_CALR_het
CGTGCGTGTACCTTAAAAGTAGAG-1-1,TP53_CALR_het
CGTGCGTGTCAGGAACAAGTAGAG-1-1,
CGTGCGTGTGCTGATTAAGTAGAG-1-1,
CGTGCGTGTGGAAGCTAAGTAGAG-1-1,
CGTGCGTGTTGGTTACAAGTAGAG-1-1,TP53_CALR_het
CGTGCTTAGAGGCGGAAAGTAGAG-1-1,TP53_EZH2_CALR_mut
CGTGCTTAGCAGCCAAAAGTAGAG-1-1,
CGTGCTTAGCAGCTAGAAGTAGAG-1-1,TP53_CALR_het
CGTGCTTAGGATGGTTAAGTAGAG-1-1,TP53_EZH2_CALR_mut
CGTGCTTAGGCTGTGAAAGTAGAG-1-1,TP53_EZH2_CALR_mut
CGTGCTTAGTCGAAACAAGTAGAG-1-1,ZRSR2_CALR_mut
CGTGCTTAGTTACATCAAGTAGAG-1-1,
CGTGCTTAGTTTACCGAAGTAGAG-1-1,TP53_EZH2_CALR_mut
CGTGTCCCAAAGCCTAAAGTAGAG-1-1,TP53_CALR_het
CGTGTCCCAACTTCGTAAGTAGAG-1-1,
CGTGTCCCACATAAGTAAGTAGAG-1-1,TP53_CALR_het
CGTGTCCCACTCAGTTAAGTAGAG-1-1,TP53_EZH2_CALR_mut
CGTGTCCCAGGACTACAAGTAGAG-1-1,TP53_CALR_het
CGTGTTTCAAACAAGAAAGTAGAG-1-1,
CGTGTTTCAACCTCGCAAGTAGAG-1-1,
CGTGTTTCAAGAACAAAAGTAGAG-1-1,
CGTGTTTCAATGGGAGAAGTAGAG-1-1,TP53_CALR_het
CGTGTTTCACCATCCAAAGTAGAG-1-1,
CGTGTTTCACGGGCTAAAGTAGAG-1-1,
CGTGTTTCAGCACTAAAAGTAGAG-1-1,TP53_CALR_het
CGTGTTTCAGCCATTTAAGTAGAG-1-1,TP53_EZH2_CALR_mut
CGTGTTTCAGGGCTATAAGTAGAG-1-1,
CGTGTTTCATGCCTCAAAGTAGAG-1-1,TP53_EZH2_CALR_mut
CGTGTTTCATGCGCCTAAGTAGAG-1-1,
CGTGTTTCATTGAACGAAGTAGAG-1-1,TP53_CALR_het
CGTTACATCCCAAATTAAGTAGAG-1-1,
CGTTACATCCCAGTACAAGTAGAG-1-1,
CGTTACATCGAGGCGTAAGTAGAG-1-1,TP53_EZH2_CALR_mut
CGTTACTCAAGCTAATAAGTAGAG-1-1,
CGTTACTCAAGGGTCTAAGTAGAG-1-1,TP53_CALR_het
CGTTACTCAATATGGTAAGTAGAG-1-1,TP53_EZH2_CALR_mut
CGTTACTCACAACATGAAGTAGAG-1-1,TP53_CALR_het
CGTTACTCAGCTTAAGAAGTAGAG-1-1,
CGTTACTCATTAGCGAAAGTAGAG-1-1,
CGTTATAGTAACGTTCAAGTAGAG-1-1,
CGTTATAGTATGGTAGAAGTAGAG-1-1,TP53_CALR_het
CGTTATAGTCAGGGCAAAGTAGAG-1-1,
CGTTATAGTTTATGGCAAGTAGAG-1-1,
CGTTATGTCAACATTCAAGTAGAG-1-1,
CGTTATGTCAAGCGATAAGTAGAG-1-1,
CGTTATGTCAGGTTAAAAGTAGAG-1-1,
CGTTATGTCATTGCATAAGTAGAG-1-1,
CGTTATGTCCGCCACAAAGTAGAG-1-1,TP53_EZH2_CALR_mut
CGTTATGTCCGTTAGCAAGTAGAG-1-1,TP53_CALR_het
CGTTATGTCCTGATCAAAGTAGAG-1-1,ZRSR2_CALR_mut
CGTTATGTCGCCTATAAAGTAGAG-1-1,
CGTTATGTCGCGCATTAAGTAGAG-1-1,TP53_CALR_het
CGTTATGTCGCTTGGTAAGTAGAG-1-1,TP53_CALR_het
CGTTATGTCGGTAATAAAGTAGAG-1-1,TP53_CALR_het
CGTTATTAGCCTAGTCAAGTAGAG-1-1,TP53_EZH2_CALR_mut
CGTTATTAGCGAGGGAAAGTAGAG-1-1,
CGTTATTAGCGAGTTGAAGTAGAG-1-1,TP53_EZH2_CALR_het
CGTTATTAGGCCATTCAAGTAGAG-1-1,TP53_CALR_het
CGTTATTAGGCCTTCGAAGTAGAG-1-1,TP53_EZH2_CALR_mut
CGTTATTAGTCACCTAAAGTAGAG-1-1,
CGTTATTAGTTACCCAAAGTAGAG-1-1,TP53_EZH2_CALR_mut
CGTTCAATCACAGGATAAGTAGAG-1-1,ZRSR2_CALR_mut
CGTTCAATCACCAGCTAAGTAGAG-1-1,
CGTTCAATCAGGAGCCAAGTAGAG-1-1,ZRSR2_CALR_mut
CGTTCAATCAGGTAGTAAGTAGAG-1-1,
CGTTCAATCATGTCATAAGTAGAG-1-1,TP53_CALR_het
CGTTCAATCATTACCGAAGTAGAG-1-1,
CGTTCAATCCCTTTGTAAGTAGAG-1-1,TP53_CALR_het
CGTTCAATCCGGATAGAAGTAGAG-1-1,TP53_CALR_het
CGTTCAATCGATTACTAAGTAGAG-1-1,ZRSR2_CALR_mut
CGTTCAATCGCGTTCGAAGTAGAG-1-1,
CGTTCAATCTAACTACAAGTAGAG-1-1,TP53_EZH2_CALR_mut
CGTTCGTAGCAACATAAAGTAGAG-1-1,
CGTTCGTAGGCAGGCTAAGTAGAG-1-1,TP53_EZH2_CALR_mut
CGTTCGTAGGCGCAACAAGTAGAG-1-1,
CGTTCGTAGTCAAACAAAGTAGAG-1-1,TP53_CALR_het
CGTTGCGTCAAGCCAGAAGTAGAG-1-1,TP53_EZH2_CALR_mut
CGTTGCGTCAATCCTGAAGTAGAG-1-1,
CGTTGCGTCACGGACAAAGTAGAG-1-1,
CGTTGCGTCAGCGATGAAGTAGAG-1-1,
CGTTGCGTCATGAATGAAGTAGAG-1-1,TP53_EZH2_CALR_mut
CGTTGCGTCATGATGAAAGTAGAG-1-1,ZRSR2_CALR_mut
CGTTGCGTCCGCAATCAAGTAGAG-1-1,
CGTTGCGTCCTGCAACAAGTAGAG-1-1,
CGTTGCGTCCTGCCAGAAGTAGAG-1-1,
CGTTGTCAGAGGAGTAAAGTAGAG-1-1,
CGTTGTCAGAGGATAGAAGTAGAG-1-1,TP53_CALR_het
CGTTGTCAGATTCCCAAAGTAGAG-1-1,
CGTTGTCAGGCTACTCAAGTAGAG-1-1,
CGTTGTCAGTACCCACAAGTAGAG-1-1,TP53_CALR_het
CGTTGTCAGTTAGGGTAAGTAGAG-1-1,
CGTTGTCAGTTATTGCAAGTAGAG-1-1,
CGTTGTCAGTTTCACGAAGTAGAG-1-1,TP53_CALR_het
CGTTTGGGTAAAGCATAAGTAGAG-1-1,TP53_CALR_het
CGTTTGGGTAGGTGACAAGTAGAG-1-1,ZRSR2_CALR_mut
CGTTTGGGTAGTCATCAAGTAGAG-1-1,TP53_CALR_het
CGTTTGGGTCAATTCAAAGTAGAG-1-1,TP53_CALR_het
CGTTTGGGTCACAGAAAAGTAGAG-1-1,TP53_EZH2_CALR_mut
CGTTTGGGTCTACCTCAAGTAGAG-1-1,TP53_CALR_het
CGTTTGGGTTAATTCGAAGTAGAG-1-1,ZRSR2_CALR_mut
CGTTTGGGTTCCAGCAAAGTAGAG-1-1,TP53_EZH2_CALR_mut
CGTTTGGGTTGACCCAAAGTAGAG-1-1,
CGTTTGGGTTGTTTAGAAGTAGAG-1-1,TP53_CALR_het
CGTTTGGGTTTATGGCAAGTAGAG-1-1,
CGTTTGGGTTTCAGGTAAGTAGAG-1-1,
CGTTTGGGTTTCCTCAAAGTAGAG-1-1,
CGTTTGTCAACCGGATAAGTAGAG-1-1,
CGTTTGTCAAGCTAATAAGTAGAG-1-1,ZRSR2_CALR_mut
CGTTTGTCACCATACTAAGTAGAG-1-1,
CGTTTGTCACCTACTGAAGTAGAG-1-1,
CGTTTGTCATATAGGTAAGTAGAG-1-1,
CGTTTGTCATGTTTCAAAGTAGAG-1-1,TP53_EZH2_CALR_mut
CTAAATGAGACTAATGAAGTAGAG-1-1,
CTAAATGAGAGGATGAAAGTAGAG-1-1,TP53_CALR_het
CTAAATGAGCGAGTTGAAGTAGAG-1-1,
CTAAATGAGCTGGGTAAAGTAGAG-1-1,
CTAAATGAGGATTAGCAAGTAGAG-1-1,ZRSR2_CALR_mut
CTAAATGAGGCACTAGAAGTAGAG-1-1,TP53_EZH2_CALR_mut
CTAAATGAGTTGCAAAAAGTAGAG-1-1,
CTAACAGCAAACACGCAAGTAGAG-1-1,
CTAACAGCACATTGTCAAGTAGAG-1-1,TP53_CALR_het
CTAACAGCACGTAATGAAGTAGAG-1-1,TP53_EZH2_CALR_mut
CTAACAGCAGACTCAAAAGTAGAG-1-1,
CTAACAGCAGCTTTCGAAGTAGAG-1-1,TP53_EZH2_CALR_mut
CTAACAGCAGGCTTAAAAGTAGAG-1-1,TP53_EZH2_CALR_mut
CTAACAGCATAACCGAAAGTAGAG-1-1,TP53_CALR_het
CTAACAGCATCGTTCGAAGTAGAG-1-1,TP53_CALR_het
CTAACCATCACAAATGAAGTAGAG-1-1,ZRSR2_CALR_mut
CTAACCATCATGAATGAAGTAGAG-1-1,TP53_CALR_het
CTAACCATCATTGAAGAAGTAGAG-1-1,TP53_CALR_het
CTAACCATCCCAGACTAAGTAGAG-1-1,TP53_CALR_het
CTAACCATCGACCGTTAAGTAGAG-1-1,
CTAACCGGTACAGCAAAAGTAGAG-1-1,ZRSR2_CALR_mut
CTAACCGGTGAACGACAAGTAGAG-1-1,ZRSR2_CALR_mut
CTAACCGGTGCGCATCAAGTAGAG-1-1,TP53_CALR_het
CTAACCGGTTGCGCTAAAGTAGAG-1-1,TP53_EZH2_CALR_mut
CTAACCGGTTGTTGTAAAGTAGAG-1-1,TP53_EZH2_CALR_mut
CTAACCGGTTTAGTTGAAGTAGAG-1-1,TP53_EZH2_CALR_mut
CTAACCTCAACAGGCTAAGTAGAG-1-1,TP53_CALR_het
CTAACCTCAATAGCTGAAGTAGAG-1-1,
CTAACCTCACCTTACGAAGTAGAG-1-1,
CTAACCTCAGCTAAGCAAGTAGAG-1-1,
CTAACCTCAGGATGCTAAGTAGAG-1-1,TP53_CALR_het
CTAACCTCAGGCTATAAAGTAGAG-1-1,
CTAACCTCAGTTATCCAAGTAGAG-1-1,
CTAACCTCATAATGACAAGTAGAG-1-1,TP53_EZH2_CALR_mut
CTAACCTCATTGCCGCAAGTAGAG-1-1,
CTAACTAGTAAACTGGAAGTAGAG-1-1,
CTAACTAGTCCTTAGGAAGTAGAG-1-1,
CTAACTAGTGCTCCTTAAGTAGAG-1-1,TP53_CALR_het
CTAACTAGTGGAAGCTAAGTAGAG-1-1,TP53_CALR_het
CTAACTAGTGTCCTTCAAGTAGAG-1-1,TP53_CALR_het
CTAACTAGTGTTTGCGAAGTAGAG-1-1,TP53_EZH2_CALR_mut
CTAACTAGTTCCGCAAAAGTAGAG-1-1,
CTAACTAGTTTGAGCTAAGTAGAG-1-1,
CTAAGATCAACAGCACAAGTAGAG-1-1,TP53_CALR_het
CTAAGATCAACCTCGCAAGTAGAG-1-1,TP53_EZH2_CALR_mut
CTAAGATCAACCTGTTAAGTAGAG-1-1,
CTAAGATCACACCCACAAGTAGAG-1-1,TP53_CALR_het
CTAAGATCACCACAAAAAGTAGAG-1-1,TP53_EZH2_CALR_mut
CTAAGATCACCTCGACAAGTAGAG-1-1,
CTAAGATCAGCCCTTAAAGTAGAG-1-1,
CTAAGATCAGCGATCGAAGTAGAG-1-1,TP53_CALR_het
CTAAGATCATCATAGGAAGTAGAG-1-1,TP53_CALR_het
CTAAGATCATGCGCCTAAGTAGAG-1-1,ZRSR2_CALR_mut
CTAAGATCATTGAACGAAGTAGAG-1-1,TP53_CALR_het
CTAAGATCATTTCGCGAAGTAGAG-1-1,TP53_CALR_het
CTAAGGCCAAATATGCAAGTAGAG-1-1,
CTAAGGCCAACCTGTTAAGTAGAG-1-1,
CTAAGGCCAACTTGTCAAGTAGAG-1-1,ZRSR2_CALR_mut
CTAAGGCCAAGATGCCAAGTAGAG-1-1,TP53_CALR_het
CTAAGGCCAATAGAAGAAGTAGAG-1-1,
CTAAGGCCAATGGGAGAAGTAGAG-1-1,TP53_CALR_het
CTAAGGCCAATTGAACAAGTAGAG-1-1,TP53_EZH2_CALR_mut
CTAAGGCCACAGGCTGAAGTAGAG-1-1,TP53_EZH2_CALR_mut
CTAAGGCCACCATCATAAGTAGAG-1-1,
CTAAGGCCACGGATACAAGTAGAG-1-1,
CTAAGGCCACTTTATGAAGTAGAG-1-1,
CTAAGGCCAGGCTGTGAAGTAGAG-1-1,
CTAAGGCCAGGTATTGAAGTAGAG-1-1,
CTAAGGCCAGGTGACTAAGTAGAG-1-1,
CTAAGGCCAGTTATGGAAGTAGAG-1-1,TP53_CALR_het
CTAAGGCCATTTATCGAAGTAGAG-1-1,TP53_CALR_het
CTAAGGGTCAAAGGGAAAGTAGAG-1-1,
CTAAGGGTCACAAACAAAGTAGAG-1-1,
CTAAGGGTCACCCTGGAAGTAGAG-1-1,
CTAAGGGTCACTTCGAAAGTAGAG-1-1,TP53_CALR_het
CTAAGGGTCATGGAACAAGTAGAG-1-1,
CTAAGGGTCATTGTACAAGTAGAG-1-1,TP53_CALR_het
CTAAGGGTCCAAACGGAAGTAGAG-1-1,TP53_CALR_het
CTAAGGGTCCACAACCAAGTAGAG-1-1,TP53_EZH2_CALR_mut
CTAAGGGTCGAGGCGTAAGTAGAG-1-1,TP53_CALR_het
CTAAGGGTCGATATAGAAGTAGAG-1-1,TP53_CALR_het
CTAAGGGTCTTAAGGAAAGTAGAG-1-1,TP53_EZH2_CALR_mut
CTAAGTAAGCAAATCAAAGTAGAG-1-1,
CTAAGTAAGCAGGCTAAAGTAGAG-1-1,
CTAAGTAAGCATCTATAAGTAGAG-1-1,
CTAAGTAAGCCATAAAAAGTAGAG-1-1,
CTAAGTAAGCGCGAACAAGTAGAG-1-1,TP53_CALR_het
CTAAGTAAGGTTCCGTAAGTAGAG-1-1,
CTAAGTAAGTCTAACTAAGTAGAG-1-1,ZRSR2_CALR_mut
CTAAGTAAGTTACAGAAAGTAGAG-1-1,ZRSR2_CALR_mut
CTAAGTAAGTTAGGGTAAGTAGAG-1-1,TP53_CALR_het
CTAAGTCGTAACGTGAAAGTAGAG-1-1,
CTAAGTCGTAGCCTTGAAGTAGAG-1-1,TP53_CALR_het
CTAAGTCGTCGTAACTAAGTAGAG-1-1,
CTAAGTCGTGCGGCAAAAGTAGAG-1-1,TP53_EZH2_CALR_mut
CTAAGTCGTTAAGCTCAAGTAGAG-1-1,TP53_CALR_het
CTAAGTCGTTCAAGGAAAGTAGAG-1-1,TP53_CALR_het
CTAAGTCGTTGTCAGTAAGTAGAG-1-1,ZRSR2_CALR_mut
CTAAGTCGTTGTCATAAAGTAGAG-1-1,TP53_EZH2_CALR_mut
CTAAGTCGTTTAGTTGAAGTAGAG-1-1,
CTAAGTGCACATGAATAAGTAGAG-1-1,
CTAAGTGCAGTTATGGAAGTAGAG-1-1,TP53_CALR_het
CTAAGTGCATAGGCGTAAGTAGAG-1-1,
CTAATCTAGAACCTAAAAGTAGAG-1-1,TP53_EZH2_CALR_mut
CTAATCTAGATAACGCAAGTAGAG-1-1,TP53_CALR_het
CTAATCTAGCATCTTGAAGTAGAG-1-1,
CTAATCTAGCTTTACGAAGTAGAG-1-1,TP53_CALR_het
CTAATCTAGGAACCGCAAGTAGAG-1-1,TP53_CALR_het
CTAATCTAGGAGCCGTAAGTAGAG-1-1,
CTAATCTAGGCTTAGGAAGTAGAG-1-1,
CTAATCTAGGTTAGCGAAGTAGAG-1-1,
CTAATCTAGTGATTAGAAGTAGAG-1-1,TP53_EZH2_CALR_mut
CTAATGCGTACGTAAGAAGTAGAG-1-1,TP53_CALR_het
CTAATGCGTATGTGAGAAGTAGAG-1-1,TP53_CALR_het
CTAATGCGTCAAAGATAAGTAGAG-1-1,
CTAATGCGTCAATACCAAGTAGAG-1-1,TP53_EZH2_CALR_mut
CTAATGCGTCAATCGTAAGTAGAG-1-1,
CTAATGCGTCGCAATTAAGTAGAG-1-1,
CTAATGCGTGTTGCTGAAGTAGAG-1-1,
CTAATGCGTTAAGCCTAAGTAGAG-1-1,TP53_CALR_het
CTAATGCGTTAAGCTCAAGTAGAG-1-1,
CTAATGCGTTCCGGGTAAGTAGAG-1-1,
CTACATCCAAAGGTAAAAGTAGAG-1-1,TP53_CALR_het
CTACATCCACAATCGAAAGTAGAG-1-1,TP53_CALR_het
CTACATCCACCTCGACAAGTAGAG-1-1,TP53_CALR_het
CTACATCCAGATTCGAAAGTAGAG-1-1,TP53_EZH2_CALR_mut
CTACATCCATAAGTCGAAGTAGAG-1-1,ZRSR2_CALR_mut
CTACATCCATATCGCTAAGTAGAG-1-1,
CTACATCCATGTGGGTAAGTAGAG-1-1,
CTACATCCATTGACTCAAGTAGAG-1-1,
CTACCAGGTAACTACCAAGTAGAG-1-1,
CTACCAGGTAATGCGAAAGTAGAG-1-1,TP53_CALR_het
CTACCAGGTACAAACGAAGTAGAG-1-1,
CTACCAGGTACTTAGCAAGTAGAG-1-1,
CTACCAGGTACTTCCCAAGTAGAG-1-1,TP53_CALR_het
CTACCAGGTATTGCGTAAGTAGAG-1-1,ZRSR2_CALR_mut
CTACCAGGTCAACATCAAGTAGAG-1-1,
CTACCAGGTGCGCATCAAGTAGAG-1-1,
CTACCAGGTGCTCCAAAAGTAGAG-1-1,TP53_CALR_het
CTACCAGGTTAAGGCAAAGTAGAG-1-1,
CTACCAGGTTACTTCTAAGTAGAG-1-1,TP53_EZH2_CALR_mut
CTACCAGGTTTAACCAAAGTAGAG-1-1,
CTACCATCAACAGGCTAAGTAGAG-1-1,
CTACCATCAAGCCAGTAAGTAGAG-1-1,ZRSR2_CALR_mut
CTACCATCAAGGCGTTAAGTAGAG-1-1,
CTACCATCACCACAAAAAGTAGAG-1-1,ZRSR2_CALR_mut
CTACCATCAGATAACTAAGTAGAG-1-1,
CTACCATCAGCGGATTAAGTAGAG-1-1,
CTACCATCAGCTAAGCAAGTAGAG-1-1,TP53_CALR_het
CTACCATCATCCGGAGAAGTAGAG-1-1,
CTACCCACAATAACCGAAGTAGAG-1-1,
CTACCCACAATATGGTAAGTAGAG-1-1,
CTACCCACACAGCAACAAGTAGAG-1-1,TP53_EZH2_CALR_mut
CTACCCACACATGCTTAAGTAGAG-1-1,TP53_CALR_het
CTACCCACAGCTTAAGAAGTAGAG-1-1,TP53_EZH2_CALR_mut
CTACCCACAGGTTTCTAAGTAGAG-1-1,ZRSR2_CALR_mut
CTACCCACATCCTTGGAAGTAGAG-1-1,
CTACCCACATTCCTGGAAGTAGAG-1-1,
CTACCGGTCATTATGCAAGTAGAG-1-1,TP53_CALR_het
CTACCGGTCCATAGGGAAGTAGAG-1-1,TP53_CALR_het
CTACCGGTCGAGGTTGAAGTAGAG-1-1,TP53_CALR_het
CTACCTAAGAATGGCTAAGTAGAG-1-1,TP53_EZH2_CALR_mut
CTACCTAAGACCTTTGAAGTAGAG-1-1,TP53_EZH2_CALR_mut
CTACCTAAGACTCCTAAAGTAGAG-1-1,TP53_EZH2_CALR_mut
CTACCTAAGCTATCCAAAGTAGAG-1-1,
CTACCTAAGCTTGAGGAAGTAGAG-1-1,TP53_CALR_het
CTACCTAAGGCGCATAAAGTAGAG-1-1,TP53_EZH2_CALR_mut
CTACCTAAGGTATAGCAAGTAGAG-1-1,TP53_CALR_het
CTACCTAAGTCCTGCGAAGTAGAG-1-1,ZRSR2_CALR_mut
CTACCTAAGTTGACCCAAGTAGAG-1-1,
CTACGAACAAACCGGTAAGTAGAG-1-1,
CTACGAACACCTATCGAAGTAGAG-1-1,
CTACGAACACTCCCAAAAGTAGAG-1-1,TP53_CALR_het
CTACGAACATTCCTTTAAGTAGAG-1-1,TP53_EZH2_CALR_mut
CTACTGATCAGTAAGCAAGTAGAG-1-1,TP53_CALR_het
CTACTGATCATTACCGAAGTAGAG-1-1,TP53_CALR_het
CTACTGATCCGTTAGCAAGTAGAG-1-1,TP53_EZH2_CALR_mut
CTACTGATCCTCAATGAAGTAGAG-1-1,
CTACTGATCGACTCACAAGTAGAG-1-1,
CTACTGATCGGTAAACAAGTAGAG-1-1,ZRSR2_CALR_mut
CTACTGATCGTGATGGAAGTAGAG-1-1,TP53_CALR_het
CTACTGATCTAATGAGAAGTAGAG-1-1,
CTACTGGGTAAATAGCAAGTAGAG-1-1,TP53_CALR_het
CTACTGGGTACCTTAAAAGTAGAG-1-1,TP53_CALR_het
CTACTGGGTAGCCAAAAAGTAGAG-1-1,
CTACTGGGTATATTCGAAGTAGAG-1-1,
CTACTGGGTCTGTGATAAGTAGAG-1-1,TP53_CALR_het
CTACTGGGTGGATGGTAAGTAGAG-1-1,ZRSR2_CALR_mut
CTACTGGGTGGCCCATAAGTAGAG-1-1,
CTACTGGGTTAACCACAAGTAGAG-1-1,
CTAGATAAGAATGGGAAAGTAGAG-1-1,ZRSR2_CALR_mut
CTAGATAAGCCGCTATAAGTAGAG-1-1,
CTAGATAAGGAAGGTAAAGTAGAG-1-1,
CTAGATAAGGACAAGAAAGTAGAG-1-1,
CTAGATAAGGTCAATAAAGTAGAG-1-1,
CTAGATAAGGTTATGAAAGTAGAG-1-1,
CTAGATAAGTGCTGAGAAGTAGAG-1-1,ZRSR2_CALR_mut
CTAGATAAGTTTGACTAAGTAGAG-1-1,TP53_CALR_het
CTAGATGCACAACATGAAGTAGAG-1-1,TP53_CALR_het
CTAGATGCACTATCACAAGTAGAG-1-1,ZRSR2_CALR_mut
CTAGATGCAGGTAGCTAAGTAGAG-1-1,TP53_EZH2_CALR_mut
CTAGATGCATAACCGAAAGTAGAG-1-1,TP53_EZH2_CALR_mut
CTAGATGCATGCAATGAAGTAGAG-1-1,
CTAGATGCATGGCGCAAAGTAGAG-1-1,
CTAGATGCATTTGGGAAAGTAGAG-1-1,TP53_CALR_het
CTAGCTGGTAAACCCTAAGTAGAG-1-1,
CTAGCTGGTCGAAGTAAAGTAGAG-1-1,ZRSR2_CALR_mut
CTAGCTGGTCGAGGCAAAGTAGAG-1-1,
CTAGCTGGTGAAGCACAAGTAGAG-1-1,
CTAGCTGGTGCAGCTCAAGTAGAG-1-1,
CTAGCTGGTTAACCACAAGTAGAG-1-1,TP53_CALR_het
CTAGCTGGTTTCACCCAAGTAGAG-1-1,
CTAGGCGCAACTAGTGAAGTAGAG-1-1,TP53_CALR_het
CTAGGCGCAAGGGTCTAAGTAGAG-1-1,
CTAGGCGCAAGTTTCCAAGTAGAG-1-1,TP53_CALR_het
CTAGGCGCACATTGAGAAGTAGAG-1-1,TP53_CALR_het
CTAGGCGCACGGTCGAAAGTAGAG-1-1,TP53_EZH2_CALR_mut
CTAGGCGCACTAAGCAAAGTAGAG-1-1,
CTAGGCGCACTTAACCAAGTAGAG-1-1,TP53_CALR_het
CTAGGCGCAGCCTATTAAGTAGAG-1-1,
CTAGGCGCATCACGAAAAGTAGAG-1-1,
CTAGGCGCATTAGCGAAAGTAGAG-1-1,
CTAGGCTTCAGCGATGAAGTAGAG-1-1,
CTAGGCTTCAGGAGCCAAGTAGAG-1-1,
CTAGGCTTCATAATGGAAGTAGAG-1-1,TP53_CALR_het
CTAGGCTTCCCGCTGAAAGTAGAG-1-1,
CTAGGCTTCCGTCAACAAGTAGAG-1-1,
CTAGGCTTCGATTAAGAAGTAGAG-1-1,TP53_CALR_het
CTAGGCTTCGGGATGCAAGTAGAG-1-1,TP53_EZH2_CALR_mut
CTAGGCTTCTACTACGAAGTAGAG-1-1,
CTAGGTACAAACCGTAAAGTAGAG-1-1,TP53_CALR_het
CTAGGTACAAACTTGGAAGTAGAG-1-1,TP53_EZH2_CALR_mut
CTAGGTACAACGACTAAAGTAGAG-1-1,ZRSR2_CALR_mut
CTAGGTACACCAACAAAAGTAGAG-1-1,TP53_EZH2_CALR_mut
CTAGGTACACCACAAAAAGTAGAG-1-1,TP53_EZH2_CALR_mut
CTAGGTACAGCACCTCAAGTAGAG-1-1,
CTAGGTACAGCACGTGAAGTAGAG-1-1,TP53_CALR_het
CTAGGTACATTAGCGAAAGTAGAG-1-1,
CTAGGTTGTAAGTCGAAAGTAGAG-1-1,
CTAGGTTGTAGACTGAAAGTAGAG-1-1,TP53_EZH2_CALR_het
CTAGGTTGTCCAATACAAGTAGAG-1-1,TP53_EZH2_CALR_mut
CTAGGTTGTCGGTTTGAAGTAGAG-1-1,TP53_CALR_het
CTAGGTTGTGAAGCACAAGTAGAG-1-1,TP53_CALR_het
CTAGGTTGTGGCCCATAAGTAGAG-1-1,TP53_CALR_het
CTAGGTTGTGTAATGGAAGTAGAG-1-1,ZRSR2_CALR_mut
CTAGGTTGTTAATTCGAAGTAGAG-1-1,
CTAGGTTGTTAGGTAGAAGTAGAG-1-1,TP53_EZH2_CALR_mut
CTAGGTTGTTCTGGCAAAGTAGAG-1-1,TP53_CALR_het
CTAGGTTGTTTCCACCAAGTAGAG-1-1,
CTAGTCTCAATAGCTGAAGTAGAG-1-1,
CTAGTCTCAATGGGAGAAGTAGAG-1-1,TP53_EZH2_CALR_mut
CTAGTCTCACGTAAATAAGTAGAG-1-1,
CTAGTCTCACTCCCTTAAGTAGAG-1-1,
CTAGTCTCATAAGCTGAAGTAGAG-1-1,TP53_CALR_het
CTAGTCTCATACCTTAAAGTAGAG-1-1,
CTAGTCTCATCCAAGAAAGTAGAG-1-1,
CTAGTCTCATTCAGGAAAGTAGAG-1-1,TP53_EZH2_CALR_mut
CTATAGGCAAGCCACGAAGTAGAG-1-1,TP53_CALR_het
CTATAGGCAAGCTAATAAGTAGAG-1-1,TP53_EZH2_CALR_mut
CTATAGGCACATGAATAAGTAGAG-1-1,TP53_CALR_het
CTATAGGCAGCTAGACAAGTAGAG-1-1,
CTATAGGCAGGCAACTAAGTAGAG-1-1,TP53_EZH2_CALR_mut
CTATAGGCAGGGCTATAAGTAGAG-1-1,
CTATAGGCATGGGTTAAAGTAGAG-1-1,TP53_EZH2_CALR_mut
CTATAGGCATGGTCAAAAGTAGAG-1-1,TP53_CALR_het
CTATATCAGACTGAGTAAGTAGAG-1-1,TP53_EZH2_CALR_mut
CTATATCAGCACTAGGAAGTAGAG-1-1,
CTATATCAGCTAGATAAAGTAGAG-1-1,
CTATATCAGGAACCGCAAGTAGAG-1-1,TP53_CALR_het
CTATATCAGGATCCCTAAGTAGAG-1-1,ZRSR2_CALR_mut
CTATATCAGGTAAGTCAAGTAGAG-1-1,
CTATATCAGGTCACAGAAGTAGAG-1-1,
CTATATCAGGTTAGCGAAGTAGAG-1-1,
CTATATCAGTCTGTGCAAGTAGAG-1-1,TP53_EZH2_CALR_mut
CTATCCGCAACAGCACAAGTAGAG-1-1,
CTATCCGCAATAACCGAAGTAGAG-1-1,
CTATCCGCACAAGCGTAAGTAGAG-1-1,
CTATCCGCACAATAGTAAGTAGAG-1-1,
CTATCCGCACGTAAATAAGTAGAG-1-1,TP53_CALR_het
CTATCCGCAGCACGTGAAGTAGAG-1-1,
CTATCCGCAGCTCATTAAGTAGAG-1-1,TP53_EZH2_CALR_mut
CTATCCGCAGGTTTCTAAGTAGAG-1-1,TP53_EZH2_CALR_mut
CTATCCGCATTGGACAAAGTAGAG-1-1,TP53_EZH2_CALR_mut
CTATGAGCACATGAATAAGTAGAG-1-1,ZRSR2_CALR_mut
CTATGAGCACGGTTCCAAGTAGAG-1-1,TP53_EZH2_CALR_mut
CTATGAGCACTAAGCAAAGTAGAG-1-1,TP53_EZH2_CALR_het
CTATGAGCATGGATTGAAGTAGAG-1-1,
CTATGAGCATTCGGTTAAGTAGAG-1-1,
CTATGAGCATTGCATCAAGTAGAG-1-1,
CTATGAGCATTTGCTAAAGTAGAG-1-1,TP53_CALR_het
CTATGCTCAAGAACAAAAGTAGAG-1-1,TP53_EZH2_CALR_mut
CTATGCTCAATACCCTAAGTAGAG-1-1,
CTATGCTCAATAGAGAAAGTAGAG-1-1,
CTATGCTCAGATAGCCAAGTAGAG-1-1,
CTATGCTCATATTTCGAAGTAGAG-1-1,
CTATGCTCATCATGCTAAGTAGAG-1-1,
CTATGGCTCCTGTTCTAAGTAGAG-1-1,ZRSR2_CALR_mut
CTATGGCTCGTAACTTAAGTAGAG-1-1,
CTATGGCTCGTAGTTTAAGTAGAG-1-1,
CTATGGCTCTTTAAGCAAGTAGAG-1-1,
CTATGGGAGCTAACTTAAGTAGAG-1-1,
CTATGGGAGGCAAGCCAAGTAGAG-1-1,
CTATGTCCAAATAACCAAGTAGAG-1-1,TP53_CALR_het
CTATGTCCAACCGGATAAGTAGAG-1-1,
CTATGTCCAAGCCACGAAGTAGAG-1-1,
CTATGTCCAATCCACTAAGTAGAG-1-1,
CTATGTCCAATGAGCCAAGTAGAG-1-1,
CTATGTCCACAACATGAAGTAGAG-1-1,
CTATGTCCACAGCCAGAAGTAGAG-1-1,
CTATGTCCACATAAACAAGTAGAG-1-1,
CTATGTCCACATACCTAAGTAGAG-1-1,
CTATGTCCACCGTTTGAAGTAGAG-1-1,ZRSR2_CALR_mut
CTATGTCCATAGCCGGAAGTAGAG-1-1,TP53_CALR_het
CTATGTTAGCAAGACTAAGTAGAG-1-1,TP53_CALR_het
CTATGTTAGCTCGATCAAGTAGAG-1-1,TP53_CALR_het
CTATGTTAGGCTGTGAAAGTAGAG-1-1,
CTATGTTAGGTAGACTAAGTAGAG-1-1,
CTATGTTAGTATGGGTAAGTAGAG-1-1,
CTATGTTAGTGAGGAAAAGTAGAG-1-1,TP53_CALR_het
CTATGTTAGTTTGAGAAAGTAGAG-1-1,
CTATTACAGGAGGCCTAAGTAGAG-1-1,
CTATTACAGGAGTCATAAGTAGAG-1-1,
CTATTACAGGTAGTTAAAGTAGAG-1-1,
CTATTACAGTGTGATAAAGTAGAG-1-1,
CTATTAGGTATAGCGAAAGTAGAG-1-1,ZRSR2_CALR_mut
CTATTAGGTATGTTTGAAGTAGAG-1-1,TP53_EZH2_CALR_mut
CTATTAGGTGCGGCTTAAGTAGAG-1-1,
CTATTAGGTGTTAGTCAAGTAGAG-1-1,TP53_EZH2_CALR_mut
CTATTGAGTAGCCATTAAGTAGAG-1-1,
CTATTGAGTATGTTGCAAGTAGAG-1-1,TP53_EZH2_CALR_mut
CTATTGAGTCCCTCATAAGTAGAG-1-1,TP53_EZH2_CALR_mut
CTATTGAGTCCCTCTGAAGTAGAG-1-1,TP53_CALR_het
CTATTGAGTCGCAACCAAGTAGAG-1-1,TP53_EZH2_CALR_mut
CTATTGAGTCTCACTCAAGTAGAG-1-1,ZRSR2_CALR_mut
CTATTGAGTGGTTACTAAGTAGAG-1-1,TP53_EZH2_CALR_mut
CTATTGAGTGTGATGAAAGTAGAG-1-1,
CTATTGAGTTAGCTCGAAGTAGAG-1-1,TP53_EZH2_CALR_mut
CTATTGAGTTAGGTGAAAGTAGAG-1-1,
CTATTGAGTTGGTTACAAGTAGAG-1-1,TP53_EZH2_CALR_mut
CTATTGGTCACTTGATAAGTAGAG-1-1,ZRSR2_CALR_mut
CTATTGGTCAGTTTACAAGTAGAG-1-1,
CTATTGGTCCCTCATTAAGTAGAG-1-1,
CTATTGGTCGCTTGGTAAGTAGAG-1-1,
CTATTGGTCTCACTAGAAGTAGAG-1-1,TP53_CALR_het
CTATTGGTCTGGTCTAAAGTAGAG-1-1,TP53_CALR_het
CTCAAATTCCCAGACTAAGTAGAG-1-1,ZRSR2_CALR_mut
CTCAAATTCCTCTAAGAAGTAGAG-1-1,ZRSR2_CALR_mut
CTCAAATTCCTTGAGCAAGTAGAG-1-1,
CTCAAATTCGAACCTCAAGTAGAG-1-1,TP53_CALR_het
CTCAAATTCGTGATGGAAGTAGAG-1-1,
CTCAAATTCTAATTGCAAGTAGAG-1-1,
CTCAAATTCTAGTTACAAGTAGAG-1-1,TP53_CALR_het
CTCAAATTCTCAAGAAAAGTAGAG-1-1,TP53_CALR_het
CTCAACATCAAGCCAGAAGTAGAG-1-1,TP53_EZH2_CALR_mut
CTCAACATCAATTGGAAAGTAGAG-1-1,TP53_CALR_het
CTCAACATCCGTCCAGAAGTAGAG-1-1,TP53_CALR_het
CTCAACATCCTGGAAGAAGTAGAG-1-1,
CTCAACATCCTTTGAGAAGTAGAG-1-1,TP53_CALR_het
CTCAACATCGGTCAAGAAGTAGAG-1-1,TP53_CALR_het
CTCAACATCTCACCTTAAGTAGAG-1-1,
CTCAACATCTGGAACGAAGTAGAG-1-1,TP53_EZH2_CALR_mut
CTCAACATCTGTCAGCAAGTAGAG-1-1,
CTCAAGACAAACGGTCAAGTAGAG-1-1,
CTCAAGACAAGGCTTAAAGTAGAG-1-1,TP53_CALR_het
CTCAAGACAAGGTTATAAGTAGAG-1-1,
CTCAAGACAATACCCTAAGTAGAG-1-1,TP53_CALR_het
CTCAAGACAATAGAGAAAGTAGAG-1-1,
CTCAAGACACTAAGCAAAGTAGAG-1-1,TP53_CALR_het
CTCAAGCTCAAACCGGAAGTAGAG-1-1,
CTCAAGCTCACTAATCAAGTAGAG-1-1,TP53_CALR_het
CTCAAGCTCATGAGGTAAGTAGAG-1-1,TP53_CALR_het
CTCAAGCTCATGTCATAAGTAGAG-1-1,
CTCAAGCTCCCATAATAAGTAGAG-1-1,
CTCAAGCTCGCAAATAAAGTAGAG-1-1,TP53_CALR_het
CTCAAGCTCGTTAACTAAGTAGAG-1-1,
CTCAAGCTCGTTGCACAAGTAGAG-1-1,
CTCAAGCTCTAATTGCAAGTAGAG-1-1,
CTCAATAGTAAGGCTAAAGTAGAG-1-1,TP53_EZH2_CALR_mut
CTCAATAGTAATTTCGAAGTAGAG-1-1,
CTCAATAGTACAGCAAAAGTAGAG-1-1,
CTCAATAGTACGATTCAAGTAGAG-1-1,TP53_EZH2_CALR_mut
CTCAATAGTATTGACCAAGTAGAG-1-1,TP53_EZH2_CALR_mut
CTCAATAGTCATGAAGAAGTAGAG-1-1,TP53_CALR_het
CTCAATAGTCCATCCTAAGTAGAG-1-1,
CTCAATAGTCCTGAGCAAGTAGAG-1-1,ZRSR2_CALR_mut
CTCAATAGTCGAAGCGAAGTAGAG-1-1,TP53_CALR_het
CTCAATAGTGACCTGCAAGTAGAG-1-1,
CTCAATAGTTAAGCTCAAGTAGAG-1-1,
CTCAATAGTTCTTACTAAGTAGAG-1-1,TP53_CALR_het
CTCACACAGAATGGGAAAGTAGAG-1-1,ZRSR2_CALR_mut
CTCACACAGACTATTCAAGTAGAG-1-1,
CTCACACAGAGGATAGAAGTAGAG-1-1,TP53_EZH2_CALR_mut
CTCACACAGATAACTGAAGTAGAG-1-1,
CTCACACAGCTTATCGAAGTAGAG-1-1,
CTCACACAGGACACGCAAGTAGAG-1-1,
CTCACACAGGCTTATTAAGTAGAG-1-1,TP53_CALR_het
CTCACACAGGGTTTCCAAGTAGAG-1-1,
CTCACACAGGTTAGACAAGTAGAG-1-1,
CTCACACAGTTTGAGAAAGTAGAG-1-1,TP53_CALR_het
CTCACCCTCATTGAGAAAGTAGAG-1-1,TP53_EZH2_CALR_mut
CTCACCCTCCATCCTTAAGTAGAG-1-1,
CTCACCCTCCGGCTCAAAGTAGAG-1-1,TP53_EZH2_CALR_mut
CTCACCCTCGCGTTCGAAGTAGAG-1-1,TP53_EZH2_CALR_mut
CTCACCCTCTTTAGCGAAGTAGAG-1-1,TP53_CALR_het
CTCAGCTAGACAAGCTAAGTAGAG-1-1,
CTCAGCTAGCCATCGTAAGTAGAG-1-1,
CTCAGCTAGCCTATATAAGTAGAG-1-1,
CTCAGCTAGCTAGATAAAGTAGAG-1-1,
CTCAGCTAGGACTTGGAAGTAGAG-1-1,
CTCAGCTAGGCAGGCTAAGTAGAG-1-1,TP53_CALR_het
CTCAGCTAGGGCGGAAAAGTAGAG-1-1,TP53_EZH2_CALR_mut
CTCAGCTAGTCATCATAAGTAGAG-1-1,
CTCAGCTAGTGGACCAAAGTAGAG-1-1,
CTCAGGGCAAAGCCTAAAGTAGAG-1-1,
CTCAGGGCAACAAGCCAAGTAGAG-1-1,TP53_CALR_het
CTCAGGGCAACAGGGAAAGTAGAG-1-1,TP53_CALR_het
CTCAGGGCAAGGCCTGAAGTAGAG-1-1,
CTCAGGGCACATGCTTAAGTAGAG-1-1,
CTCAGGGCACCGTTTGAAGTAGAG-1-1,TP53_CALR_het
CTCAGGGCACGGTCGAAAGTAGAG-1-1,TP53_CALR_het
CTCAGGGCACTGTCATAAGTAGAG-1-1,
CTCAGGGCACTTCGATAAGTAGAG-1-1,
CTCAGGGCAGGCTGTGAAGTAGAG-1-1,
CTCAGGGCATCAGGACAAGTAGAG-1-1,
CTCAGGGCATCCTTGGAAGTAGAG-1-1,TP53_CALR_het
CTCAGGGCATGACCAAAAGTAGAG-1-1,TP53_CALR_het
CTCAGGGCATTGAAGTAAGTAGAG-1-1,TP53_EZH2_CALR_mut
CTCATAAGTACGGGCAAAGTAGAG-1-1,TP53_EZH2_CALR_mut
CTCATAAGTACGTCCAAAGTAGAG-1-1,TP53_CALR_het
CTCATAAGTATTGACCAAGTAGAG-1-1,
CTCATAAGTCTGTGATAAGTAGAG-1-1,
CTCATAAGTGCAATAGAAGTAGAG-1-1,TP53_CALR_het
CTCATAAGTTTGTTTCAAGTAGAG-1-1,TP53_CALR_het
CTCATGATCACATTACAAGTAGAG-1-1,
CTCATGATCAGCGATGAAGTAGAG-1-1,TP53_EZH2_CALR_mut
CTCATGATCCCAAATTAAGTAGAG-1-1,
CTCATGATCCCAGACTAAGTAGAG-1-1,
CTCATGATCCCTCAAAAAGTAGAG-1-1,
CTCATGATCGAGGCGTAAGTAGAG-1-1,
CTCATGATCGATATTCAAGTAGAG-1-1,
CTCATGATCGCATTTGAAGTAGAG-1-1,TP53_EZH2_CALR_mut
CTCATGATCGCGCATTAAGTAGAG-1-1,TP53_EZH2_CALR_mut
CTCATGATCGTTCAATAAGTAGAG-1-1,
CTCATGATCTGGCTACAAGTAGAG-1-1,
CTCATTACAAATACCGAAGTAGAG-1-1,
CTCATTACAAGGGTCTAAGTAGAG-1-1,
CTCATTACACATAAGTAAGTAGAG-1-1,
CTCATTACACCTAAAGAAGTAGAG-1-1,
CTCATTACACGTAAATAAGTAGAG-1-1,
CTCATTACACGTAATGAAGTAGAG-1-1,TP53_EZH2_CALR_mut
CTCATTACACTATGGAAAGTAGAG-1-1,
CTCATTACACTTCGATAAGTAGAG-1-1,TP53_CALR_het
CTCATTACAGTGAGGAAAGTAGAG-1-1,ZRSR2_CALR_mut
CTCATTACATCGAACAAAGTAGAG-1-1,
CTCATTACATTACACCAAGTAGAG-1-1,TP53_CALR_het
CTCCATCGTAGCCATTAAGTAGAG-1-1,
CTCCATCGTCCCTCTGAAGTAGAG-1-1,TP53_EZH2_CALR_mut
CTCCATCGTCGGTTTGAAGTAGAG-1-1,TP53_CALR_het
CTCCATCGTGTTAGAGAAGTAGAG-1-1,TP53_CALR_het
CTCCATCGTTAGTGAGAAGTAGAG-1-1,TP53_EZH2_CALR_mut
CTCCATCGTTCCAGCAAAGTAGAG-1-1,TP53_EZH2_CALR_mut
CTCCATCGTTGGTTTAAAGTAGAG-1-1,TP53_CALR_het
CTCCTAAAGATTCGTTAAGTAGAG-1-1,
CTCCTAAAGCTTGATTAAGTAGAG-1-1,TP53_EZH2_CALR_mut
CTCCTAAAGGGTTGCAAAGTAGAG-1-1,
CTCCTAAAGTCATTCGAAGTAGAG-1-1,ZRSR2_CALR_mut
CTCCTCTCAAATAACCAAGTAGAG-1-1,TP53_CALR_het
CTCCTCTCAAATAGGAAAGTAGAG-1-1,
CTCCTCTCAATAAGGAAAGTAGAG-1-1,TP53_EZH2_CALR_mut
CTCCTCTCACATAAACAAGTAGAG-1-1,TP53_EZH2_CALR_mut
CTCCTCTCACCATCCAAAGTAGAG-1-1,
CTCCTCTCACCTTACGAAGTAGAG-1-1,
CTCCTCTCAGCAAGCTAAGTAGAG-1-1,TP53_CALR_het
CTCCTCTCATCCACCAAAGTAGAG-1-1,
CTCCTCTCATGTGGGTAAGTAGAG-1-1,
CTCGACCCAAGGAATAAAGTAGAG-1-1,TP53_EZH2_CALR_mut
CTCGACCCAGCACCTCAAGTAGAG-1-1,ZRSR2_CALR_mut
CTCGACCCAGCTCGCTAAGTAGAG-1-1,TP53_EZH2_CALR_mut
CTCGACCCATCACGAAAAGTAGAG-1-1,
CTCGACCCATGAGCTAAAGTAGAG-1-1,TP53_EZH2_CALR_mut
CTCGACCCATGCAATGAAGTAGAG-1-1,
CTCGACTAGAGCAATCAAGTAGAG-1-1,
CTCGACTAGAGGAGGTAAGTAGAG-1-1,
CTCGACTAGCAAAGCTAAGTAGAG-1-1,TP53_CALR_het
CTCGACTAGCGAAGTTAAGTAGAG-1-1,
CTCGACTAGCGATAACAAGTAGAG-1-1,
CTCGACTAGCTAAGTAAAGTAGAG-1-1,TP53_CALR_het
CTCGACTAGGCTGGTAAAGTAGAG-1-1,TP53_CALR_het
CTCGACTAGTCAATAGAAGTAGAG-1-1,ZRSR2_CALR_mut
CTCGACTAGTGAGTCGAAGTAGAG-1-1,
CTCGACTAGTGTGAGTAAGTAGAG-1-1,TP53_EZH2_CALR_mut
CTCGACTAGTTAACAGAAGTAGAG-1-1,
CTCGATCAGAAGTACCAAGTAGAG-1-1,TP53_EZH2_CALR_mut
CTCGATCAGATAACCAAAGTAGAG-1-1,ZRSR2_CALR_mut
CTCGATCAGCAATCCCAAGTAGAG-1-1,TP53_EZH2_CALR_mut
CTCGATCAGCTAACTTAAGTAGAG-1-1,TP53_CALR_het
CTCGATCAGGCGCGATAAGTAGAG-1-1,TP53_EZH2_CALR_mut
CTCGATCAGGCTGTGAAAGTAGAG-1-1,TP53_CALR_het
CTCGATCAGGTGAGCCAAGTAGAG-1-1,
CTCGATCAGGTTGGGCAAGTAGAG-1-1,
CTCGATCAGTGAGGAAAAGTAGAG-1-1,
CTCGATTCAAATACCGAAGTAGAG-1-1,TP53_CALR_het
CTCGATTCAATCGTTCAAGTAGAG-1-1,
CTCGATTCACTCCCAAAAGTAGAG-1-1,
CTCGATTCATTCATGCAAGTAGAG-1-1,TP53_CALR_het
CTCGATTCATTGAACGAAGTAGAG-1-1,ZRSR2_CALR_mut
CTCGCTTGTCAGTGCCAAGTAGAG-1-1,
CTCGCTTGTGCGGCAAAAGTAGAG-1-1,
CTCGCTTGTTAGGCTTAAGTAGAG-1-1,
CTCGTTAAGCAGGCTAAAGTAGAG-1-1,TP53_CALR_het
CTCGTTAAGGAACCGCAAGTAGAG-1-1,ZRSR2_CALR_mut
CTCGTTAAGGACTTAAAAGTAGAG-1-1,
CTCGTTAAGGCAAGCCAAGTAGAG-1-1,TP53_EZH2_CALR_mut
CTCGTTAAGGTTGTGGAAGTAGAG-1-1,TP53_EZH2_CALR_mut
CTCGTTAAGGTTTCCAAAGTAGAG-1-1,
CTCGTTAAGTGGACCAAAGTAGAG-1-1,
CTCTAACCAACGACTAAAGTAGAG-1-1,TP53_CALR_het
CTCTAACCAAGGCGTTAAGTAGAG-1-1,
CTCTAACCACACTAAGAAGTAGAG-1-1,
CTCTAACCACCTAAGAAAGTAGAG-1-1,TP53_CALR_het
CTCTAACCATCACTCGAAGTAGAG-1-1,
CTCTAACCATGGCTTTAAGTAGAG-1-1,
CTCTAAGTCACCCTCCAAGTAGAG-1-1,
CTCTAAGTCACGTTCAAAGTAGAG-1-1,
CTCTAAGTCACTGTCAAAGTAGAG-1-1,TP53_EZH2_CALR_mut
CTCTAAGTCACTTCGAAAGTAGAG-1-1,
CTCTAAGTCAGGTTGGAAGTAGAG-1-1,
CTCTAAGTCCATTAACAAGTAGAG-1-1,
CTCTAAGTCCTGCAACAAGTAGAG-1-1,
CTCTAAGTCGTTATGTAAGTAGAG-1-1,TP53_CALR_het
CTCTCAGCACACTAAGAAGTAGAG-1-1,TP53_CALR_het
CTCTCAGCACTAACAGAAGTAGAG-1-1,
CTCTCAGCAGCACGTGAAGTAGAG-1-1,TP53_CALR_het
CTCTCAGCAGCCAGCAAAGTAGAG-1-1,TP53_EZH2_CALR_het
CTCTCAGCAGGTTTCTAAGTAGAG-1-1,ZRSR2_CALR_mut
CTCTCAGCATCACGCCAAGTAGAG-1-1,
CTCTCAGCATCCAAGAAAGTAGAG-1-1,
CTCTCAGCATTACACCAAGTAGAG-1-1,TP53_EZH2_CALR_mut
CTCTCGACACGCAATAAAGTAGAG-1-1,
CTCTCGACAGATTCGAAAGTAGAG-1-1,TP53_CALR_het
CTCTCGACAGCCCTTAAAGTAGAG-1-1,TP53_CALR_het
CTCTTGAAGACCTTTGAAGTAGAG-1-1,
CTCTTGAAGCAAATCAAAGTAGAG-1-1,
CTCTTGAAGCCACTCGAAGTAGAG-1-1,TP53_CALR_het
CTCTTGAAGCCAGAGCAAGTAGAG-1-1,ZRSR2_CALR_mut
CTCTTGAAGCCTAAGGAAGTAGAG-1-1,
CTCTTGAAGCTGATGGAAGTAGAG-1-1,TP53_EZH2_CALR_mut
CTCTTGAAGGTCTTTGAAGTAGAG-1-1,
CTCTTGAAGGTGTCCTAAGTAGAG-1-1,
CTCTTGAAGTAAGCTAAAGTAGAG-1-1,
CTCTTGAAGTCTATGTAAGTAGAG-1-1,TP53_CALR_het
CTCTTGAAGTTGCAGGAAGTAGAG-1-1,TP53_EZH2_CALR_mut
CTCTTGAAGTTTGCATAAGTAGAG-1-1,
CTGAATCGTAATGTCCAAGTAGAG-1-1,
CTGAATCGTCCATAGTAAGTAGAG-1-1,
CTGAATCGTGTCCAATAAGTAGAG-1-1,TP53_EZH2_CALR_mut
CTGAATCGTTAGTCTAAAGTAGAG-1-1,TP53_EZH2_CALR_mut
CTGAATCGTTAGTTTGAAGTAGAG-1-1,
CTGAATGCAACCGTAAAAGTAGAG-1-1,
CTGAATGCAACGACTAAAGTAGAG-1-1,TP53_CALR_het
CTGAATGCAAGGCTTAAAGTAGAG-1-1,
CTGAATGCAATAAGCTAAGTAGAG-1-1,TP53_CALR_het
CTGAATGCAATACTGGAAGTAGAG-1-1,
CTGAATGCAGAATGAAAAGTAGAG-1-1,
CTGAATGCAGCACTAAAAGTAGAG-1-1,TP53_EZH2_CALR_mut
CTGAATGCATGAAGCCAAGTAGAG-1-1,TP53_EZH2_CALR_mut
CTGAATGCATGGGTTAAAGTAGAG-1-1,
CTGAATGCATGTGGCGAAGTAGAG-1-1,ZRSR2_CALR_mut
CTGACCAGTACGGGCAAAGTAGAG-1-1,
CTGACCAGTATGTTGCAAGTAGAG-1-1,TP53_EZH2_CALR_mut
CTGACCAGTCCTTCTAAAGTAGAG-1-1,
CTGACCAGTCGAAGCGAAGTAGAG-1-1,
CTGACCAGTGACACAAAAGTAGAG-1-1,TP53_EZH2_CALR_mut
CTGACCAGTGTCCAGCAAGTAGAG-1-1,ZRSR2_CALR_mut
CTGACCAGTGTGAGACAAGTAGAG-1-1,
CTGACCAGTTCATTGAAAGTAGAG-1-1,ZRSR2_CALR_mut
CTGACCAGTTGGATAGAAGTAGAG-1-1,TP53_EZH2_CALR_mut
CTGAGTCTCACAAATGAAGTAGAG-1-1,TP53_CALR_het
CTGAGTCTCACAGGGCAAGTAGAG-1-1,TP53_CALR_het
CTGAGTCTCATAGGCGAAGTAGAG-1-1,
CTGAGTCTCCCATAATAAGTAGAG-1-1,
CTGAGTCTCGAAACTAAAGTAGAG-1-1,TP53_EZH2_CALR_mut
CTGAGTCTCGAACGTGAAGTAGAG-1-1,
CTGAGTCTCGATATAGAAGTAGAG-1-1,
CTGAGTCTCGCGAAATAAGTAGAG-1-1,
CTGAGTCTCGGTAAGTAAGTAGAG-1-1,
CTGAGTCTCGGTTCACAAGTAGAG-1-1,TP53_EZH2_CALR_mut
CTGAGTCTCTATGGCCAAGTAGAG-1-1,
CTGAGTCTCTCAAACTAAGTAGAG-1-1,TP53_CALR_het
CTGAGTCTCTGTGATTAAGTAGAG-1-1,
CTGATCCAGATGATTGAAGTAGAG-1-1,
CTGATCCAGCCTAGTCAAGTAGAG-1-1,
CTGATCCAGGACTTAAAAGTAGAG-1-1,TP53_CALR_het
CTGATCCAGGTTATGAAAGTAGAG-1-1,ZRSR2_CALR_mut
CTGATCCAGTCAATAGAAGTAGAG-1-1,
CTGATCCAGTCAATGAAAGTAGAG-1-1,
CTGATGACAAGGGTCTAAGTAGAG-1-1,TP53_CALR_het
CTGATGACACAATAGTAAGTAGAG-1-1,TP53_CALR_het
CTGATGACACATAGATAAGTAGAG-1-1,
CTGATGACACTATGGAAAGTAGAG-1-1,TP53_CALR_het
CTGATGACAGCTGCTCAAGTAGAG-1-1,
CTGATTTAGAGGATGAAAGTAGAG-1-1,TP53_EZH2_CALR_mut
CTGATTTAGATAACGCAAGTAGAG-1-1,TP53_CALR_het
CTGATTTAGCAAATTGAAGTAGAG-1-1,TP53_EZH2_CALR_mut
CTGATTTAGCGAGTTGAAGTAGAG-1-1,
CTGATTTAGCTTCTAGAAGTAGAG-1-1,
CTGATTTAGGGATGAAAAGTAGAG-1-1,TP53_CALR_het
CTGATTTAGGGTTGGCAAGTAGAG-1-1,TP53_CALR_het
CTGATTTAGTAACTTCAAGTAGAG-1-1,TP53_CALR_het
CTGATTTAGTGATTAGAAGTAGAG-1-1,
CTGCAAACAACAAGCCAAGTAGAG-1-1,
CTGCAAACAACCCTATAAGTAGAG-1-1,TP53_EZH2_CALR_het
CTGCAAACAATGTTCCAAGTAGAG-1-1,TP53_CALR_het
CTGCAAACACGGTTCCAAGTAGAG-1-1,TP53_CALR_het
CTGCAAACAGTAAGGGAAGTAGAG-1-1,ZRSR2_CALR_mut
CTGCAAACATAGGCGTAAGTAGAG-1-1,
CTGCAAACATCATAGGAAGTAGAG-1-1,TP53_CALR_het
CTGCAAACATGCTCCAAAGTAGAG-1-1,
CTGCAAACATGTGGCGAAGTAGAG-1-1,TP53_EZH2_CALR_mut
CTGCAAACATTCATGCAAGTAGAG-1-1,TP53_EZH2_CALR_mut
CTGCAAACATTTGGGAAAGTAGAG-1-1,
CTGCAACTCAACATTCAAGTAGAG-1-1,
CTGCAACTCAACCGGAAAGTAGAG-1-1,TP53_EZH2_CALR_mut
CTGCAACTCAAGGTACAAGTAGAG-1-1,TP53_EZH2_CALR_mut
CTGCAACTCACCAGCTAAGTAGAG-1-1,
CTGCAACTCACTTGATAAGTAGAG-1-1,
CTGCAACTCAGGTAACAAGTAGAG-1-1,
CTGCAACTCCCACATAAAGTAGAG-1-1,TP53_EZH2_CALR_mut
CTGCAACTCCGTGACTAAGTAGAG-1-1,
CTGCAACTCGAGCTAGAAGTAGAG-1-1,TP53_EZH2_CALR_mut
CTGGCTGTCACCAGCTAAGTAGAG-1-1,
CTGGCTGTCAGCATGGAAGTAGAG-1-1,
CTGGCTGTCATGATGAAAGTAGAG-1-1,
CTGGCTGTCCTCAATGAAGTAGAG-1-1,
CTGGCTGTCGATGAACAAGTAGAG-1-1,
CTGGCTGTCGCAAATAAAGTAGAG-1-1,TP53_CALR_het
CTGGCTGTCGGTCAAGAAGTAGAG-1-1,
CTGGTCAGTAACGTGAAAGTAGAG-1-1,
CTGGTCAGTAATCCGTAAGTAGAG-1-1,
CTGGTCAGTATTTCGAAAGTAGAG-1-1,
CTGGTCAGTCAAAGGCAAGTAGAG-1-1,
CTGGTCAGTGTTAGCTAAGTAGAG-1-1,
CTGGTCAGTTAACCACAAGTAGAG-1-1,
CTGGTCAGTTAATTCGAAGTAGAG-1-1,
CTGGTCAGTTCGGTATAAGTAGAG-1-1,TP53_EZH2_CALR_mut
CTGGTCAGTTGCGAAAAAGTAGAG-1-1,TP53_EZH2_CALR_mut
CTGGTCAGTTGTCATAAAGTAGAG-1-1,
CTGGTGAAGTGTGAGTAAGTAGAG-1-1,ZRSR2_CALR_mut
CTGGTTATCAAAGGGAAAGTAGAG-1-1,
CTGGTTATCACTTGATAAGTAGAG-1-1,TP53_EZH2_CALR_mut
CTGGTTATCAGCCCTGAAGTAGAG-1-1,
CTGGTTATCAGGGCACAAGTAGAG-1-1,TP53_EZH2_CALR_mut
CTGGTTATCATTGCATAAGTAGAG-1-1,ZRSR2_CALR_mut
CTGGTTATCCACTAATAAGTAGAG-1-1,TP53_EZH2_CALR_mut
CTGGTTATCCTTTAGGAAGTAGAG-1-1,
CTGGTTATCGCACACTAAGTAGAG-1-1,TP53_CALR_het
CTGTCAATCACTTGATAAGTAGAG-1-1,TP53_CALR_het
CTGTCAATCCAGCTACAAGTAGAG-1-1,
CTGTCAATCCTGTTCTAAGTAGAG-1-1,TP53_CALR_het
CTGTCAATCGAGGCGTAAGTAGAG-1-1,
CTGTCAATCGTTCGTAAAGTAGAG-1-1,
CTGTCAATCGTTGCACAAGTAGAG-1-1,
CTGTCAATCTAATCGTAAGTAGAG-1-1,
CTGTCAATCTTAATGCAAGTAGAG-1-1,
CTGTCATCAAGATGCCAAGTAGAG-1-1,
CTGTCATCAAGGCTTAAAGTAGAG-1-1,TP53_CALR_het
CTGTCATCACCTATCGAAGTAGAG-1-1,
CTGTCATCAGCAATTGAAGTAGAG-1-1,TP53_EZH2_CALR_mut
CTGTCATCAGGCTGTGAAGTAGAG-1-1,TP53_CALR_het
CTGTCATCATAGACCAAAGTAGAG-1-1,
CTGTCATCATAGCCTTAAGTAGAG-1-1,TP53_CALR_het
CTGTCATCATTTGGCTAAGTAGAG-1-1,ZRSR2_CALR_mut
CTGTGCAGTAACTAGGAAGTAGAG-1-1,TP53_CALR_het
CTGTGCAGTAATGCCTAAGTAGAG-1-1,
CTGTGCAGTACAAAGTAAGTAGAG-1-1,ZRSR2_CALR_mut
CTGTGCAGTATGTTTGAAGTAGAG-1-1,TP53_CALR_het
CTGTGCAGTCTACCTCAAGTAGAG-1-1,TP53_CALR_het
CTGTGCAGTGACATGAAAGTAGAG-1-1,
CTGTGCAGTGATAAACAAGTAGAG-1-1,TP53_CALR_het
CTGTGCAGTGTGACCCAAGTAGAG-1-1,TP53_EZH2_CALR_het
CTGTGCAGTGTGAGTAAAGTAGAG-1-1,TP53_EZH2_CALR_mut
CTGTGCAGTTGCACTGAAGTAGAG-1-1,
CTGTGCAGTTTACTGAAAGTAGAG-1-1,TP53_EZH2_CALR_mut
CTGTGGCGTAACTAGGAAGTAGAG-1-1,TP53_CALR_het
CTGTGGCGTAACTTGCAAGTAGAG-1-1,ZRSR2_CALR_mut
CTGTGGCGTATTCGACAAGTAGAG-1-1,
CTGTGGCGTCCTGAGCAAGTAGAG-1-1,TP53_CALR_het
CTGTGGCGTCGGTTTGAAGTAGAG-1-1,
CTGTGGCGTCGTAAAGAAGTAGAG-1-1,ZRSR2_CALR_mut
CTGTGGCGTCTGTCAGAAGTAGAG-1-1,
CTGTGGCGTGGATGCGAAGTAGAG-1-1,
CTGTGGCGTGTTTGGTAAGTAGAG-1-1,
CTGTGGCGTTTGGGCCAAGTAGAG-1-1,
CTGTGTGGTAGGAGGAAAGTAGAG-1-1,TP53_CALR_het
CTGTGTGGTAGTAGCAAAGTAGAG-1-1,
CTGTGTGGTCGTAAAGAAGTAGAG-1-1,TP53_CALR_het
CTGTGTGGTTAGACTCAAGTAGAG-1-1,TP53_EZH2_CALR_mut
CTGTGTGGTTGCATCGAAGTAGAG-1-1,TP53_EZH2_CALR_mut
CTGTTAAGTAAAGCGCAAGTAGAG-1-1,
CTGTTAAGTAATGTCCAAGTAGAG-1-1,
CTGTTAAGTAGCCCGTAAGTAGAG-1-1,
CTGTTAAGTAGTAACGAAGTAGAG-1-1,ZRSR2_CALR_mut
CTGTTAAGTCTATCTTAAGTAGAG-1-1,TP53_CALR_het
CTGTTAAGTGAACCAAAAGTAGAG-1-1,TP53_EZH2_CALR_mut
CTGTTAAGTGGTTCTGAAGTAGAG-1-1,
CTGTTAAGTTAAGTCCAAGTAGAG-1-1,TP53_CALR_het
CTGTTAAGTTACTCCCAAGTAGAG-1-1,
CTGTTAAGTTCAAGCTAAGTAGAG-1-1,
CTGTTAAGTTGTGACTAAGTAGAG-1-1,TP53_CALR_het
CTGTTGCAGATGAAGGAAGTAGAG-1-1,
CTGTTGCAGCAAGACTAAGTAGAG-1-1,TP53_CALR_het
CTGTTGCAGGAGGATAAAGTAGAG-1-1,TP53_CALR_het
CTGTTGCAGGCGAGAGAAGTAGAG-1-1,TP53_CALR_het
CTGTTGCAGGCTCCATAAGTAGAG-1-1,
CTGTTGCAGGCTTATTAAGTAGAG-1-1,
CTGTTGCAGGTTATCTAAGTAGAG-1-1,TP53_CALR_het
CTGTTTACACATGAATAAGTAGAG-1-1,TP53_CALR_het
CTGTTTACACGTAGTAAAGTAGAG-1-1,
CTGTTTACACTTTACAAAGTAGAG-1-1,TP53_CALR_het
CTGTTTACATTTGGGAAAGTAGAG-1-1,TP53_CALR_het
CTTAACAGTCACTATAAAGTAGAG-1-1,TP53_CALR_het
CTTAACAGTCATCCTCAAGTAGAG-1-1,TP53_CALR_het
CTTAACAGTCCTTATTAAGTAGAG-1-1,
CTTAACAGTGAGTAATAAGTAGAG-1-1,TP53_EZH2_CALR_mut
CTTAACAGTGCTGATTAAGTAGAG-1-1,
CTTAACAGTTCACCTCAAGTAGAG-1-1,TP53_CALR_het
CTTAACGTCAACCAAAAAGTAGAG-1-1,TP53_EZH2_CALR_mut
CTTAACGTCAGTCTATAAGTAGAG-1-1,
CTTAACGTCATGTCATAAGTAGAG-1-1,TP53_CALR_het
CTTAACGTCATTGAAGAAGTAGAG-1-1,
CTTAACGTCCTAAATCAAGTAGAG-1-1,TP53_CALR_het
CTTAACGTCGCATTTGAAGTAGAG-1-1,
CTTAACGTCGTAACTTAAGTAGAG-1-1,
CTTAAGCGTAATAGGTAAGTAGAG-1-1,
CTTAAGCGTAATTTCGAAGTAGAG-1-1,
CTTAAGCGTACGAATGAAGTAGAG-1-1,
CTTAAGCGTAGTAACGAAGTAGAG-1-1,TP53_CALR_het
CTTAAGCGTCGTTATAAAGTAGAG-1-1,TP53_EZH2_CALR_mut
CTTAAGCGTGATTACCAAGTAGAG-1-1,TP53_CALR_het
CTTAAGCGTGCTCCAAAAGTAGAG-1-1,
CTTAAGCGTGGTTCTGAAGTAGAG-1-1,
CTTAAGCGTTAATGCCAAGTAGAG-1-1,TP53_CALR_het
CTTAAGCGTTAGGCTTAAGTAGAG-1-1,TP53_CALR_het
CTTAAGCGTTTCCACCAAGTAGAG-1-1,TP53_EZH2_CALR_mut
CTTAAGGCAACATAGTAAGTAGAG-1-1,TP53_CALR_het
CTTAAGGCAAGAAATGAAGTAGAG-1-1,
CTTAAGGCAATCCACTAAGTAGAG-1-1,
CTTAAGGCAATTAGGTAAGTAGAG-1-1,
CTTAAGGCACACCCACAAGTAGAG-1-1,
CTTAAGGCAGCCTATTAAGTAGAG-1-1,
CTTAAGGCATCTATCAAAGTAGAG-1-1,TP53_EZH2_CALR_mut
CTTAAGTTCAATTTGCAAGTAGAG-1-1,TP53_CALR_het
CTTAAGTTCACAGCCTAAGTAGAG-1-1,
CTTAAGTTCCAACAGGAAGTAGAG-1-1,ZRSR2_CALR_mut
CTTAATGGTAACTTGCAAGTAGAG-1-1,
CTTAATGGTAATCCTAAAGTAGAG-1-1,
CTTAATGGTCCTCATCAAGTAGAG-1-1,TP53_CALR_het
CTTAATGGTCCTGAGCAAGTAGAG-1-1,
CTTAATGGTGCAATAGAAGTAGAG-1-1,
CTTAATGGTTAACGTCAAGTAGAG-1-1,
CTTACCGCAACTAGTGAAGTAGAG-1-1,
CTTACCGCAACTTGTCAAGTAGAG-1-1,
CTTACCGCAATATGGTAAGTAGAG-1-1,TP53_CALR_het
CTTACCGCAGCCTGAGAAGTAGAG-1-1,
CTTACCGCATAAGCCAAAGTAGAG-1-1,
CTTACCGCATGGCTAAAAGTAGAG-1-1,TP53_CALR_het
CTTACCTTCAAGCCAGAAGTAGAG-1-1,
CTTACCTTCACTATACAAGTAGAG-1-1,TP53_CALR_het
CTTACCTTCAGCATGGAAGTAGAG-1-1,
CTTACCTTCATGGATAAAGTAGAG-1-1,TP53_EZH2_CALR_mut
CTTACCTTCTCAGCTAAAGTAGAG-1-1,ZRSR2_CALR_mut
CTTACCTTCTCCATCTAAGTAGAG-1-1,
CTTACTGAGATAACTGAAGTAGAG-1-1,ZRSR2_CALR_mut
CTTACTGAGGAAGCCCAAGTAGAG-1-1,TP53_CALR_het
CTTACTGAGGATTATGAAGTAGAG-1-1,TP53_EZH2_CALR_mut
CTTACTGAGGCGGATCAAGTAGAG-1-1,TP53_CALR_het
CTTACTGAGGGTTGCAAAGTAGAG-1-1,TP53_CALR_het
CTTACTGAGTCAGGCAAAGTAGAG-1-1,TP53_EZH2_CALR_mut
CTTACTGAGTTTGGTTAAGTAGAG-1-1,TP53_CALR_het
CTTAGAAAGAAGGTTCAAGTAGAG-1-1,
CTTAGAAAGATGCCTCAAGTAGAG-1-1,
CTTAGAAAGATTGCAAAAGTAGAG-1-1,
CTTAGAAAGGCCATTCAAGTAGAG-1-1,
CTTAGAAAGTTGGCCTAAGTAGAG-1-1,
CTTAGAAAGTTTCGGCAAGTAGAG-1-1,TP53_EZH2_CALR_mut
CTTAGAGCAATTAGCGAAGTAGAG-1-1,TP53_EZH2_CALR_mut
CTTAGAGCACATTGTCAAGTAGAG-1-1,
CTTAGAGCACTCAGTTAAGTAGAG-1-1,
CTTAGAGCAGCAATTGAAGTAGAG-1-1,
CTTAGAGCAGGCCTCTAAGTAGAG-1-1,
CTTAGAGCAGTAATACAAGTAGAG-1-1,
CTTAGCCAGATGAAGGAAGTAGAG-1-1,TP53_CALR_het
CTTAGCCAGATTGCAAAAGTAGAG-1-1,TP53_EZH2_CALR_mut
CTTAGCCAGGACTTGGAAGTAGAG-1-1,TP53_CALR_het
CTTAGCCAGGCGAGAGAAGTAGAG-1-1,TP53_CALR_het
CTTAGCCAGGCTAGATAAGTAGAG-1-1,TP53_EZH2_CALR_mut
CTTAGCCAGTCAACAAAAGTAGAG-1-1,TP53_CALR_het
CTTAGCCAGTCCTGACAAGTAGAG-1-1,TP53_EZH2_CALR_mut
CTTAGCCAGTCTAACTAAGTAGAG-1-1,
CTTAGCCAGTGATCAAAAGTAGAG-1-1,
CTTAGCGGTAGCCTTGAAGTAGAG-1-1,
CTTAGCGGTATGTTTGAAGTAGAG-1-1,
CTTAGCGGTATTTACGAAGTAGAG-1-1,
CTTAGCGGTCAACATCAAGTAGAG-1-1,
CTTAGCGGTGACACAAAAGTAGAG-1-1,
CTTAGCGGTTCACCAGAAGTAGAG-1-1,TP53_EZH2_CALR_mut
CTTAGCGGTTGCGAAAAAGTAGAG-1-1,
CTTAGCGGTTGGCGAGAAGTAGAG-1-1,
CTTAGCTCAAATGACTAAGTAGAG-1-1,
CTTAGCTCAAGGCCATAAGTAGAG-1-1,TP53_CALR_het
CTTAGCTCACAGCAACAAGTAGAG-1-1,TP53_CALR_het
CTTAGCTCACCGGCAAAAGTAGAG-1-1,ZRSR2_CALR_mut
CTTAGCTCACTATGGAAAGTAGAG-1-1,TP53_EZH2_CALR_het
CTTAGCTCATAAGCTGAAGTAGAG-1-1,TP53_EZH2_CALR_mut
CTTAGCTCATCCCTCTAAGTAGAG-1-1,
CTTAGCTCATGAGGGAAAGTAGAG-1-1,TP53_CALR_het
CTTAGTAGTAACCCATAAGTAGAG-1-1,
CTTAGTAGTACGGTTTAAGTAGAG-1-1,
CTTAGTAGTATCCGCAAAGTAGAG-1-1,
CTTAGTAGTGACATGAAAGTAGAG-1-1,
CTTAGTAGTGATTACCAAGTAGAG-1-1,TP53_CALR_het
CTTAGTAGTGGATGGTAAGTAGAG-1-1,TP53_CALR_het
CTTAGTAGTTGCGAAAAAGTAGAG-1-1,TP53_EZH2_CALR_mut
CTTAGTAGTTTCCTGCAAGTAGAG-1-1,
CTTAGTAGTTTGTTTCAAGTAGAG-1-1,TP53_CALR_het
CTTAGTCCAATCAAACAAGTAGAG-1-1,
CTTAGTCCACAGCAACAAGTAGAG-1-1,
CTTAGTCCAGCTCGCTAAGTAGAG-1-1,TP53_CALR_het
CTTAGTCCAGCTTAAGAAGTAGAG-1-1,
CTTAGTCCAGGATCCGAAGTAGAG-1-1,
CTTAGTCCATCACGCCAAGTAGAG-1-1,TP53_CALR_het
CTTAGTGTCACCAGGAAAGTAGAG-1-1,
CTTAGTGTCATGAATGAAGTAGAG-1-1,ZRSR2_CALR_mut
CTTAGTGTCGGTACAGAAGTAGAG-1-1,TP53_EZH2_CALR_mut
CTTAGTGTCGTAGTTTAAGTAGAG-1-1,
CTTAGTGTCTTAAGCTAAGTAGAG-1-1,ZRSR2_CALR_mut
CTTAGTGTCTTGATCGAAGTAGAG-1-1,ZRSR2_CALR_mut
CTTATGTAGGAACCATAAGTAGAG-1-1,
CTTATGTAGGCAGGCTAAGTAGAG-1-1,TP53_CALR_het
CTTATGTAGGGCAGTCAAGTAGAG-1-1,ZRSR2_CALR_mut
CTTATGTAGGGTTTGGAAGTAGAG-1-1,
CTTATGTAGTGGCTTCAAGTAGAG-1-1,
CTTCAACCAAGGGTCTAAGTAGAG-1-1,ZRSR2_CALR_mut
CTTCAACCAATAGCTGAAGTAGAG-1-1,TP53_CALR_het
CTTCAACCAATCAAGTAAGTAGAG-1-1,TP53_CALR_het
CTTCAACCAATGAATCAAGTAGAG-1-1,
CTTCAACCAATGTGGCAAGTAGAG-1-1,
CTTCAACCACAAGCGTAAGTAGAG-1-1,TP53_CALR_het
CTTCAACCAGGTATTGAAGTAGAG-1-1,
CTTCAACCATTGACTCAAGTAGAG-1-1,TP53_CALR_het
CTTCAACCATTGAGATAAGTAGAG-1-1,TP53_EZH2_CALR_mut
CTTCAATAGACAAGCTAAGTAGAG-1-1,
CTTCAATAGACTTAAGAAGTAGAG-1-1,TP53_CALR_het
CTTCAATAGCCTGCCAAAGTAGAG-1-1,TP53_CALR_het
CTTCAATAGCGCTAGAAAGTAGAG-1-1,ZRSR2_CALR_mut
CTTCAATAGCTCGACTAAGTAGAG-1-1,
CTTCAATAGCTCGATCAAGTAGAG-1-1,TP53_EZH2_CALR_mut
CTTCAATAGGAACCATAAGTAGAG-1-1,
CTTCAATAGGCAGGCTAAGTAGAG-1-1,
CTTCAATAGGCTGGTAAAGTAGAG-1-1,
CTTCAATAGGGATGAAAAGTAGAG-1-1,
CTTCAATAGTAACGTAAAGTAGAG-1-1,
CTTCAATAGTAATGGCAAGTAGAG-1-1,
CTTCAATAGTCAAACAAAGTAGAG-1-1,
CTTCAATAGTTACCTGAAGTAGAG-1-1,
CTTCAATAGTTAGGGTAAGTAGAG-1-1,
CTTCCTCCAAGACATTAAGTAGAG-1-1,TP53_CALR_het
CTTCCTCCAAGGTGCTAAGTAGAG-1-1,
CTTCCTCCAATTAGCGAAGTAGAG-1-1,
CTTCCTCCACATTGAGAAGTAGAG-1-1,TP53_CALR_het
CTTCCTCCAGAAAGGTAAGTAGAG-1-1,
CTTCCTCCAGCCTATTAAGTAGAG-1-1,TP53_CALR_het
CTTCCTCCAGCTCGAGAAGTAGAG-1-1,TP53_CALR_het
CTTCCTCCAGGCTATAAAGTAGAG-1-1,
CTTCCTCCAGGTAGCTAAGTAGAG-1-1,TP53_EZH2_CALR_mut
CTTCCTCCATTCTGTAAAGTAGAG-1-1,TP53_CALR_het
CTTCCTCCATTTCTTCAAGTAGAG-1-1,
CTTCGAATCACAGATAAAGTAGAG-1-1,
CTTCGAATCATGCATTAAGTAGAG-1-1,
CTTCGAATCCAGCTACAAGTAGAG-1-1,
CTTCGAATCGATATTCAAGTAGAG-1-1,TP53_CALR_het
CTTCGAATCGCCTCGAAAGTAGAG-1-1,
CTTCGAATCGTCAACCAAGTAGAG-1-1,
CTTCGCCTCACCACACAAGTAGAG-1-1,
CTTCGCCTCACTATACAAGTAGAG-1-1,TP53_EZH2_CALR_mut
CTTCGCCTCAGGGCACAAGTAGAG-1-1,TP53_CALR_het
CTTCGCCTCATCACATAAGTAGAG-1-1,ZRSR2_CALR_mut
CTTCGCCTCCAAACGGAAGTAGAG-1-1,TP53_CALR_het
CTTCGCCTCCATCCGGAAGTAGAG-1-1,TP53_CALR_het
CTTCGCCTCCCGTTGGAAGTAGAG-1-1,
CTTCGCCTCGATTAAGAAGTAGAG-1-1,TP53_EZH2_CALR_mut
CTTCGCCTCGCAGGACAAGTAGAG-1-1,
CTTCGCCTCGCTCAACAAGTAGAG-1-1,
CTTCGCCTCTGGCCATAAGTAGAG-1-1,
CTTGAACGTAGCTTGTAAGTAGAG-1-1,
CTTGAACGTCCAATACAAGTAGAG-1-1,
CTTGAACGTTAACGTCAAGTAGAG-1-1,TP53_CALR_het
CTTGAACGTTAAGGATAAGTAGAG-1-1,
CTTGAACGTTAGCTCGAAGTAGAG-1-1,
CTTGAACGTTAGTGAGAAGTAGAG-1-1,TP53_EZH2_CALR_mut
CTTGAACGTTGACCCAAAGTAGAG-1-1,
CTTGAACGTTGAGGACAAGTAGAG-1-1,TP53_CALR_het
CTTGAACGTTGCGGCTAAGTAGAG-1-1,ZRSR2_CALR_mut
CTTGAACGTTGTGAGAAAGTAGAG-1-1,TP53_CALR_het
CTTGACTCAAACGGGAAAGTAGAG-1-1,
CTTGACTCAAGCTAATAAGTAGAG-1-1,ZRSR2_CALR_mut
CTTGACTCACGCCACTAAGTAGAG-1-1,
CTTGACTCACTTCGATAAGTAGAG-1-1,ZRSR2_CALR_mut
CTTGACTCAGTAAGTTAAGTAGAG-1-1,TP53_CALR_het
CTTGAGGAGCATCTTGAAGTAGAG-1-1,TP53_EZH2_CALR_mut
CTTGAGGAGCCACTCGAAGTAGAG-1-1,TP53_CALR_het
CTTGAGGAGCCCTGATAAGTAGAG-1-1,
CTTGAGGAGCCCTTGGAAGTAGAG-1-1,
CTTGAGGAGCCTATATAAGTAGAG-1-1,ZRSR2_CALR_mut
CTTGAGGAGCGTGCTTAAGTAGAG-1-1,
CTTGAGGAGTCACACCAAGTAGAG-1-1,TP53_CALR_het
CTTGAGGAGTCTAATCAAGTAGAG-1-1,
CTTGAGGAGTGGCTTCAAGTAGAG-1-1,TP53_CALR_het
CTTGATGTCCAGAACGAAGTAGAG-1-1,TP53_EZH2_CALR_mut
CTTGATGTCCGCAATCAAGTAGAG-1-1,
CTTGATGTCGCAAATAAAGTAGAG-1-1,
CTTGATGTCTTCGCCCAAGTAGAG-1-1,
CTTGATTAGGGAGGATAAGTAGAG-1-1,TP53_CALR_het
CTTGATTAGTAGCGCAAAGTAGAG-1-1,TP53_CALR_het
CTTGATTAGTTGCAGGAAGTAGAG-1-1,
CTTGCACAGCCATAAAAAGTAGAG-1-1,
CTTGCACAGCCATCACAAGTAGAG-1-1,TP53_EZH2_CALR_het
CTTGCACAGGCTGGTAAAGTAGAG-1-1,ZRSR2_CALR_mut
CTTGCACAGGTAGACTAAGTAGAG-1-1,TP53_CALR_het
CTTGCACAGGTAGTTAAAGTAGAG-1-1,
CTTGCACAGTGTGCAGAAGTAGAG-1-1,
CTTGCGCCAAGCCACGAAGTAGAG-1-1,ZRSR2_CALR_mut
CTTGCGCCAATAGCTGAAGTAGAG-1-1,
CTTGCGCCATGCAATGAAGTAGAG-1-1,TP53_CALR_het
CTTGCGCCATTAGCGAAAGTAGAG-1-1,ZRSR2_CALR_mut
CTTGCTGCAACAGGGAAAGTAGAG-1-1,
CTTGCTGCAAGTTCCTAAGTAGAG-1-1,
CTTGCTGCAATTGAGTAAGTAGAG-1-1,
CTTGCTGCACACTAAGAAGTAGAG-1-1,
CTTGGTTCAAGCTTTCAAGTAGAG-1-1,TP53_EZH2_CALR_mut
CTTGGTTCAATTAGGTAAGTAGAG-1-1,TP53_EZH2_CALR_mut
CTTGGTTCACCAGCTCAAGTAGAG-1-1,TP53_CALR_het
CTTGGTTCAGGTCAACAAGTAGAG-1-1,
CTTGGTTCATCCTTGGAAGTAGAG-1-1,
CTTGGTTCATTGCCGCAAGTAGAG-1-1,ZRSR2_CALR_mut
CTTGTGATCAGGCAATAAGTAGAG-1-1,TP53_CALR_het
CTTGTGATCATAGGCGAAGTAGAG-1-1,TP53_EZH2_CALR_mut
CTTGTGATCCAACATTAAGTAGAG-1-1,TP53_CALR_het
CTTGTGATCCAATTACAAGTAGAG-1-1,TP53_CALR_het
CTTGTGATCCATAAAGAAGTAGAG-1-1,
CTTGTGATCCGGACAAAAGTAGAG-1-1,TP53_CALR_het
CTTGTGATCCTGAGGAAAGTAGAG-1-1,
CTTGTGATCGCGTTACAAGTAGAG-1-1,TP53_CALR_het
CTTGTGATCGCTTCGGAAGTAGAG-1-1,
CTTGTGATCTGCAACCAAGTAGAG-1-1,
CTTGTGTCAACTAGTGAAGTAGAG-1-1,TP53_CALR_het
CTTGTGTCAAGATGCCAAGTAGAG-1-1,TP53_EZH2_CALR_mut
CTTGTGTCAAGTAAGAAAGTAGAG-1-1,TP53_CALR_het
CTTGTGTCAATCAAGTAAGTAGAG-1-1,
CTTGTGTCAATGGGAGAAGTAGAG-1-1,
CTTGTGTCACATAAACAAGTAGAG-1-1,TP53_CALR_het
CTTGTGTCACATTGAGAAGTAGAG-1-1,
CTTGTGTCACCACATTAAGTAGAG-1-1,
CTTGTGTCACCAGCTCAAGTAGAG-1-1,
CTTGTGTCACCGTTTGAAGTAGAG-1-1,TP53_EZH2_CALR_mut
CTTGTGTCATCGGGCAAAGTAGAG-1-1,TP53_EZH2_CALR_mut
CTTGTGTCATTACTCAAAGTAGAG-1-1,TP53_EZH2_CALR_mut
CTTGTGTCATTGTACCAAGTAGAG-1-1,
CTTTAACAGAATGGGAAAGTAGAG-1-1,TP53_CALR_het
CTTTAACAGAGGTTTAAAGTAGAG-1-1,TP53_CALR_het
CTTTAACAGCAAATCAAAGTAGAG-1-1,TP53_EZH2_CALR_mut
CTTTAACAGCAACATAAAGTAGAG-1-1,
CTTTAACAGCGAGCTAAAGTAGAG-1-1,
CTTTAACAGGATTATGAAGTAGAG-1-1,
CTTTAACAGGCCTCTGAAGTAGAG-1-1,
CTTTAACAGGTTGCTCAAGTAGAG-1-1,TP53_EZH2_CALR_mut
CTTTAACAGTGCCCTGAAGTAGAG-1-1,TP53_EZH2_CALR_mut
CTTTAAGGTACGTCCAAAGTAGAG-1-1,
CTTTAAGGTGAACGACAAGTAGAG-1-1,TP53_EZH2_CALR_mut
CTTTAAGGTGACATGAAAGTAGAG-1-1,
CTTTAAGGTTACCGTGAAGTAGAG-1-1,
CTTTAGGTCACCCTGGAAGTAGAG-1-1,TP53_CALR_het
CTTTAGGTCCAAACGGAAGTAGAG-1-1,
CTTTAGGTCCAATAGAAAGTAGAG-1-1,
CTTTAGGTCCCGTTCCAAGTAGAG-1-1,TP53_EZH2_CALR_mut
CTTTAGGTCGATTGGGAAGTAGAG-1-1,TP53_CALR_het
CTTTAGGTCTTGAGGGAAGTAGAG-1-1,TP53_EZH2_CALR_mut
CTTTAGTAGAGAGCAAAAGTAGAG-1-1,
CTTTAGTAGCAATCGGAAGTAGAG-1-1,
CTTTAGTAGTTAACAGAAGTAGAG-1-1,TP53_CALR_het
CTTTCATGTAATCCGTAAGTAGAG-1-1,
CTTTCATGTACGTTACAAGTAGAG-1-1,
CTTTCATGTAGCTTGTAAGTAGAG-1-1,TP53_CALR_het
CTTTCATGTCCTTAGGAAGTAGAG-1-1,TP53_CALR_het
CTTTCATGTGAATCTCAAGTAGAG-1-1,
CTTTCATGTGGTTATCAAGTAGAG-1-1,ZRSR2_CALR_mut
CTTTCATGTGTGGCTCAAGTAGAG-1-1,TP53_EZH2_CALR_mut
CTTTCATGTTATGTGCAAGTAGAG-1-1,TP53_EZH2_CALR_mut
CTTTCATGTTCCAGCAAAGTAGAG-1-1,
CTTTCATGTTCGATGTAAGTAGAG-1-1,
CTTTCATGTTCGGTATAAGTAGAG-1-1,TP53_EZH2_CALR_mut
CTTTCATGTTGGATAGAAGTAGAG-1-1,
CTTTCATGTTTATGGCAAGTAGAG-1-1,
CTTTCGTTCAAGCTCCAAGTAGAG-1-1,
CTTTCGTTCACTAGGGAAGTAGAG-1-1,
CTTTCGTTCCATAACTAAGTAGAG-1-1,
CTTTCGTTCTAATGGAAAGTAGAG-1-1,TP53_CALR_het
CTTTCGTTCTCAAACTAAGTAGAG-1-1,
CTTTCGTTCTGCCATAAAGTAGAG-1-1,
CTTTCGTTCTTGAATCAAGTAGAG-1-1,
CTTTCTATCATCAAGAAAGTAGAG-1-1,
CTTTCTATCCCAAATTAAGTAGAG-1-1,TP53_CALR_het
CTTTCTATCGTGATTTAAGTAGAG-1-1,TP53_EZH2_CALR_mut
CTTTGGATCAATTGGAAAGTAGAG-1-1,TP53_CALR_het
CTTTGGATCAGGCTGAAAGTAGAG-1-1,TP53_CALR_het
CTTTGGATCCATCCTTAAGTAGAG-1-1,
CTTTGGATCGCCTAACAAGTAGAG-1-1,TP53_EZH2_CALR_mut
CTTTGGATCTAATCACAAGTAGAG-1-1,
CTTTGGTCAACTATCCAAGTAGAG-1-1,TP53_EZH2_CALR_mut
CTTTGGTCAAGGTTATAAGTAGAG-1-1,ZRSR2_CALR_mut
CTTTGGTCAATCCACTAAGTAGAG-1-1,TP53_CALR_het
CTTTGGTCAGCTAGACAAGTAGAG-1-1,
GAAATACGTACAAAGTAAGTAGAG-1-1,TP53_EZH2_CALR_mut
GAAATACGTACTTCCCAAGTAGAG-1-1,
GAAATACGTCAAAGGCAAGTAGAG-1-1,
GAAATACGTCGTAACTAAGTAGAG-1-1,
GAAATACGTGCGGCAAAAGTAGAG-1-1,
GAAATACGTGTTGCTGAAGTAGAG-1-1,
GAAATACGTTGTGAGAAAGTAGAG-1-1,
GAACAATGTACGATTCAAGTAGAG-1-1,
GAACAATGTGGATGCGAAGTAGAG-1-1,ZRSR2_CALR_mut
GAACAATGTTTATCGAAAGTAGAG-1-1,
GAACAGGCAAGTTGCAAAGTAGAG-1-1,
GAACAGGCACACCCACAAGTAGAG-1-1,ZRSR2_CALR_mut
GAACAGGCACATAGTGAAGTAGAG-1-1,TP53_EZH2_CALR_mut
GAACAGGCACCTATCGAAGTAGAG-1-1,TP53_CALR_het
GAACAGGCACCTTCTCAAGTAGAG-1-1,
GAACAGGCAGCACTAAAAGTAGAG-1-1,ZRSR2_CALR_mut
GAACAGGCAGGCTAACAAGTAGAG-1-1,
GAACAGGCATATTTCGAAGTAGAG-1-1,TP53_EZH2_CALR_mut
GAACGAAAGCAAATTGAAGTAGAG-1-1,ZRSR2_CALR_mut
GAACGAAAGCAACATAAAGTAGAG-1-1,
GAACGAAAGCCATCGTAAGTAGAG-1-1,
GAACGAAAGCGAGTTGAAGTAGAG-1-1,
GAACGAAAGGACTTGGAAGTAGAG-1-1,
GAACGGCTCAAAGGCTAAGTAGAG-1-1,
GAACGGCTCAGCGGGTAAGTAGAG-1-1,TP53_CALR_het
GAACGGCTCGATTAAGAAGTAGAG-1-1,TP53_EZH2_CALR_mut
GAACGGCTCTCTCGCCAAGTAGAG-1-1,ZRSR2_CALR_mut
GAACTTAAGACAGACTAAGTAGAG-1-1,ZRSR2_CALR_mut
GAACTTAAGGAAACCTAAGTAGAG-1-1,TP53_EZH2_CALR_mut
GAACTTAAGGAACCATAAGTAGAG-1-1,
GAACTTAAGGTTGTGGAAGTAGAG-1-1,TP53_EZH2_CALR_mut
GAACTTAAGTACCAGGAAGTAGAG-1-1,TP53_EZH2_CALR_mut
GAACTTGCAACTAAGTAAGTAGAG-1-1,TP53_CALR_het
GAACTTGCACTCAGTTAAGTAGAG-1-1,TP53_CALR_het
GAACTTGCAGTAAGGGAAGTAGAG-1-1,TP53_CALR_het
GAACTTGCATCATCACAAGTAGAG-1-1,TP53_EZH2_CALR_mut
GAACTTGCATGCGCAGAAGTAGAG-1-1,TP53_CALR_het
GAACTTGCATTACACCAAGTAGAG-1-1,
GAACTTGCATTTGCTAAAGTAGAG-1-1,TP53_CALR_het
GAAGAATAGACCTTTGAAGTAGAG-1-1,ZRSR2_CALR_mut
GAAGAATAGAGCAATCAAGTAGAG-1-1,
GAAGAATAGAGGCGTCAAGTAGAG-1-1,TP53_CALR_het
GAAGAATAGAGGTTCGAAGTAGAG-1-1,TP53_EZH2_CALR_mut
GAAGAATAGATTCCCAAAGTAGAG-1-1,TP53_EZH2_CALR_mut
GAAGAATAGATTCGTTAAGTAGAG-1-1,TP53_EZH2_CALR_mut
GAAGAATAGCCACTCGAAGTAGAG-1-1,
GAAGAATAGCCCTGATAAGTAGAG-1-1,TP53_CALR_het
GAAGAATAGGGAGGCAAAGTAGAG-1-1,TP53_CALR_het
GAAGCACGTAAGCTAGAAGTAGAG-1-1,TP53_EZH2_CALR_mut
GAAGCACGTATTACCAAAGTAGAG-1-1,
GAAGCACGTATTCGACAAGTAGAG-1-1,
GAAGCACGTGTGTCGCAAGTAGAG-1-1,
GAAGCACGTTAAGCCTAAGTAGAG-1-1,TP53_EZH2_CALR_mut
GAAGCCATCACAAGCGAAGTAGAG-1-1,TP53_CALR_het
GAAGCCATCAGGCAATAAGTAGAG-1-1,TP53_CALR_het
GAAGCCATCGGGATGCAAGTAGAG-1-1,
GAAGCCATCGTCAATTAAGTAGAG-1-1,
GAAGGATCAAAGGTAAAAGTAGAG-1-1,
GAAGGATCAACTAGTGAAGTAGAG-1-1,TP53_CALR_het
GAAGGATCACACCCACAAGTAGAG-1-1,ZRSR2_CALR_mut
GAAGGATCACATGAATAAGTAGAG-1-1,TP53_CALR_het
GAAGGATCAGATAGCCAAGTAGAG-1-1,TP53_CALR_het
GAAGGATCATAGCGACAAGTAGAG-1-1,TP53_CALR_het
GAAGGATCATGCAATGAAGTAGAG-1-1,TP53_EZH2_CALR_mut
GAAGGCTGTCAAGCTTAAGTAGAG-1-1,
GAAGGCTGTCCATTAAAAGTAGAG-1-1,
GAAGGCTGTCCGCTAAAAGTAGAG-1-1,
GAAGGCTGTGACACAAAAGTAGAG-1-1,TP53_CALR_het
GAAGGCTGTGACCTATAAGTAGAG-1-1,
GAAGGCTGTTAGTAGGAAGTAGAG-1-1,
GAAGGGTAGAAGGTCTAAGTAGAG-1-1,TP53_EZH2_CALR_mut
GAAGGGTAGAATGGGAAAGTAGAG-1-1,
GAAGGGTAGAGGATAGAAGTAGAG-1-1,TP53_CALR_het
GAAGGGTAGCACGCAAAAGTAGAG-1-1,
GAAGGGTAGCGCAAGCAAGTAGAG-1-1,TP53_EZH2_CALR_mut
GAAGGGTAGCTTACTGAAGTAGAG-1-1,
GAAGGGTAGGGCAGTCAAGTAGAG-1-1,
GAAGGGTAGGTTAGCGAAGTAGAG-1-1,TP53_CALR_het
GAAGGGTAGTAGCTAAAAGTAGAG-1-1,
GAAGGGTAGTCTAATCAAGTAGAG-1-1,
GAAGGGTAGTTTGCATAAGTAGAG-1-1,TP53_CALR_het
GAAGTATGTAATCCGTAAGTAGAG-1-1,
GAAGTATGTACGAACAAAGTAGAG-1-1,TP53_CALR_het
GAAGTATGTACTGCCAAAGTAGAG-1-1,
GAAGTATGTACTTATGAAGTAGAG-1-1,TP53_CALR_het
GAAGTATGTCAGGGCAAAGTAGAG-1-1,
GAAGTATGTGGTTCGCAAGTAGAG-1-1,
GAAGTATGTTCTGGCAAAGTAGAG-1-1,
GAATAACGTAACGTGAAAGTAGAG-1-1,
GAATAACGTAATTTCGAAGTAGAG-1-1,
GAATAACGTACCTCAGAAGTAGAG-1-1,
GAATAACGTCAAACTCAAGTAGAG-1-1,
GAATAACGTTGGATGAAAGTAGAG-1-1,
GAATCACAGATATTGGAAGTAGAG-1-1,TP53_EZH2_CALR_mut
GAATCACAGATGAAGGAAGTAGAG-1-1,
GAATCACAGCAGCTAGAAGTAGAG-1-1,TP53_EZH2_CALR_mut
GAATCACAGCCTATATAAGTAGAG-1-1,TP53_CALR_het
GAATCACAGCGCTCCAAAGTAGAG-1-1,TP53_EZH2_CALR_mut
GAATCACAGCTATTACAAGTAGAG-1-1,TP53_EZH2_CALR_mut
GAATCACAGGATTAGCAAGTAGAG-1-1,TP53_CALR_het
GAATCACAGTTGCAGGAAGTAGAG-1-1,TP53_CALR_het
GAATCAGGTAGCCAAAAAGTAGAG-1-1,TP53_CALR_het
GAATCAGGTATTACCAAAGTAGAG-1-1,TP53_CALR_het
GAATCAGGTCATGCATAAGTAGAG-1-1,TP53_CALR_het
GAATCAGGTGGACACGAAGTAGAG-1-1,
GAATCAGGTTCCTTCAAAGTAGAG-1-1,ZRSR2_CALR_mut
GAATCAGGTTGACCCAAAGTAGAG-1-1,
GAATCGAGTAAAGCGCAAGTAGAG-1-1,TP53_CALR_het
GAATCGAGTAAATAGCAAGTAGAG-1-1,
GAATCGAGTAACCTTAAAGTAGAG-1-1,TP53_EZH2_CALR_mut
GAATCGAGTAATAGGTAAGTAGAG-1-1,TP53_CALR_het
GAATCGAGTACTGCCAAAGTAGAG-1-1,TP53_CALR_het
GAATCGAGTCAAACTCAAGTAGAG-1-1,
GAATCGAGTCGTTCTCAAGTAGAG-1-1,TP53_EZH2_CALR_mut
GAATCGAGTTAACGTCAAGTAGAG-1-1,TP53_EZH2_CALR_mut
GAATCGAGTTACCGTGAAGTAGAG-1-1,
GAATCGAGTTACTTCTAAGTAGAG-1-1,
GAATCGAGTTCGGTATAAGTAGAG-1-1,ZRSR2_CALR_mut
GAATCGAGTTGCACGCAAGTAGAG-1-1,TP53_EZH2_CALR_mut
GAATCGAGTTGCGCTAAAGTAGAG-1-1,TP53_EZH2_CALR_mut
GAATCGAGTTTCCAAAAAGTAGAG-1-1,TP53_CALR_het
GAATCGGTCACAGCCTAAGTAGAG-1-1,
GAATCGGTCACGGACAAAGTAGAG-1-1,
GAATCGGTCACTAATCAAGTAGAG-1-1,TP53_EZH2_CALR_mut
GAATCGGTCATCCCAAAAGTAGAG-1-1,TP53_CALR_het
GAATCGGTCATTGTACAAGTAGAG-1-1,TP53_CALR_het
GAATCGGTCCAAACAAAAGTAGAG-1-1,
GAATCGGTCCAACATTAAGTAGAG-1-1,
GAATCGGTCCACAACCAAGTAGAG-1-1,
GAATCGGTCCCATTGAAAGTAGAG-1-1,TP53_EZH2_CALR_mut
GAATCGGTCCGCTATAAAGTAGAG-1-1,
GAATCGGTCCTTTGTCAAGTAGAG-1-1,
GAATCGGTCTCACAATAAGTAGAG-1-1,
GAATCTAAGCCCGTTGAAGTAGAG-1-1,
GAATCTAAGCTATCGCAAGTAGAG-1-1,ZRSR2_CALR_mut
GAATCTAAGGCCTCTGAAGTAGAG-1-1,TP53_CALR_het
GAATCTAAGGTAGTTAAAGTAGAG-1-1,
GAATCTAAGTAGCCTCAAGTAGAG-1-1,
GAATCTAAGTTGGCCTAAGTAGAG-1-1,ZRSR2_CALR_mut
GAATGACTCAATTGGAAAGTAGAG-1-1,
GAATGACTCACAAAGCAAGTAGAG-1-1,TP53_CALR_het
GAATGACTCACGAACGAAGTAGAG-1-1,
GAATGACTCCATCCAAAAGTAGAG-1-1,
GAATGACTCCCTGGATAAGTAGAG-1-1,
GAATGACTCCCTGGTGAAGTAGAG-1-1,
GAATGACTCCGCCACAAAGTAGAG-1-1,
GAATGACTCGGCTAAGAAGTAGAG-1-1,
GAATGACTCGGTTCACAAGTAGAG-1-1,TP53_CALR_het
GAATGACTCGTGATTTAAGTAGAG-1-1,
GAATGACTCGTTATGTAAGTAGAG-1-1,
GAATGCGTCAAAGGGAAAGTAGAG-1-1,
GAATGCGTCATTGCATAAGTAGAG-1-1,
GAATGCGTCCAACAGGAAGTAGAG-1-1,
GAATGCGTCCGCAATCAAGTAGAG-1-1,TP53_CALR_het
GAATGCGTCCTTTCTAAAGTAGAG-1-1,ZRSR2_CALR_mut
GAATGCGTCGTCAACCAAGTAGAG-1-1,
GAATGGTTCAATCCTGAAGTAGAG-1-1,TP53_CALR_het
GAATGGTTCACCAGGAAAGTAGAG-1-1,
GAATGGTTCAGGGATTAAGTAGAG-1-1,TP53_CALR_het
GAATGGTTCATCCAGCAAGTAGAG-1-1,
GAATGGTTCCCTTTGTAAGTAGAG-1-1,TP53_EZH2_CALR_mut
GAATGGTTCGCCTAACAAGTAGAG-1-1,TP53_EZH2_CALR_mut
GAATGGTTCGGTTATTAAGTAGAG-1-1,
GAATGGTTCTAGTTACAAGTAGAG-1-1,
GAATGGTTCTTTAGCGAAGTAGAG-1-1,TP53_CALR_het
GAATGTCAGACGCATGAAGTAGAG-1-1,
GAATGTCAGAGGATAGAAGTAGAG-1-1,TP53_CALR_het
GAATGTCAGATGAACCAAGTAGAG-1-1,
GAATGTCAGCAATCGGAAGTAGAG-1-1,
GAATGTCAGCGGCTTTAAGTAGAG-1-1,
GAATGTCAGCTTAAAGAAGTAGAG-1-1,TP53_EZH2_CALR_mut
GAATGTCAGGCTTAAAAAGTAGAG-1-1,TP53_EZH2_CALR_mut
GAATGTCAGGTTATCTAAGTAGAG-1-1,
GAATGTCAGTCGAAGTAAGTAGAG-1-1,
GAATTGATCAGGCAATAAGTAGAG-1-1,
GAATTGATCCGCTATAAAGTAGAG-1-1,TP53_CALR_het
GAATTGATCCTCCCACAAGTAGAG-1-1,ZRSR2_CALR_mut
GAATTGATCCTGACTAAAGTAGAG-1-1,
GAATTGATCTTTAGCGAAGTAGAG-1-1,
GACAAACTCAACTGGGAAGTAGAG-1-1,
GACAAACTCAATTGGAAAGTAGAG-1-1,
GACAAACTCAATTTGCAAGTAGAG-1-1,TP53_EZH2_CALR_mut
GACAAACTCACCCTCCAAGTAGAG-1-1,TP53_CALR_het
GACAAACTCCACTAATAAGTAGAG-1-1,
GACAAACTCCAGCTACAAGTAGAG-1-1,TP53_CALR_het
GACAAACTCCGCCATGAAGTAGAG-1-1,
GACAAACTCGGTCAAGAAGTAGAG-1-1,
GACAACTAGACAAAGGAAGTAGAG-1-1,TP53_CALR_het
GACAACTAGACTAACAAAGTAGAG-1-1,
GACAACTAGAGGAAATAAGTAGAG-1-1,
GACAACTAGCCTGGTTAAGTAGAG-1-1,TP53_CALR_het
GACAACTAGCGATGGCAAGTAGAG-1-1,ZRSR2_CALR_mut
GACAACTAGGAAACCTAAGTAGAG-1-1,TP53_EZH2_CALR_mut
GACAACTAGTAAAGGGAAGTAGAG-1-1,
GACAACTAGTCAATAGAAGTAGAG-1-1,TP53_CALR_het
GACAACTAGTCTATGTAAGTAGAG-1-1,
GACAACTAGTTACCCAAAGTAGAG-1-1,
GACAATATCAAGGTCGAAGTAGAG-1-1,
GACAATATCACAGGATAAGTAGAG-1-1,TP53_CALR_het
GACAATATCACTTGATAAGTAGAG-1-1,TP53_CALR_het
GACAATATCATGACCCAAGTAGAG-1-1,
GACAATATCCAACTATAAGTAGAG-1-1,TP53_EZH2_CALR_mut
GACAATATCCCTTTGTAAGTAGAG-1-1,ZRSR2_CALR_mut
GACAATATCCTTTGGAAAGTAGAG-1-1,TP53_CALR_het
GACAATATCTCCATCTAAGTAGAG-1-1,TP53_CALR_het
GACAGGCTCAACCTATAAGTAGAG-1-1,TP53_EZH2_CALR_mut
GACAGGCTCACATTCGAAGTAGAG-1-1,
GACAGGCTCAGCGAATAAGTAGAG-1-1,
GACAGGCTCATGACCCAAGTAGAG-1-1,
GACAGGCTCCAGAAACAAGTAGAG-1-1,
GACAGGCTCGGCTAGAAAGTAGAG-1-1,
GACAGGCTCGGTTCACAAGTAGAG-1-1,
GACAGGCTCTACTACGAAGTAGAG-1-1,TP53_CALR_het
GACAGGCTCTAGCGGAAAGTAGAG-1-1,TP53_CALR_het
GACAGGCTCTATGGCCAAGTAGAG-1-1,TP53_CALR_het
GACAGGGAGAGGAAATAAGTAGAG-1-1,
GACAGGGAGCCCGTTGAAGTAGAG-1-1,
GACAGGGAGCCTTAATAAGTAGAG-1-1,
GACAGGGAGCTACGTCAAGTAGAG-1-1,
GACAGGGAGGAACCTGAAGTAGAG-1-1,
GACAGGGAGGACACGCAAGTAGAG-1-1,TP53_CALR_het
GACAGGGAGGTAATTGAAGTAGAG-1-1,TP53_CALR_het
GACAGGGAGGTTGTAAAAGTAGAG-1-1,TP53_CALR_het
GACAGGGAGTCTAATCAAGTAGAG-1-1,TP53_CALR_het
GACAGTTAGCTACGTCAAGTAGAG-1-1,
GACAGTTAGGGTTGCAAAGTAGAG-1-1,TP53_CALR_het
GACAGTTAGTTTGACTAAGTAGAG-1-1,TP53_CALR_het
GACATAATCAATCCTGAAGTAGAG-1-1,
GACATAATCCAAACGGAAGTAGAG-1-1,TP53_CALR_het
GACATCCTCCTAATCGAAGTAGAG-1-1,TP53_CALR_het
GACATCCTCGCGAAATAAGTAGAG-1-1,
GACATCCTCTAAGTCTAAGTAGAG-1-1,
GACATCCTCTATCTGGAAGTAGAG-1-1,
GACATGCCAACTATCCAAGTAGAG-1-1,TP53_CALR_het
GACATGCCACCAGCCTAAGTAGAG-1-1,TP53_CALR_het
GACATGCCATCATAGGAAGTAGAG-1-1,
GACATTAAGCACGTTCAAGTAGAG-1-1,ZRSR2_CALR_mut
GACATTAAGCGAATACAAGTAGAG-1-1,
GACATTAAGCGCCTTGAAGTAGAG-1-1,TP53_EZH2_CALR_mut
GACATTAAGCTAAACAAAGTAGAG-1-1,
GACATTAAGGAAGGTAAAGTAGAG-1-1,TP53_CALR_het
GACATTAAGGCGGATCAAGTAGAG-1-1,TP53_EZH2_CALR_mut
GACATTAAGGGCAGTCAAGTAGAG-1-1,
GACATTAAGGTGAGTTAAGTAGAG-1-1,
GACATTCGTACGTTACAAGTAGAG-1-1,
GACATTCGTAGTAACGAAGTAGAG-1-1,ZRSR2_CALR_mut
GACATTCGTATGTGAGAAGTAGAG-1-1,TP53_EZH2_CALR_mut
GACATTCGTCATCAGTAAGTAGAG-1-1,
GACATTCGTCGAAGCGAAGTAGAG-1-1,ZRSR2_CALR_mut
GACATTCGTTATGTGCAAGTAGAG-1-1,
GACATTCGTTGCGCTAAAGTAGAG-1-1,TP53_EZH2_CALR_mut
GACATTGCAAGGCCATAAGTAGAG-1-1,
GACATTGCAATACTGGAAGTAGAG-1-1,
GACATTGCACCTAACTAAGTAGAG-1-1,
GACATTGCACGTGCTCAAGTAGAG-1-1,
GACATTGCAGGTAGCTAAGTAGAG-1-1,TP53_EZH2_CALR_mut
GACATTGCATAGGGTCAAGTAGAG-1-1,
GACATTGCATCCGTCAAAGTAGAG-1-1,TP53_CALR_het
GACATTGCATGTGGGTAAGTAGAG-1-1,
GACCAAGTCAAGGTCGAAGTAGAG-1-1,
GACCAAGTCAAGTTTCAAGTAGAG-1-1,TP53_EZH2_CALR_mut
GACCAAGTCATAACCTAAGTAGAG-1-1,TP53_CALR_het
GACCAAGTCCTCACTTAAGTAGAG-1-1,
GACCAAGTCGAAATGCAAGTAGAG-1-1,
GACCAATAGATGATTGAAGTAGAG-1-1,
GACCAATAGCGCGAACAAGTAGAG-1-1,
GACCAATAGGGCGGAAAAGTAGAG-1-1,TP53_EZH2_CALR_mut
GACCAATAGGTCGAGCAAGTAGAG-1-1,ZRSR2_CALR_mut
GACCAATAGGTGAGTTAAGTAGAG-1-1,
GACCAATAGTGTAATGAAGTAGAG-1-1,TP53_CALR_het
GACCAATAGTTACAGAAAGTAGAG-1-1,TP53_CALR_het
GACCAGGGTAATGCCTAAGTAGAG-1-1,TP53_EZH2_CALR_mut
GACCAGGGTACGTTACAAGTAGAG-1-1,TP53_CALR_het
GACCAGGGTCAAACTCAAGTAGAG-1-1,TP53_EZH2_CALR_mut
GACCAGGGTCCACAATAAGTAGAG-1-1,TP53_EZH2_CALR_mut
GACCAGGGTGATGCAAAAGTAGAG-1-1,TP53_EZH2_CALR_mut
GACCAGGGTTAGGTGAAAGTAGAG-1-1,
GACCCAAAGAGGTTCGAAGTAGAG-1-1,
GACCCAAAGATAGCCGAAGTAGAG-1-1,
GACCCAAAGATGGATCAAGTAGAG-1-1,TP53_EZH2_CALR_mut
GACCCAAAGGAGTCATAAGTAGAG-1-1,TP53_CALR_het
GACCCAAAGGCTTAAAAAGTAGAG-1-1,ZRSR2_CALR_mut
GACCCAAAGGGCGGAAAAGTAGAG-1-1,TP53_EZH2_CALR_mut
GACCCAAAGGGTGGGAAAGTAGAG-1-1,TP53_EZH2_CALR_mut
GACCGTGCAAGGTGCTAAGTAGAG-1-1,
GACCGTGCACCATACTAAGTAGAG-1-1,
GACCGTGCAGCCTATTAAGTAGAG-1-1,
GACCGTGCAGGAATAAAAGTAGAG-1-1,TP53_CALR_het
GACCGTGCATAGTCAGAAGTAGAG-1-1,TP53_CALR_het
GACCTCAGTACTTCCCAAGTAGAG-1-1,TP53_EZH2_CALR_mut
GACCTCAGTCAGGATAAAGTAGAG-1-1,
GACCTCAGTCATTACAAAGTAGAG-1-1,TP53_CALR_het
GACCTCAGTCTGTCAGAAGTAGAG-1-1,
GACCTCAGTGCAATAGAAGTAGAG-1-1,
GACCTCAGTGCGTACCAAGTAGAG-1-1,ZRSR2_CALR_mut
GACCTCAGTGGCCCATAAGTAGAG-1-1,TP53_CALR_het
GACCTGAAGAAGCATCAAGTAGAG-1-1,TP53_CALR_het
GACCTGAAGAGGAGTAAAGTAGAG-1-1,
GACCTGAAGCCCTTGGAAGTAGAG-1-1,
GACCTGAAGCGCGAACAAGTAGAG-1-1,
GACCTGAAGGAAACTCAAGTAGAG-1-1,TP53_EZH2_CALR_mut
GACCTGAAGGTAGTTAAAGTAGAG-1-1,
GACCTGAAGGTCTTTGAAGTAGAG-1-1,
GACCTGAAGTAGCTAAAAGTAGAG-1-1,
GACCTGAAGTCACTATAAGTAGAG-1-1,TP53_CALR_het
GACCTGAAGTCATTCGAAGTAGAG-1-1,TP53_CALR_het
GACCTGAAGTCGCGAAAAGTAGAG-1-1,
GACCTTCAGATAATCGAAGTAGAG-1-1,ZRSR2_CALR_mut
GACCTTCAGCATTTCGAAGTAGAG-1-1,
GACCTTCAGCTGATTTAAGTAGAG-1-1,
GACCTTCAGGATCCCTAAGTAGAG-1-1,
GACCTTCAGGATGGTTAAGTAGAG-1-1,TP53_CALR_het
GACCTTCAGGCTGGTAAAGTAGAG-1-1,
GACCTTCAGGGAGGCAAAGTAGAG-1-1,TP53_CALR_het
GACCTTCAGGGCGGAAAAGTAGAG-1-1,TP53_CALR_het
GACCTTCAGGTCAAACAAGTAGAG-1-1,TP53_CALR_het
GACCTTCAGGTTCATTAAGTAGAG-1-1,
GACCTTCAGTTATGGAAAGTAGAG-1-1,
GACGAGGAGAAGCAAGAAGTAGAG-1-1,
GACGAGGAGACCTTTGAAGTAGAG-1-1,
GACGAGGAGAGGAAATAAGTAGAG-1-1,
GACGAGGAGCACGTTCAAGTAGAG-1-1,ZRSR2_CALR_mut
GACGAGGAGGCTAGATAAGTAGAG-1-1,TP53_CALR_het
GACGAGGAGGGAGGATAAGTAGAG-1-1,TP53_CALR_het
GACGAGGAGGTTGCTCAAGTAGAG-1-1,TP53_EZH2_CALR_mut
GACGAGGAGTAAACCAAAGTAGAG-1-1,ZRSR2_CALR_mut
GACGAGGAGTGCTGAGAAGTAGAG-1-1,TP53_CALR_het
GACGCAATCAACTTGTAAGTAGAG-1-1,TP53_EZH2_CALR_mut
GACGCAATCAGGCAATAAGTAGAG-1-1,TP53_CALR_het
GACGCAATCATGCATTAAGTAGAG-1-1,
GACGCAATCCATTAGTAAGTAGAG-1-1,TP53_CALR_het
GACGCAATCCGCAATCAAGTAGAG-1-1,
GACGCAATCCTAAGTTAAGTAGAG-1-1,TP53_CALR_het
GACGCAATCCTGGAAGAAGTAGAG-1-1,ZRSR2_CALR_mut
GACGCAATCTCAGCACAAGTAGAG-1-1,
GACGCAATCTGGGAATAAGTAGAG-1-1,
GACGCAATCTTGAAGAAAGTAGAG-1-1,TP53_CALR_het
GACGTAAGTAGCTTTAAAGTAGAG-1-1,
GACGTAAGTCGTTATAAAGTAGAG-1-1,TP53_CALR_het
GACGTAAGTGCTTCGAAAGTAGAG-1-1,
GACGTAAGTTCATTGAAAGTAGAG-1-1,
GACGTAAGTTCGGTCAAAGTAGAG-1-1,
GACTAAATCAATTTGCAAGTAGAG-1-1,TP53_EZH2_CALR_mut
GACTAAATCCAAAGGTAAGTAGAG-1-1,TP53_CALR_het
GACTAAATCCATTAACAAGTAGAG-1-1,
GACTAAATCCGGACAAAAGTAGAG-1-1,TP53_CALR_het
GACTAAATCCTCAAGCAAGTAGAG-1-1,TP53_EZH2_CALR_mut
GACTAAATCGCTTGGTAAGTAGAG-1-1,
GACTAAATCTATTCGGAAGTAGAG-1-1,TP53_CALR_het
GACTAAATCTCACCGGAAGTAGAG-1-1,TP53_CALR_het
GACTAACAGACTAACAAAGTAGAG-1-1,TP53_EZH2_CALR_mut
GACTAACAGACTATTCAAGTAGAG-1-1,
GACTAACAGAGCAAGAAAGTAGAG-1-1,
GACTAACAGATGAACCAAGTAGAG-1-1,ZRSR2_CALR_mut
GACTAACAGCCCTGATAAGTAGAG-1-1,TP53_EZH2_CALR_mut
GACTAACAGCGAGCTAAAGTAGAG-1-1,TP53_CALR_het
GACTAACAGGGATGAAAAGTAGAG-1-1,TP53_CALR_het
GACTAACAGGTAATTGAAGTAGAG-1-1,
GACTAACAGGTCAAGTAAGTAGAG-1-1,
GACTAACAGTCTACCAAAGTAGAG-1-1,ZRSR2_CALR_mut
GACTAACAGTTGCAAAAAGTAGAG-1-1,
GACTAAGGTCGAGGCAAAGTAGAG-1-1,
GACTAAGGTGAACGTAAAGTAGAG-1-1,
GACTAAGGTGAGTAATAAGTAGAG-1-1,
GACTAAGGTGCCCTTTAAGTAGAG-1-1,
GACTAAGGTGGAAGCTAAGTAGAG-1-1,TP53_CALR_het
GACTAAGGTGTCCAGCAAGTAGAG-1-1,
GACTAAGGTTGGCCACAAGTAGAG-1-1,TP53_CALR_het
GACTAGTAGAAGCATCAAGTAGAG-1-1,TP53_EZH2_CALR_mut
GACTAGTAGAATGGGAAAGTAGAG-1-1,
GACTAGTAGACTCAAAAAGTAGAG-1-1,ZRSR2_CALR_mut
GACTAGTAGCAAATTGAAGTAGAG-1-1,
GACTAGTAGCATCCCGAAGTAGAG-1-1,
GACTAGTAGCCTAAGGAAGTAGAG-1-1,TP53_CALR_het
GACTAGTAGCTGGGTAAAGTAGAG-1-1,
GACTAGTAGGCAAGCCAAGTAGAG-1-1,
GACTAGTAGTATGGTAAAGTAGAG-1-1,TP53_EZH2_CALR_mut
GACTAGTAGTCCTCAAAAGTAGAG-1-1,
GACTAGTAGTGTTTGTAAGTAGAG-1-1,
GACTCAACAAACTTGGAAGTAGAG-1-1,TP53_EZH2_CALR_mut
GACTCAACAAGTAAGAAAGTAGAG-1-1,TP53_CALR_het
GACTCAACAAGTTGCAAAGTAGAG-1-1,TP53_EZH2_CALR_mut
GACTCAACACCATCCAAAGTAGAG-1-1,TP53_EZH2_CALR_het
GACTCAACACTAACTCAAGTAGAG-1-1,TP53_CALR_het
GACTCAACAGCTAGACAAGTAGAG-1-1,
GACTCAACATAACCGAAAGTAGAG-1-1,
GACTCAACATTGACTCAAGTAGAG-1-1,
GACTGAGTCACAATGAAAGTAGAG-1-1,TP53_CALR_het
GACTGAGTCACCAGGAAAGTAGAG-1-1,
GACTGAGTCATGCGTCAAGTAGAG-1-1,
GACTGAGTCGAAGTTAAAGTAGAG-1-1,TP53_EZH2_CALR_mut
GACTGAGTCGTTCGTAAAGTAGAG-1-1,ZRSR2_CALR_mut
GACTGAGTCTCGCCTCAAGTAGAG-1-1,
GACTTAAAGAAGTACCAAGTAGAG-1-1,TP53_CALR_het
GACTTAAAGACCTTTGAAGTAGAG-1-1,TP53_CALR_het
GACTTAAAGCGATAACAAGTAGAG-1-1,TP53_CALR_het
GACTTAAAGGCAGGCTAAGTAGAG-1-1,
GACTTACGTAGCCATTAAGTAGAG-1-1,
GACTTACGTCAGGGCAAAGTAGAG-1-1,TP53_CALR_het
GACTTACGTCATTACAAAGTAGAG-1-1,
GACTTACGTCGTAACTAAGTAGAG-1-1,TP53_CALR_het
GACTTACGTCGTAATCAAGTAGAG-1-1,TP53_CALR_het
GACTTACGTGCGGAATAAGTAGAG-1-1,TP53_CALR_het
GACTTACGTTAAGGATAAGTAGAG-1-1,
GACTTCGGTATGGTGAAAGTAGAG-1-1,TP53_CALR_het
GACTTCGGTCACAGAAAAGTAGAG-1-1,
GACTTCGGTCATCCTCAAGTAGAG-1-1,TP53_EZH2_CALR_mut
GACTTCGGTCCAGCTAAAGTAGAG-1-1,TP53_CALR_het
GACTTCGGTTAACGGAAAGTAGAG-1-1,
GACTTGCTCAACCTCAAAGTAGAG-1-1,
GACTTGCTCACTTCGAAAGTAGAG-1-1,
GACTTGCTCCTTTCTAAAGTAGAG-1-1,TP53_CALR_het
GACTTGCTCGAACCTCAAGTAGAG-1-1,
GACTTGCTCGATATTCAAGTAGAG-1-1,
GACTTGCTCGTGATTTAAGTAGAG-1-1,TP53_CALR_het
GACTTTGTCACAGGGCAAGTAGAG-1-1,
GACTTTGTCATTGAAGAAGTAGAG-1-1,TP53_CALR_het
GACTTTGTCGACTTGCAAGTAGAG-1-1,TP53_CALR_het
GACTTTGTCGCATTTGAAGTAGAG-1-1,ZRSR2_CALR_mut
GACTTTGTCGGCTAAGAAGTAGAG-1-1,TP53_EZH2_CALR_mut
GACTTTGTCTATTGGTAAGTAGAG-1-1,TP53_EZH2_CALR_mut
GACTTTGTCTTCAAGTAAGTAGAG-1-1,ZRSR2_CALR_mut
GAGACCCAGACAACTAAAGTAGAG-1-1,
GAGACCCAGCAATCCCAAGTAGAG-1-1,TP53_EZH2_CALR_mut
GAGACCCAGCACCTTAAAGTAGAG-1-1,
GAGACCCAGCCTAAGGAAGTAGAG-1-1,TP53_CALR_het
GAGACCCAGCCTAGTCAAGTAGAG-1-1,
GAGACCCAGCTAAGTAAAGTAGAG-1-1,
GAGACCCAGCTTCTAGAAGTAGAG-1-1,
GAGACCCAGTCAAACAAAGTAGAG-1-1,TP53_EZH2_CALR_mut
GAGACCCAGTTACCTGAAGTAGAG-1-1,
GAGACCCAGTTGCGGAAAGTAGAG-1-1,TP53_EZH2_CALR_mut
GAGACCCAGTTTGCTGAAGTAGAG-1-1,TP53_EZH2_CALR_mut
GAGATACTCAAAGGGAAAGTAGAG-1-1,TP53_EZH2_CALR_mut
GAGATACTCACAGGGCAAGTAGAG-1-1,TP53_EZH2_CALR_mut
GAGATACTCACTGTCAAAGTAGAG-1-1,ZRSR2_CALR_mut
GAGATACTCATAATGGAAGTAGAG-1-1,
GAGATACTCGAGCTAGAAGTAGAG-1-1,TP53_EZH2_CALR_mut
GAGATACTCTATCTGGAAGTAGAG-1-1,
GAGCAAGCAAATAACCAAGTAGAG-1-1,
GAGCAAGCAACAAGTTAAGTAGAG-1-1,TP53_CALR_het
GAGCAAGCAATCAAGTAAGTAGAG-1-1,ZRSR2_CALR_mut
GAGCAAGCACTAGCGGAAGTAGAG-1-1,TP53_CALR_het
GAGCAAGCATAATGACAAGTAGAG-1-1,
GAGCAAGCATGTGGGTAAGTAGAG-1-1,TP53_EZH2_CALR_mut
GAGCATGTCAGGCTGAAAGTAGAG-1-1,
GAGCATGTCAGTAGGTAAGTAGAG-1-1,TP53_EZH2_CALR_mut
GAGCATGTCCCTCATTAAGTAGAG-1-1,
GAGCATGTCCTGCAACAAGTAGAG-1-1,TP53_CALR_het
GAGCATGTCGTTAGGGAAGTAGAG-1-1,
GAGCATGTCTGCAACCAAGTAGAG-1-1,
GAGCCATCAACAGATTAAGTAGAG-1-1,
GAGCCATCAAGAAATGAAGTAGAG-1-1,ZRSR2_CALR_mut
GAGCCATCAATGTTCCAAGTAGAG-1-1,
GAGCCATCAATTAGACAAGTAGAG-1-1,
GAGCCATCAGCCTATTAAGTAGAG-1-1,
GAGCCATCAGGAGCAAAAGTAGAG-1-1,
GAGCCATCAGGGATGAAAGTAGAG-1-1,TP53_CALR_het
GAGCCTGCACCATCCAAAGTAGAG-1-1,
GAGCCTGCACGGGCTAAAGTAGAG-1-1,
GAGCCTGCATCACGCCAAGTAGAG-1-1,
GAGCCTGCATGTGGGTAAGTAGAG-1-1,
GAGCCTTTCAAGGGTTAAGTAGAG-1-1,TP53_CALR_het
GAGCTAGTCAAAGGCTAAGTAGAG-1-1,TP53_CALR_het
GAGCTAGTCACAGGATAAGTAGAG-1-1,TP53_CALR_het
GAGCTAGTCAGGCTGAAAGTAGAG-1-1,
GAGCTAGTCCTGGAAGAAGTAGAG-1-1,
GAGCTAGTCGGTAAACAAGTAGAG-1-1,TP53_CALR_het
GAGCTAGTCGGTCAAGAAGTAGAG-1-1,
GAGCTAGTCTAATTGCAAGTAGAG-1-1,TP53_CALR_het
GAGCTATAGCGAGGGAAAGTAGAG-1-1,
GAGCTATAGGTTACTTAAGTAGAG-1-1,TP53_EZH2_CALR_mut
GAGCTATAGTGGACCAAAGTAGAG-1-1,TP53_EZH2_CALR_mut
GAGCTATAGTTTCGGCAAGTAGAG-1-1,TP53_CALR_het
GAGCTGGGTACTTATGAAGTAGAG-1-1,TP53_EZH2_CALR_mut
GAGCTGGGTCCCTCATAAGTAGAG-1-1,
GAGCTGGGTCCGTGACAAGTAGAG-1-1,
GAGCTGGGTCGAAGTAAAGTAGAG-1-1,TP53_CALR_het
GAGCTGGGTCGCAACCAAGTAGAG-1-1,
GAGCTGGGTGCCCGATAAGTAGAG-1-1,
GAGCTGGGTTACCGTGAAGTAGAG-1-1,TP53_CALR_het
GAGCTGGGTTTGCAACAAGTAGAG-1-1,TP53_CALR_het
GAGCTTGAGACTCCTAAAGTAGAG-1-1,
GAGCTTGAGAGCAAGAAAGTAGAG-1-1,
GAGCTTGAGAGGTTCGAAGTAGAG-1-1,TP53_EZH2_CALR_mut
GAGCTTGAGATGCCTCAAGTAGAG-1-1,
GAGCTTGAGCCTTAATAAGTAGAG-1-1,
GAGCTTGAGCGAAGTTAAGTAGAG-1-1,
GAGCTTGAGCGAGCTAAAGTAGAG-1-1,
GAGCTTGAGGGTTAACAAGTAGAG-1-1,TP53_CALR_het
GAGCTTGAGGGTTGGCAAGTAGAG-1-1,
GAGCTTGAGGTTAGGTAAGTAGAG-1-1,
GAGCTTGAGTAGCTAAAAGTAGAG-1-1,TP53_CALR_het
GAGCTTGAGTCAACTTAAGTAGAG-1-1,
GAGCTTTGTCACTATAAAGTAGAG-1-1,TP53_EZH2_CALR_mut
GAGCTTTGTCATTATGAAGTAGAG-1-1,
GAGCTTTGTCCTTCTAAAGTAGAG-1-1,TP53_CALR_het
GAGCTTTGTTAGACTCAAGTAGAG-1-1,TP53_EZH2_CALR_mut
GAGCTTTGTTAGCATCAAGTAGAG-1-1,
GAGCTTTGTTAGTCTAAAGTAGAG-1-1,TP53_EZH2_CALR_mut
GAGCTTTGTTCAAGGAAAGTAGAG-1-1,ZRSR2_CALR_mut
GAGCTTTGTTGGATAGAAGTAGAG-1-1,
GAGCTTTGTTGTTGTAAAGTAGAG-1-1,
GAGGAGTAGAAACCCGAAGTAGAG-1-1,
GAGGAGTAGATGAAGGAAGTAGAG-1-1,TP53_EZH2_CALR_mut
GAGGAGTAGCGAAGCCAAGTAGAG-1-1,
GAGGAGTAGGAACCGCAAGTAGAG-1-1,TP53_CALR_het
GAGGAGTAGGCTGTGAAAGTAGAG-1-1,ZRSR2_CALR_mut
GAGGAGTAGGTTAGGTAAGTAGAG-1-1,TP53_EZH2_CALR_mut
GAGGATGCAAATGACTAAGTAGAG-1-1,
GAGGATGCAACTTGTCAAGTAGAG-1-1,TP53_EZH2_CALR_mut
GAGGATGCAAGCTTTCAAGTAGAG-1-1,TP53_EZH2_CALR_mut
GAGGATGCACAACAATAAGTAGAG-1-1,
GAGGATGCACATAAGTAAGTAGAG-1-1,
GAGGATGCACCAACAAAAGTAGAG-1-1,ZRSR2_CALR_mut
GAGGATGCACTATGTCAAGTAGAG-1-1,
GAGGATGCAGCCAGCAAAGTAGAG-1-1,
GAGGATGCATAGGGTCAAGTAGAG-1-1,TP53_CALR_het
GAGGATGCATATCGCTAAGTAGAG-1-1,
GAGGATGCATCATCACAAGTAGAG-1-1,TP53_CALR_het
GAGGCAACAAGTCGCGAAGTAGAG-1-1,
GAGGCAACACATAAGTAAGTAGAG-1-1,TP53_CALR_het
GAGGCAACACGTTACTAAGTAGAG-1-1,TP53_CALR_het
GAGGCAACAGCACTAAAAGTAGAG-1-1,ZRSR2_CALR_mut
GAGGCAACAGTTATGGAAGTAGAG-1-1,
GAGGCAACATGCAATGAAGTAGAG-1-1,TP53_CALR_het
GAGGCAACATTTGGCTAAGTAGAG-1-1,TP53_CALR_het
GAGGGAGTCCATCCTTAAGTAGAG-1-1,ZRSR2_CALR_mut
GAGGGAGTCCTAAGGGAAGTAGAG-1-1,TP53_CALR_het
GAGGGAGTCCTTAGATAAGTAGAG-1-1,TP53_EZH2_CALR_mut
GAGGGAGTCGGTTCACAAGTAGAG-1-1,
GAGGTCCAGAATGGCTAAGTAGAG-1-1,ZRSR2_CALR_mut
GAGGTCCAGAGCAAGAAAGTAGAG-1-1,
GAGGTCCAGATTCATCAAGTAGAG-1-1,
GAGGTCCAGCCTTAATAAGTAGAG-1-1,
GAGGTCCAGCGAAGAAAAGTAGAG-1-1,TP53_CALR_het
GAGGTCCAGCTAAGTAAAGTAGAG-1-1,
GAGGTCCAGTACCCACAAGTAGAG-1-1,TP53_CALR_het
GAGGTCCAGTACGGGCAAGTAGAG-1-1,TP53_CALR_het
GAGGTCCAGTAGCCTCAAGTAGAG-1-1,
GAGGTTTAGACTAACAAAGTAGAG-1-1,
GAGGTTTAGATGCCTCAAGTAGAG-1-1,TP53_CALR_het
GAGGTTTAGCAAAGCTAAGTAGAG-1-1,TP53_CALR_het
GAGGTTTAGCCTCTAAAAGTAGAG-1-1,TP53_CALR_het
GAGGTTTAGCGCCTTGAAGTAGAG-1-1,
GAGGTTTAGGAAACTCAAGTAGAG-1-1,
GAGGTTTAGGAGCCGTAAGTAGAG-1-1,
GAGGTTTAGGTAGTTAAAGTAGAG-1-1,TP53_CALR_het
GAGGTTTAGGTCAATAAAGTAGAG-1-1,
GAGGTTTAGGTCTTTGAAGTAGAG-1-1,
GAGGTTTAGTATCGCCAAGTAGAG-1-1,
GAGTAACTCACAAAGCAAGTAGAG-1-1,
GAGTAACTCATCCCAAAAGTAGAG-1-1,
GAGTAACTCATTTGCGAAGTAGAG-1-1,
GAGTAACTCCCTCATTAAGTAGAG-1-1,
GAGTAACTCGCCTATAAAGTAGAG-1-1,
GAGTAACTCTGTCAGCAAGTAGAG-1-1,
GAGTAACTCTTAATGCAAGTAGAG-1-1,
GAGTAATGTATGTTTGAAGTAGAG-1-1,TP53_EZH2_CALR_mut
GAGTAATGTCATTACAAAGTAGAG-1-1,TP53_EZH2_CALR_mut
GAGTAATGTTAGTGAGAAGTAGAG-1-1,
GAGTAATGTTCGATGTAAGTAGAG-1-1,
GAGTATGGTAACGTGAAAGTAGAG-1-1,TP53_CALR_het
GAGTATGGTACCGCACAAGTAGAG-1-1,TP53_EZH2_CALR_mut
GAGTATGGTCACTATAAAGTAGAG-1-1,
GAGTATGGTCCGTGACAAGTAGAG-1-1,
GAGTATGGTCGTTCGAAAGTAGAG-1-1,TP53_EZH2_CALR_mut
GAGTATGGTGCGATAAAAGTAGAG-1-1,
GAGTATGGTGCTTCGAAAGTAGAG-1-1,
GAGTATGGTTAAGGATAAGTAGAG-1-1,TP53_EZH2_CALR_mut
GAGTATGGTTGGAGCGAAGTAGAG-1-1,TP53_CALR_het
GAGTGACGTACGAACAAAGTAGAG-1-1,
GAGTGACGTATTACCAAAGTAGAG-1-1,
GAGTGACGTCCATCAGAAGTAGAG-1-1,TP53_CALR_het
GAGTGACGTCCGCTAAAAGTAGAG-1-1,TP53_EZH2_CALR_mut
GAGTGACGTCCTTAGGAAGTAGAG-1-1,
GAGTGACGTGGGAACTAAGTAGAG-1-1,
GAGTGACGTGTGTTACAAGTAGAG-1-1,
GAGTGACGTTACCGTGAAGTAGAG-1-1,
GAGTGACGTTCGATGTAAGTAGAG-1-1,TP53_EZH2_CALR_mut
GAGTGACGTTTGTAGCAAGTAGAG-1-1,
GAGTGCGGTACCGTTGAAGTAGAG-1-1,
GAGTGCGGTACGTTCGAAGTAGAG-1-1,TP53_CALR_het
GAGTGCGGTAGTAACGAAGTAGAG-1-1,
GAGTGCGGTATTACCAAAGTAGAG-1-1,ZRSR2_CALR_mut
GAGTGCGGTCACCAGCAAGTAGAG-1-1,
GAGTGCGGTCGTTCTCAAGTAGAG-1-1,TP53_CALR_het
GAGTGCGGTGAACCAAAAGTAGAG-1-1,TP53_CALR_het
GAGTGCGGTGATGCAAAAGTAGAG-1-1,
GAGTGCGGTGTCCAGCAAGTAGAG-1-1,
GAGTGCGGTGTTAGTCAAGTAGAG-1-1,
GAGTGCGGTTAATCCAAAGTAGAG-1-1,
GAGTGCGGTTGGGCGAAAGTAGAG-1-1,TP53_EZH2_CALR_mut
GAGTGCGGTTTGGGCCAAGTAGAG-1-1,TP53_EZH2_CALR_mut
GAGTTACAGCCACTCGAAGTAGAG-1-1,
GAGTTACAGCCTAGTCAAGTAGAG-1-1,TP53_CALR_het
GAGTTACAGCTTCCTTAAGTAGAG-1-1,
GAGTTACAGGACAACTAAGTAGAG-1-1,
GAGTTACAGGTTAGGTAAGTAGAG-1-1,
GAGTTACAGTTGCGCTAAGTAGAG-1-1,TP53_CALR_het
GATAAAGCAACAGGGAAAGTAGAG-1-1,ZRSR2_CALR_mut
GATAAAGCAACGTTAGAAGTAGAG-1-1,
GATAAAGCAAGCCTCCAAGTAGAG-1-1,TP53_CALR_het
GATAAAGCAGAGAGCAAAGTAGAG-1-1,
GATAAAGCAGGTGACTAAGTAGAG-1-1,TP53_CALR_het
GATAAAGCATCCCTCTAAGTAGAG-1-1,TP53_EZH2_CALR_mut
GATAGGTTCCTGGAAGAAGTAGAG-1-1,TP53_EZH2_CALR_mut
GATAGGTTCGAAGTTAAAGTAGAG-1-1,
GATATGATCAAACTTCAAGTAGAG-1-1,
GATATGATCAACCTCAAAGTAGAG-1-1,ZRSR2_CALR_mut
GATATGATCACCTTTCAAGTAGAG-1-1,TP53_CALR_het
GATATGATCAGGCATGAAGTAGAG-1-1,
GATATGATCATTGAAGAAGTAGAG-1-1,TP53_CALR_het
GATATGATCCAAAGACAAGTAGAG-1-1,ZRSR2_CALR_mut
GATATGATCCACTAATAAGTAGAG-1-1,TP53_CALR_het
GATATGATCCGCACCAAAGTAGAG-1-1,
GATATGATCGGGACTAAAGTAGAG-1-1,
GATCAAATCACAGGGCAAGTAGAG-1-1,
GATCAAATCACTATACAAGTAGAG-1-1,TP53_EZH2_CALR_mut
GATCAAATCACTTGATAAGTAGAG-1-1,
GATCAAATCAGCGATGAAGTAGAG-1-1,
GATCAAATCAGCTACCAAGTAGAG-1-1,
GATCAAATCGACTTTGAAGTAGAG-1-1,TP53_CALR_het
GATCAAATCGCTATATAAGTAGAG-1-1,TP53_EZH2_CALR_mut
GATCAATCAAGGCCATAAGTAGAG-1-1,
GATCAATCACCAACAAAAGTAGAG-1-1,ZRSR2_CALR_mut
GATCAATCACTATGGAAAGTAGAG-1-1,
GATCAATCAGCAAGCTAAGTAGAG-1-1,TP53_CALR_het
GATCAATCAGCCATTTAAGTAGAG-1-1,
GATCAATCAGCCTATTAAGTAGAG-1-1,
GATCAATCAGCGATCGAAGTAGAG-1-1,TP53_CALR_het
GATCAATCAGCTCATTAAGTAGAG-1-1,
GATCAATCAGGAATAAAAGTAGAG-1-1,TP53_CALR_het
GATCAATCAGGTAGCTAAGTAGAG-1-1,ZRSR2_CALR_mut
GATCAATCAGTAAGTTAAGTAGAG-1-1,TP53_CALR_het
GATCACACAACAGGCTAAGTAGAG-1-1,
GATCACACAACCCTATAAGTAGAG-1-1,
GATCACACAAGCCTAAAAGTAGAG-1-1,TP53_EZH2_CALR_mut
GATCACACAAGGCCTGAAGTAGAG-1-1,ZRSR2_CALR_mut
GATCACACAAGGCTTAAAGTAGAG-1-1,TP53_EZH2_CALR_mut
GATCACACAAGGGTCTAAGTAGAG-1-1,
GATCACACAATAGAAGAAGTAGAG-1-1,
GATCACACACATTGAGAAGTAGAG-1-1,TP53_EZH2_CALR_mut
GATCACACACGGTCGAAAGTAGAG-1-1,TP53_EZH2_CALR_mut
GATCATAAGAAACCCGAAGTAGAG-1-1,
GATCATAAGAGGTTTAAAGTAGAG-1-1,
GATCATGCAAAGGTAAAAGTAGAG-1-1,TP53_EZH2_CALR_het
GATCATGCAATTAGGTAAGTAGAG-1-1,
GATCATGCACCGGTAGAAGTAGAG-1-1,
GATCATGCAGCGATCGAAGTAGAG-1-1,
GATCATGCATGCCTCAAAGTAGAG-1-1,
GATCATGCATTGAGATAAGTAGAG-1-1,
GATCGATAGAGCAAGAAAGTAGAG-1-1,
GATCGATAGCACGGTAAAGTAGAG-1-1,
GATCGATAGCCACTCGAAGTAGAG-1-1,
GATCGATAGCTGGACAAAGTAGAG-1-1,TP53_CALR_het
GATCGATAGGCTTTATAAGTAGAG-1-1,TP53_CALR_het
GATCTTAGTACCGTTGAAGTAGAG-1-1,TP53_CALR_het
GATCTTAGTATTCGGTAAGTAGAG-1-1,TP53_EZH2_CALR_mut
GATCTTAGTCAATTGCAAGTAGAG-1-1,
GATCTTAGTTGTGAGAAAGTAGAG-1-1,TP53_CALR_het
GATGACAGTAATGGATAAGTAGAG-1-1,TP53_EZH2_CALR_mut
GATGACAGTAGCGGATAAGTAGAG-1-1,
GATGACAGTGAACCAAAAGTAGAG-1-1,TP53_CALR_het
GATGACAGTTACCGTGAAGTAGAG-1-1,ZRSR2_CALR_mut
GATGACAGTTAGGCTTAAGTAGAG-1-1,
GATGACAGTTCAAGCTAAGTAGAG-1-1,
GATGACAGTTCCTTTGAAGTAGAG-1-1,
GATGACAGTTGCTCCTAAGTAGAG-1-1,
GATGCAAGTAATCCGTAAGTAGAG-1-1,ZRSR2_CALR_mut
GATGCAAGTCGTAATCAAGTAGAG-1-1,TP53_CALR_het
GATGCAAGTGAGTAATAAGTAGAG-1-1,TP53_CALR_het
GATGCAAGTGCACTATAAGTAGAG-1-1,
GATGCAAGTGCTTCTCAAGTAGAG-1-1,TP53_CALR_het
GATGCAAGTTGGGTTTAAGTAGAG-1-1,TP53_CALR_het
GATGCACCAACCTTGTAAGTAGAG-1-1,
GATGCACCAAGGTTATAAGTAGAG-1-1,
GATGCACCAGAGAGCAAAGTAGAG-1-1,
GATGCACCATAACCAGAAGTAGAG-1-1,
GATGCACCATGACCAAAAGTAGAG-1-1,
GATGCACCATTCCTGGAAGTAGAG-1-1,
GATGCCCGTCATGATCAAGTAGAG-1-1,TP53_CALR_het
GATGCCCGTCCCTCATAAGTAGAG-1-1,TP53_EZH2_CALR_mut
GATGCCCGTCCTCATCAAGTAGAG-1-1,TP53_CALR_het
GATGCCCGTCGCAATTAAGTAGAG-1-1,TP53_CALR_het
GATGCCCGTGGCTTTGAAGTAGAG-1-1,
GATGGACGTCATTTAGAAGTAGAG-1-1,TP53_EZH2_CALR_mut
GATGGACGTGCGTACCAAGTAGAG-1-1,
GATGGACGTTAGGCGGAAGTAGAG-1-1,TP53_EZH2_CALR_mut
GATGGAGCACAGGCTGAAGTAGAG-1-1,
GATGGAGCACGATTAGAAGTAGAG-1-1,TP53_CALR_het
GATGGAGCACTGTCATAAGTAGAG-1-1,
GATGGAGCATCAATCCAAGTAGAG-1-1,ZRSR2_CALR_mut
GATGGAGCATCACGAAAAGTAGAG-1-1,TP53_CALR_het
GATGGCCAGACTAATGAAGTAGAG-1-1,
GATGGCCAGCCTATATAAGTAGAG-1-1,
GATGGCCAGGAGCCGTAAGTAGAG-1-1,
GATGGCCAGGCTGGTAAAGTAGAG-1-1,
GATGGCCAGGGTTTCCAAGTAGAG-1-1,
GATGGCCAGTAAACCAAAGTAGAG-1-1,TP53_CALR_het
GATGGCCAGTAAGTGCAAGTAGAG-1-1,ZRSR2_CALR_mut
GATGGCCAGTGGACCAAAGTAGAG-1-1,TP53_CALR_het
GATGGCCAGTTACACTAAGTAGAG-1-1,ZRSR2_CALR_mut
GATGGCCAGTTTCGCAAAGTAGAG-1-1,
GATGGCTCAAGATGCCAAGTAGAG-1-1,TP53_CALR_het
GATGGCTCACATAGTGAAGTAGAG-1-1,
GATGGCTCACTAAGGCAAGTAGAG-1-1,
GATGGCTCACTTTATGAAGTAGAG-1-1,
GATGGCTCAGGCCTCTAAGTAGAG-1-1,
GATGGCTCATAGACGCAAGTAGAG-1-1,ZRSR2_CALR_mut
GATGGCTCATCGGGCAAAGTAGAG-1-1,
GATGGCTCATTAGCGAAAGTAGAG-1-1,
GATGGTAGTAAAGGCCAAGTAGAG-1-1,
GATGGTAGTACGTTCGAAGTAGAG-1-1,
GATGGTAGTCATGCATAAGTAGAG-1-1,ZRSR2_CALR_mut
GATGGTAGTCCATCCTAAGTAGAG-1-1,TP53_EZH2_CALR_het
GATGGTAGTCGAATCTAAGTAGAG-1-1,TP53_EZH2_CALR_mut
GATGGTAGTCGTAATCAAGTAGAG-1-1,
GATGGTAGTTCGGTCAAAGTAGAG-1-1,ZRSR2_CALR_mut
GATTAACCAAATATGCAAGTAGAG-1-1,TP53_EZH2_CALR_mut
GATTAACCAATAGAGAAAGTAGAG-1-1,
GATTAACCACAGCAACAAGTAGAG-1-1,
GATTAACCATCACAGAAAGTAGAG-1-1,
GATTAACCATGCTCCAAAGTAGAG-1-1,TP53_CALR_het
GATTACCGTCATCATAAAGTAGAG-1-1,TP53_CALR_het
GATTACCGTCGGTTATAAGTAGAG-1-1,
GATTACCGTGAACGGTAAGTAGAG-1-1,
GATTACCGTGATGCAAAAGTAGAG-1-1,
GATTACCGTGCTGATTAAGTAGAG-1-1,TP53_EZH2_CALR_mut
GATTACCGTGGTTATCAAGTAGAG-1-1,
GATTACCGTTTGTTTCAAGTAGAG-1-1,TP53_EZH2_CALR_mut
GATTAGTCAACTTAGGAAGTAGAG-1-1,TP53_EZH2_CALR_mut
GATTAGTCAATTGCGAAAGTAGAG-1-1,TP53_CALR_het
GATTAGTCACAAATACAAGTAGAG-1-1,TP53_EZH2_CALR_mut
GATTAGTCAGCATTTCAAGTAGAG-1-1,TP53_CALR_het
GATTAGTCAGGCTTAAAAGTAGAG-1-1,TP53_CALR_het
GATTAGTCATTCCTTTAAGTAGAG-1-1,TP53_CALR_het
GATTATCTCAGTTAGAAAGTAGAG-1-1,
GATTATCTCATCAGCCAAGTAGAG-1-1,
GATTATCTCCTTTGTCAAGTAGAG-1-1,
GATTATCTCGAAGCATAAGTAGAG-1-1,
GATTATCTCGCCTAACAAGTAGAG-1-1,
GATTATCTCGTGATTTAAGTAGAG-1-1,TP53_CALR_het
GATTCAGCAAATAAGGAAGTAGAG-1-1,TP53_CALR_het
GATTCAGCAACCGTGGAAGTAGAG-1-1,
GATTCAGCACACTGGGAAGTAGAG-1-1,TP53_CALR_het
GATTCAGCACAGCAACAAGTAGAG-1-1,
GATTCAGCACCGGCAAAAGTAGAG-1-1,TP53_EZH2_CALR_mut
GATTCAGCACGTAGGTAAGTAGAG-1-1,
GATTCAGCATGGCCGAAAGTAGAG-1-1,
GATTCAGCATTGTACCAAGTAGAG-1-1,ZRSR2_CALR_mut
GATTCCCAGAATGGCTAAGTAGAG-1-1,TP53_CALR_het
GATTCCCAGCCAAACGAAGTAGAG-1-1,
GATTCCCAGCGATAACAAGTAGAG-1-1,
GATTCCCAGCTCGACTAAGTAGAG-1-1,
GATTCCCAGGAAGGTAAAGTAGAG-1-1,TP53_CALR_het
GATTCCCAGGCTTATTAAGTAGAG-1-1,
GATTCCCAGGCTTTATAAGTAGAG-1-1,
GATTCCCAGTTAGTTCAAGTAGAG-1-1,TP53_CALR_het
GATTCGCTCACAACAAAAGTAGAG-1-1,TP53_CALR_het
GATTCGCTCAGTTAGAAAGTAGAG-1-1,ZRSR2_CALR_mut
GATTCGCTCCTGCCAGAAGTAGAG-1-1,
GATTCGCTCGACCCATAAGTAGAG-1-1,TP53_CALR_het
GATTGACAGAAGGTCTAAGTAGAG-1-1,TP53_CALR_het
GATTGACAGACAAAGGAAGTAGAG-1-1,TP53_CALR_het
GATTGACAGACCAGGCAAGTAGAG-1-1,
GATTGACAGCACGCAAAAGTAGAG-1-1,
GATTGACAGCCTCTAAAAGTAGAG-1-1,
GATTGACAGCGAAGAAAAGTAGAG-1-1,
GATTGACAGCTTCTAGAAGTAGAG-1-1,ZRSR2_CALR_mut
GATTGACAGGACTTAAAAGTAGAG-1-1,
GATTGACAGTAAGCTAAAGTAGAG-1-1,TP53_EZH2_CALR_mut
GATTGACAGTAGCTAAAAGTAGAG-1-1,TP53_CALR_het
GATTGACAGTCACACCAAGTAGAG-1-1,ZRSR2_CALR_mut
GATTGACAGTCATAAGAAGTAGAG-1-1,TP53_EZH2_CALR_mut
GATTGACAGTCCTGACAAGTAGAG-1-1,
GATTGACAGTCGAAACAAGTAGAG-1-1,TP53_EZH2_CALR_mut
GATTGATCAACATGATAAGTAGAG-1-1,
GATTGATCAACCATTCAAGTAGAG-1-1,
GATTGATCAAGCCACGAAGTAGAG-1-1,ZRSR2_CALR_mut
GATTGATCAAGCCAGTAAGTAGAG-1-1,
GATTGATCACCGTTTGAAGTAGAG-1-1,TP53_CALR_het
GATTGATCAGAATCGCAAGTAGAG-1-1,TP53_CALR_het
GATTGATCAGCCATAAAAGTAGAG-1-1,
GATTGATCATCTATCAAAGTAGAG-1-1,
GATTGCACAAACACGCAAGTAGAG-1-1,TP53_EZH2_CALR_mut
GATTGCACAAAGCCTAAAGTAGAG-1-1,TP53_EZH2_CALR_mut
GATTGCACAACAAGCCAAGTAGAG-1-1,TP53_EZH2_CALR_mut
GATTGCACAAGCCAGTAAGTAGAG-1-1,
GATTGCACAATCGTGAAAGTAGAG-1-1,
GATTGCACAGGCAACTAAGTAGAG-1-1,TP53_CALR_het
GATTGCACAGTTAAACAAGTAGAG-1-1,TP53_CALR_het
GATTGCACATCAGGTAAAGTAGAG-1-1,TP53_CALR_het
GATTGCACATCCGTCAAAGTAGAG-1-1,
GATTGCACATTTCATGAAGTAGAG-1-1,TP53_CALR_het
GATTGCTGTACAAACGAAGTAGAG-1-1,TP53_EZH2_CALR_mut
GATTGCTGTACTTAGCAAGTAGAG-1-1,TP53_CALR_het
GATTGCTGTCGCAATTAAGTAGAG-1-1,
GATTGCTGTCTACCTCAAGTAGAG-1-1,
GATTGCTGTCTGTCAGAAGTAGAG-1-1,ZRSR2_CALR_mut
GATTGCTGTGCGATAAAAGTAGAG-1-1,
GATTGCTGTGGCTCACAAGTAGAG-1-1,
GATTGCTGTTAATGCCAAGTAGAG-1-1,
GATTGCTGTTAGGCTTAAGTAGAG-1-1,TP53_CALR_het
GATTGGCCAAACTTGGAAGTAGAG-1-1,
GATTGGCCAAGCTTTCAAGTAGAG-1-1,
GATTGGCCAAGTCGCGAAGTAGAG-1-1,TP53_CALR_het
GATTGGCCAATGAATCAAGTAGAG-1-1,TP53_EZH2_CALR_het
GATTGGCCACCTTTGGAAGTAGAG-1-1,
GATTGGCCACTATGTCAAGTAGAG-1-1,TP53_EZH2_CALR_mut
GATTGGCCAGGCTATAAAGTAGAG-1-1,TP53_EZH2_CALR_mut
GATTGGCCAGTAATACAAGTAGAG-1-1,TP53_CALR_het
GATTGGCCATAAGCCAAAGTAGAG-1-1,TP53_EZH2_CALR_mut
GATTGGCCATCATAGGAAGTAGAG-1-1,ZRSR2_CALR_mut
GATTGGCCATCATGCTAAGTAGAG-1-1,
GATTGGCCATCGAACAAAGTAGAG-1-1,
GATTGGCCATTAGTGGAAGTAGAG-1-1,TP53_CALR_het
GATTGGCCATTGTACCAAGTAGAG-1-1,
GATTGGCCATTTCGCGAAGTAGAG-1-1,TP53_CALR_het
GATTGTGCAATGTGGCAAGTAGAG-1-1,
GATTGTGCAGAAACTTAAGTAGAG-1-1,
GATTGTGCAGCGATCGAAGTAGAG-1-1,
GATTGTGCAGGCTAACAAGTAGAG-1-1,
GATTGTGCAGTTGCCCAAGTAGAG-1-1,TP53_EZH2_CALR_mut
GATTGTGCATAGGGTCAAGTAGAG-1-1,
GATTGTGCATCAGGTAAAGTAGAG-1-1,TP53_CALR_het
GATTGTGCATCCGGAGAAGTAGAG-1-1,TP53_EZH2_CALR_mut
GATTGTGCATTGTGAGAAGTAGAG-1-1,
GATTTGAAGACAAGCTAAGTAGAG-1-1,
GATTTGAAGACGCATGAAGTAGAG-1-1,
GATTTGAAGACTATTCAAGTAGAG-1-1,
GATTTGAAGCGAGGGAAAGTAGAG-1-1,TP53_CALR_het
GATTTGAAGGCGGATCAAGTAGAG-1-1,TP53_EZH2_CALR_mut
GATTTGAAGGCTGGTAAAGTAGAG-1-1,
GATTTGAAGTGGACCAAAGTAGAG-1-1,
GATTTGAAGTTTGCTGAAGTAGAG-1-1,TP53_CALR_het
GCAAACCCAAGTCGCGAAGTAGAG-1-1,
GCAAACCCAATGAAGAAAGTAGAG-1-1,TP53_CALR_het
GCAAACCCATAACCGAAAGTAGAG-1-1,TP53_CALR_het
GCAAACCCATCCCTCTAAGTAGAG-1-1,TP53_CALR_het
GCAAACCCATGAGGGAAAGTAGAG-1-1,TP53_CALR_het
GCAAACTAGACTAATGAAGTAGAG-1-1,TP53_CALR_het
GCAAACTAGATTATCCAAGTAGAG-1-1,TP53_CALR_het
GCAAACTAGATTCATCAAGTAGAG-1-1,TP53_CALR_het
GCAAACTAGCCAGAGCAAGTAGAG-1-1,TP53_EZH2_CALR_mut
GCAAACTAGGAACCGCAAGTAGAG-1-1,
GCAAACTAGGGCCTTTAAGTAGAG-1-1,
GCAAACTAGTAACGGTAAGTAGAG-1-1,
GCAAACTAGTTGGCCTAAGTAGAG-1-1,TP53_CALR_het
GCAAATATCAACCAAAAAGTAGAG-1-1,TP53_CALR_het
GCAAATATCCCATAATAAGTAGAG-1-1,
GCAAATATCCTGCCAGAAGTAGAG-1-1,TP53_CALR_het
GCAAATATCGATTGGGAAGTAGAG-1-1,TP53_EZH2_CALR_mut
GCAAATATCGTCCATAAAGTAGAG-1-1,
GCAAATATCTCAAGAAAAGTAGAG-1-1,
GCAAATATCTTCGCTTAAGTAGAG-1-1,
GCAAATGGTACTTATGAAGTAGAG-1-1,TP53_CALR_het
GCAAATGGTCCTCCATAAGTAGAG-1-1,TP53_EZH2_CALR_mut
GCAAATGGTCCTGACAAAGTAGAG-1-1,TP53_CALR_het
GCAAATGGTTAACCACAAGTAGAG-1-1,
GCAAATGGTTAGCGCCAAGTAGAG-1-1,ZRSR2_CALR_mut
GCAAATGGTTGCGAAAAAGTAGAG-1-1,
GCAAATGGTTTGCATAAAGTAGAG-1-1,
GCAAATTCAAACCGGTAAGTAGAG-1-1,
GCAAATTCAAATATGCAAGTAGAG-1-1,TP53_CALR_het
GCAAATTCAACATGATAAGTAGAG-1-1,
GCAAATTCAATACTGGAAGTAGAG-1-1,
GCAAATTCAATAGAAGAAGTAGAG-1-1,TP53_EZH2_CALR_mut
GCAAATTCACTTTATGAAGTAGAG-1-1,TP53_CALR_het
GCAAATTCAGCCTATTAAGTAGAG-1-1,
GCAAATTCAGGATTATAAGTAGAG-1-1,
GCAAATTCAGGCAACTAAGTAGAG-1-1,
GCAAATTCAGGTATATAAGTAGAG-1-1,
GCAAATTCAGTAAGTTAAGTAGAG-1-1,
GCAAATTCATATCGCTAAGTAGAG-1-1,TP53_CALR_het
GCAAATTCATGGTCAAAAGTAGAG-1-1,
GCAACGGGTCCGGGTTAAGTAGAG-1-1,
GCAACGGGTCCTCCATAAGTAGAG-1-1,TP53_CALR_het
GCAACGGGTCGTAACTAAGTAGAG-1-1,
GCAACGGGTGCAATAGAAGTAGAG-1-1,TP53_EZH2_CALR_mut
GCAACGGGTGTGACCCAAGTAGAG-1-1,
GCAACGGGTTAATGCCAAGTAGAG-1-1,
GCAACGGGTTCCGCAAAAGTAGAG-1-1,
GCAACGGGTTTACGACAAGTAGAG-1-1,TP53_CALR_het
GCAACTTGTCATTACAAAGTAGAG-1-1,
GCAACTTGTCCATTAAAAGTAGAG-1-1,TP53_CALR_het
GCAACTTGTCGTTATAAAGTAGAG-1-1,TP53_CALR_het
GCAACTTGTGAGAAGGAAGTAGAG-1-1,
GCAACTTGTGCACTATAAGTAGAG-1-1,
GCAAGAAAGATAGCTAAAGTAGAG-1-1,
GCAAGAAAGGTTAGGTAAGTAGAG-1-1,
GCAAGAAAGTCTATGTAAGTAGAG-1-1,ZRSR2_CALR_mut
GCAAGCCAGACAAGCTAAGTAGAG-1-1,TP53_CALR_het
GCAAGCCAGATGGATCAAGTAGAG-1-1,
GCAAGCCAGCTTACCAAAGTAGAG-1-1,ZRSR2_CALR_mut
GCAAGCCAGCTTATCGAAGTAGAG-1-1,ZRSR2_CALR_mut
GCAAGGCTCAAGCCAGAAGTAGAG-1-1,
GCAAGGCTCAAGGGCCAAGTAGAG-1-1,
GCAAGGCTCATTAGCTAAGTAGAG-1-1,TP53_EZH2_CALR_het
GCAAGGCTCCAGGAATAAGTAGAG-1-1,TP53_CALR_het
GCAAGGCTCCATCCGGAAGTAGAG-1-1,
GCAAGGCTCCTCTAAGAAGTAGAG-1-1,
GCAAGGCTCGGTACGAAAGTAGAG-1-1,
GCAAGGCTCTGGCTACAAGTAGAG-1-1,
GCAAGGCTCTGTGACCAAGTAGAG-1-1,TP53_EZH2_CALR_mut
GCAAGGTGTATTCGGTAAGTAGAG-1-1,TP53_CALR_het
GCAAGGTGTCACAGAAAAGTAGAG-1-1,
GCAAGGTGTCCATTAAAAGTAGAG-1-1,TP53_CALR_het
GCAAGGTGTCGCAATTAAGTAGAG-1-1,TP53_CALR_het
GCAAGGTGTTTCGCCTAAGTAGAG-1-1,TP53_CALR_het
GCAAGTTAGACTAATGAAGTAGAG-1-1,
GCAAGTTAGGACACGCAAGTAGAG-1-1,
GCAAGTTAGGTATGGTAAGTAGAG-1-1,TP53_EZH2_CALR_het
GCAAGTTAGTGAATCAAAGTAGAG-1-1,
GCAAGTTAGTTTCGCAAAGTAGAG-1-1,TP53_EZH2_CALR_mut
GCAATTAAGACAAAGGAAGTAGAG-1-1,
GCAATTAAGACCATTTAAGTAGAG-1-1,TP53_CALR_het
GCAATTAAGCTACGTCAAGTAGAG-1-1,TP53_EZH2_CALR_mut
GCAATTAAGCTGATGGAAGTAGAG-1-1,
GCAATTAAGGATGGTTAAGTAGAG-1-1,
GCAATTAAGGTCTTTGAAGTAGAG-1-1,
GCAATTAAGTTGCAAAAAGTAGAG-1-1,TP53_EZH2_CALR_mut
GCACAAAGTCAATGTCAAGTAGAG-1-1,
GCACAAAGTCCATTAAAAGTAGAG-1-1,TP53_EZH2_CALR_mut
GCACAAAGTCCTGCAAAAGTAGAG-1-1,
GCACAAAGTCTACCAGAAGTAGAG-1-1,TP53_EZH2_CALR_mut
GCACAAAGTGCTCATGAAGTAGAG-1-1,
GCACAAAGTGCTTCGAAAGTAGAG-1-1,TP53_EZH2_CALR_mut
GCACAAAGTGGCTCACAAGTAGAG-1-1,TP53_EZH2_CALR_mut
GCACAAAGTGTCCAATAAGTAGAG-1-1,ZRSR2_CALR_mut
GCACAAAGTGTCCAGCAAGTAGAG-1-1,
GCACAAAGTGTTAGCTAAGTAGAG-1-1,
GCACAAAGTGTTGCTGAAGTAGAG-1-1,TP53_CALR_het
GCACAAAGTTTCCTCAAAGTAGAG-1-1,TP53_CALR_het
GCACAACCAAACCGGTAAGTAGAG-1-1,
GCACAACCAATGGCCGAAGTAGAG-1-1,TP53_CALR_het
GCACAACCACAAATACAAGTAGAG-1-1,TP53_CALR_het
GCACAACCACTTTACAAAGTAGAG-1-1,
GCACAACCATTACTTGAAGTAGAG-1-1,TP53_CALR_het
GCACAACCATTCGGTTAAGTAGAG-1-1,TP53_CALR_het
GCACAACCATTGAAGTAAGTAGAG-1-1,
GCACAACCATTGCCGCAAGTAGAG-1-1,ZRSR2_CALR_mut
GCACACCGTATGTTTGAAGTAGAG-1-1,TP53_CALR_het
GCACACCGTCATCCCTAAGTAGAG-1-1,TP53_EZH2_CALR_mut
GCACACCGTCCTCACTAAGTAGAG-1-1,
GCACACCGTCGAATCTAAGTAGAG-1-1,
GCACACCGTGCAATAGAAGTAGAG-1-1,
GCACACCGTGTTCCAGAAGTAGAG-1-1,ZRSR2_CALR_mut
GCACACCGTTGAATCCAAGTAGAG-1-1,TP53_CALR_het
GCACACCGTTGTTCCCAAGTAGAG-1-1,TP53_CALR_het
GCACACCGTTTGGCCAAAGTAGAG-1-1,
GCACAGCAGACTAACAAAGTAGAG-1-1,
GCACAGCAGCAAACTAAAGTAGAG-1-1,TP53_EZH2_CALR_het
GCACAGCAGGCTGTGAAAGTAGAG-1-1,
GCACAGCAGTTTCCAGAAGTAGAG-1-1,
GCACCAAAGCCCTTGGAAGTAGAG-1-1,
GCACCAAAGCGAAGTTAAGTAGAG-1-1,
GCACCAAAGCTCATTGAAGTAGAG-1-1,
GCACCAAAGGAGTCATAAGTAGAG-1-1,
GCACCAAAGGATTATGAAGTAGAG-1-1,TP53_CALR_het
GCACCAAAGGTTTCGCAAGTAGAG-1-1,TP53_CALR_het
GCACCAAAGTCGAAGTAAGTAGAG-1-1,TP53_CALR_het
GCACCAAAGTTTCGGCAAGTAGAG-1-1,
GCACGAATCCAAAGGTAAGTAGAG-1-1,TP53_CALR_het
GCACGAATCCAGATAAAAGTAGAG-1-1,ZRSR2_CALR_mut
GCACGAATCCATTAACAAGTAGAG-1-1,
GCACGAATCGCATTTGAAGTAGAG-1-1,TP53_EZH2_CALR_mut
GCACGAATCGTCAATTAAGTAGAG-1-1,TP53_EZH2_CALR_mut
GCACGAATCTTTGGTGAAGTAGAG-1-1,
GCACTAACAACTTGTCAAGTAGAG-1-1,ZRSR2_CALR_mut
GCACTAACAAGTTGGCAAGTAGAG-1-1,TP53_CALR_het
GCACTAACACGGGCTAAAGTAGAG-1-1,TP53_CALR_het
GCACTAACATGAGCTAAAGTAGAG-1-1,
GCACTCAGTCCTTCGTAAGTAGAG-1-1,TP53_CALR_het
GCACTCAGTCGTCCAAAAGTAGAG-1-1,
GCACTCAGTGCAATAGAAGTAGAG-1-1,
GCACTCAGTTAGGCGGAAGTAGAG-1-1,TP53_CALR_het
GCACTCAGTTCCGTGAAAGTAGAG-1-1,TP53_EZH2_CALR_mut
GCACTTGGTAAGAATCAAGTAGAG-1-1,TP53_CALR_het
GCACTTGGTCCGCTAAAAGTAGAG-1-1,
GCACTTGGTCGCAACCAAGTAGAG-1-1,
GCACTTGGTGTTGCTGAAGTAGAG-1-1,ZRSR2_CALR_mut
GCACTTGGTTTGCATAAAGTAGAG-1-1,
GCAGCAATCAATTTGCAAGTAGAG-1-1,
GCAGCAATCATAGGTAAAGTAGAG-1-1,
GCAGCAATCCAATTACAAGTAGAG-1-1,TP53_EZH2_CALR_mut
GCAGCAATCCCTGGTGAAGTAGAG-1-1,
GCAGCAATCCTAAGTTAAGTAGAG-1-1,
GCAGCAATCCTGCAACAAGTAGAG-1-1,TP53_EZH2_CALR_mut
GCAGCAATCCTGCCAGAAGTAGAG-1-1,
GCAGCAATCGAAGGCCAAGTAGAG-1-1,
GCAGCAATCTGTCAATAAGTAGAG-1-1,TP53_EZH2_CALR_mut
GCAGCTAAGACCTTTGAAGTAGAG-1-1,
GCAGCTAAGACTGAGTAAGTAGAG-1-1,TP53_CALR_het
GCAGCTAAGCCTGCCAAAGTAGAG-1-1,
GCAGCTAAGCGATAACAAGTAGAG-1-1,TP53_CALR_het
GCAGCTAAGTAACGGTAAGTAGAG-1-1,TP53_CALR_het
GCAGCTAAGTCAACTTAAGTAGAG-1-1,
GCAGCTAAGTGATTTCAAGTAGAG-1-1,TP53_CALR_het
GCAGGCTAGACCATTTAAGTAGAG-1-1,TP53_EZH2_CALR_mut
GCAGGCTAGCACGTTCAAGTAGAG-1-1,ZRSR2_CALR_mut
GCAGGCTAGCCATAAAAAGTAGAG-1-1,
GCAGGCTAGCCTAGTCAAGTAGAG-1-1,
GCAGGCTAGGCGCATAAAGTAGAG-1-1,TP53_EZH2_CALR_mut
GCAGGCTAGGGCGGTTAAGTAGAG-1-1,TP53_CALR_het
GCAGGCTAGGTCTTGCAAGTAGAG-1-1,
GCAGGCTAGGTTGCTCAAGTAGAG-1-1,
GCAGGCTAGTAATTGGAAGTAGAG-1-1,TP53_CALR_het
GCAGGTTCAACATGATAAGTAGAG-1-1,TP53_CALR_het
GCAGGTTCAAGTTGGCAAGTAGAG-1-1,
GCAGGTTCAATATGGTAAGTAGAG-1-1,TP53_CALR_het
GCAGGTTCAATCAAGTAAGTAGAG-1-1,TP53_CALR_het
GCAGGTTCACGTAGGTAAGTAGAG-1-1,TP53_EZH2_CALR_mut
GCAGGTTCAGCCTGAGAAGTAGAG-1-1,
GCAGGTTCAGTTGCCCAAGTAGAG-1-1,ZRSR2_CALR_mut
GCAGGTTCATGAAGCCAAGTAGAG-1-1,TP53_CALR_het
GCAGGTTCATGAGTCAAAGTAGAG-1-1,
GCAGGTTCATGCGGATAAGTAGAG-1-1,
GCAGGTTCATGTGGGTAAGTAGAG-1-1,
GCAGTAAGTATTTGTGAAGTAGAG-1-1,TP53_CALR_het
GCAGTAAGTCCTGCAAAAGTAGAG-1-1,
GCAGTAAGTGGACCCTAAGTAGAG-1-1,TP53_EZH2_CALR_mut
GCAGTAAGTTAACGTCAAGTAGAG-1-1,
GCAGTAAGTTAAGCTCAAGTAGAG-1-1,TP53_EZH2_CALR_mut
GCAGTAAGTTTGGCCAAAGTAGAG-1-1,
GCAGTAAGTTTGTAGCAAGTAGAG-1-1,
GCAGTACCAAACACGCAAGTAGAG-1-1,
GCAGTACCAACAGATTAAGTAGAG-1-1,
GCAGTACCAACTAAACAAGTAGAG-1-1,TP53_CALR_het
GCAGTACCACGGTCGAAAGTAGAG-1-1,TP53_CALR_het
GCAGTACCAGCAAGCTAAGTAGAG-1-1,TP53_EZH2_CALR_mut
GCAGTACCATGCAATGAAGTAGAG-1-1,
GCAGTTTGTAACGGGTAAGTAGAG-1-1,TP53_EZH2_CALR_mut
GCAGTTTGTAACGTTCAAGTAGAG-1-1,TP53_CALR_het
GCAGTTTGTACAGCAAAAGTAGAG-1-1,TP53_CALR_het
GCAGTTTGTCAACATCAAGTAGAG-1-1,TP53_EZH2_CALR_mut
GCAGTTTGTCCGGGTTAAGTAGAG-1-1,TP53_CALR_het
GCAGTTTGTGAACGACAAGTAGAG-1-1,TP53_CALR_het
GCAGTTTGTGTTTGCGAAGTAGAG-1-1,TP53_CALR_het
GCAGTTTGTTCCGTGAAAGTAGAG-1-1,ZRSR2_CALR_mut
GCAGTTTGTTCTCAAAAAGTAGAG-1-1,TP53_CALR_het
GCAGTTTGTTTAGTTGAAGTAGAG-1-1,
GCATAAATCACCAGGAAAGTAGAG-1-1,
GCATAAATCAGCACGAAAGTAGAG-1-1,
GCATAAATCAGGTTGGAAGTAGAG-1-1,TP53_CALR_het
GCATAAATCATTGCATAAGTAGAG-1-1,
GCATAAATCCAACTTGAAGTAGAG-1-1,
GCATAAATCCATTAGTAAGTAGAG-1-1,
GCATAAATCCCATAATAAGTAGAG-1-1,
GCATAAATCCGGCTCAAAGTAGAG-1-1,
GCATAAATCGATATGAAAGTAGAG-1-1,TP53_EZH2_CALR_mut
GCATAAATCTATGCATAAGTAGAG-1-1,TP53_CALR_het
GCATAAATCTATTCGGAAGTAGAG-1-1,
GCATAATCAAATAGGAAAGTAGAG-1-1,TP53_CALR_het
GCATAATCAACAGAGGAAGTAGAG-1-1,TP53_CALR_het
GCATAATCACAGGCTGAAGTAGAG-1-1,
GCATAATCACTAACAGAAGTAGAG-1-1,
GCATAATCACTCCCAAAAGTAGAG-1-1,TP53_EZH2_CALR_mut
GCATAATCATCACGAAAAGTAGAG-1-1,TP53_EZH2_CALR_mut
GCATAATCATCATGTCAAGTAGAG-1-1,TP53_CALR_het
GCATAATCATTCTGTAAAGTAGAG-1-1,TP53_CALR_het
GCATCACTCAAGGTCGAAGTAGAG-1-1,TP53_CALR_het
GCATCACTCACGAACGAAGTAGAG-1-1,
GCATCACTCATGCCTAAAGTAGAG-1-1,TP53_EZH2_CALR_mut
GCATCACTCCCAAATTAAGTAGAG-1-1,ZRSR2_CALR_mut
GCATCACTCCTTGTTCAAGTAGAG-1-1,TP53_EZH2_CALR_mut
GCATCACTCGCTCAACAAGTAGAG-1-1,
GCATCTATCACAAAGCAAGTAGAG-1-1,
GCATCTATCACAAGCGAAGTAGAG-1-1,ZRSR2_CALR_mut
GCATCTATCAGGCTGAAAGTAGAG-1-1,TP53_EZH2_CALR_mut
GCATCTATCAGTCTATAAGTAGAG-1-1,
GCATCTATCCTCCCACAAGTAGAG-1-1,
GCATCTATCGGTACAGAAGTAGAG-1-1,TP53_CALR_het
GCATGAGTCAGGCAATAAGTAGAG-1-1,
GCATGAGTCCATCCGGAAGTAGAG-1-1,
GCATGAGTCCTTAGGCAAGTAGAG-1-1,ZRSR2_CALR_mut
GCATGAGTCGATTATCAAGTAGAG-1-1,TP53_CALR_het
GCATGAGTCGCAGCAAAAGTAGAG-1-1,
GCATGAGTCGCTTGCGAAGTAGAG-1-1,TP53_EZH2_CALR_mut
GCATGAGTCTATCTGGAAGTAGAG-1-1,TP53_CALR_het
GCATGAGTCTTGAATCAAGTAGAG-1-1,
GCATGCAAGACTATTCAAGTAGAG-1-1,
GCATGCAAGACTGAGTAAGTAGAG-1-1,
GCATGCAAGATAATCGAAGTAGAG-1-1,TP53_EZH2_CALR_mut
GCATGCAAGCACGGTAAAGTAGAG-1-1,TP53_EZH2_CALR_mut
GCATGCAAGGAGGATAAAGTAGAG-1-1,
GCATGCAAGGATTAGCAAGTAGAG-1-1,
GCATGCAAGGGATTTAAAGTAGAG-1-1,
GCATGCAAGGTTGCTCAAGTAGAG-1-1,
GCATGCAAGTAACGTAAAGTAGAG-1-1,
GCATGCAAGTAACTTCAAGTAGAG-1-1,TP53_CALR_het
GCATGCAAGTCAGGCAAAGTAGAG-1-1,
GCATGCAAGTGAGGAAAAGTAGAG-1-1,
GCATGCAAGTGAGTCGAAGTAGAG-1-1,TP53_EZH2_CALR_mut
GCATGCAAGTGCTGAGAAGTAGAG-1-1,TP53_EZH2_CALR_mut
GCATGCAAGTTTGAGAAAGTAGAG-1-1,TP53_EZH2_CALR_mut
GCATGCTTCACAGATAAAGTAGAG-1-1,TP53_CALR_het
GCATGCTTCACCATATAAGTAGAG-1-1,
GCATGCTTCAGGTAGTAAGTAGAG-1-1,ZRSR2_CALR_mut
GCATGCTTCATGAGGTAAGTAGAG-1-1,TP53_CALR_het
GCATGCTTCCCATAGCAAGTAGAG-1-1,TP53_CALR_het
GCATGCTTCCTTTGTCAAGTAGAG-1-1,
GCATGCTTCGATTAAGAAGTAGAG-1-1,
GCATGCTTCGATTACTAAGTAGAG-1-1,
GCATGCTTCGGTAAGTAAGTAGAG-1-1,
GCATGCTTCTCAAGAAAAGTAGAG-1-1,ZRSR2_CALR_mut
GCATGGATCAATGTTCAAGTAGAG-1-1,
GCATGGATCACGTTCAAAGTAGAG-1-1,TP53_EZH2_CALR_mut
GCATGGATCACTTGATAAGTAGAG-1-1,TP53_CALR_het
GCATGGATCAGCGGGTAAGTAGAG-1-1,
GCATGGATCAGTCTATAAGTAGAG-1-1,
GCATGGATCCTAAATCAAGTAGAG-1-1,
GCATGGATCTACTACGAAGTAGAG-1-1,
GCATTACGTAACGTTCAAGTAGAG-1-1,TP53_CALR_het
GCATTACGTATTCGACAAGTAGAG-1-1,TP53_EZH2_CALR_mut
GCATTACGTCGTAAAGAAGTAGAG-1-1,
GCATTACGTCGTTCGAAAGTAGAG-1-1,
GCATTCATCAAACCGGAAGTAGAG-1-1,ZRSR2_CALR_mut
GCATTCATCAATTTGCAAGTAGAG-1-1,TP53_CALR_het
GCATTCATCACCTAATAAGTAGAG-1-1,
GCATTCATCACTCGCGAAGTAGAG-1-1,TP53_CALR_het
GCATTCATCAGGTCGAAAGTAGAG-1-1,ZRSR2_CALR_mut
GCATTCATCATGGAACAAGTAGAG-1-1,
GCATTCATCCTCCCACAAGTAGAG-1-1,
GCATTCATCGAACGTGAAGTAGAG-1-1,
GCATTCATCGCGAAATAAGTAGAG-1-1,TP53_EZH2_CALR_mut
GCATTCATCGCGTTACAAGTAGAG-1-1,
GCATTCATCTACTACGAAGTAGAG-1-1,
GCATTCATCTGGCCATAAGTAGAG-1-1,TP53_CALR_het
GCATTGTGTACTAACCAAGTAGAG-1-1,TP53_CALR_het
GCATTGTGTAGACTGAAAGTAGAG-1-1,TP53_CALR_het
GCATTGTGTATGGTAGAAGTAGAG-1-1,
GCATTGTGTCTCAGCAAAGTAGAG-1-1,TP53_CALR_het
GCATTGTGTGTTTCGGAAGTAGAG-1-1,
GCATTGTGTTCGATGTAAGTAGAG-1-1,
GCATTGTGTTGTGAGAAAGTAGAG-1-1,
GCATTTAGTACAGCAAAAGTAGAG-1-1,TP53_CALR_het
GCATTTAGTATAGTGGAAGTAGAG-1-1,TP53_CALR_het
GCATTTAGTATGTGAGAAGTAGAG-1-1,
GCATTTAGTCACTATAAAGTAGAG-1-1,
GCATTTAGTCCAATACAAGTAGAG-1-1,TP53_EZH2_CALR_mut
GCATTTAGTCGTAACTAAGTAGAG-1-1,
GCATTTAGTGTGTCGCAAGTAGAG-1-1,
GCATTTAGTTAGCTCGAAGTAGAG-1-1,TP53_EZH2_CALR_mut
GCATTTAGTTCTCAAAAAGTAGAG-1-1,
GCATTTAGTTGAGTCTAAGTAGAG-1-1,TP53_CALR_het
GCATTTAGTTGCACGCAAGTAGAG-1-1,
GCATTTGTCAATACAGAAGTAGAG-1-1,TP53_CALR_het
GCATTTGTCAGGTAACAAGTAGAG-1-1,TP53_CALR_het
GCATTTGTCATGTCATAAGTAGAG-1-1,
GCATTTGTCCATTAACAAGTAGAG-1-1,ZRSR2_CALR_mut
GCATTTGTCCATTAGTAAGTAGAG-1-1,
GCATTTGTCCCACATAAAGTAGAG-1-1,
GCATTTGTCCCGTTCCAAGTAGAG-1-1,
GCATTTGTCGCGGATAAAGTAGAG-1-1,TP53_CALR_het
GCATTTGTCTGGTCTAAAGTAGAG-1-1,
GCCAACAAGAAGGTTCAAGTAGAG-1-1,
GCCAACAAGAAGTAGGAAGTAGAG-1-1,
GCCAACAAGAGCCGGTAAGTAGAG-1-1,
GCCAACAAGAGGTTTAAAGTAGAG-1-1,TP53_CALR_het
GCCAACAAGCCACTCGAAGTAGAG-1-1,TP53_CALR_het
GCCAACAAGGGCACTAAAGTAGAG-1-1,ZRSR2_CALR_mut
GCCAACAAGGGTTTCCAAGTAGAG-1-1,
GCCAACAAGGTCAAACAAGTAGAG-1-1,TP53_EZH2_CALR_mut
GCCAACAAGGTGAATCAAGTAGAG-1-1,
GCCAACAAGGTTCTTGAAGTAGAG-1-1,TP53_EZH2_CALR_mut
GCCAACAAGTCAACAAAAGTAGAG-1-1,
GCCAATACAAACCGGTAAGTAGAG-1-1,TP53_CALR_het
GCCAATACAAACCGTAAAGTAGAG-1-1,TP53_CALR_het
GCCAATACAAAGGTAAAAGTAGAG-1-1,
GCCAATACAAATAAGGAAGTAGAG-1-1,
GCCAATACATTCATGCAAGTAGAG-1-1,
GCCAATACATTGCCGCAAGTAGAG-1-1,ZRSR2_CALR_mut
GCCAATACATTTGGGAAAGTAGAG-1-1,ZRSR2_CALR_mut
GCCACAAAGATTCGTTAAGTAGAG-1-1,TP53_CALR_het
GCCACAAAGGTTGTAAAAGTAGAG-1-1,TP53_EZH2_CALR_mut
GCCACAAAGTAGCCTCAAGTAGAG-1-1,
GCCACAAAGTTTACCGAAGTAGAG-1-1,TP53_EZH2_CALR_mut
GCCAGTTTCAAGCCAGAAGTAGAG-1-1,TP53_EZH2_CALR_mut
GCCAGTTTCCGAATTTAAGTAGAG-1-1,TP53_EZH2_CALR_mut
GCCAGTTTCTAATGGAAAGTAGAG-1-1,TP53_CALR_het
GCCAGTTTCTGTCAATAAGTAGAG-1-1,
GCCAGTTTCTTGATCGAAGTAGAG-1-1,
GCCATAACAAACAATCAAGTAGAG-1-1,
GCCATAACAACCATTCAAGTAGAG-1-1,TP53_CALR_het
GCCATAACAAGGGTCTAAGTAGAG-1-1,TP53_CALR_het
GCCATAACAAGTTGGCAAGTAGAG-1-1,
GCCATAACAATAGAAGAAGTAGAG-1-1,
GCCATAACAATGAGCCAAGTAGAG-1-1,TP53_EZH2_CALR_mut
GCCATAACACGGTTCCAAGTAGAG-1-1,
GCCATAACAGGAATAAAAGTAGAG-1-1,TP53_EZH2_CALR_mut
GCCATAACAGGATTGCAAGTAGAG-1-1,TP53_CALR_het
GCCATAACAGTTATGGAAGTAGAG-1-1,
GCCATAACATACTTGCAAGTAGAG-1-1,ZRSR2_CALR_mut
GCCATAACATCATGTCAAGTAGAG-1-1,
GCCATAACATCTATGCAAGTAGAG-1-1,TP53_CALR_het
GCCATAACATGAGCTAAAGTAGAG-1-1,TP53_CALR_het
GCCATAACATGCAATGAAGTAGAG-1-1,
GCCATAGAGATGGATCAAGTAGAG-1-1,TP53_EZH2_CALR_mut
GCCATAGAGCCCTTGGAAGTAGAG-1-1,TP53_EZH2_CALR_mut
GCCATAGAGCGATAACAAGTAGAG-1-1,TP53_CALR_het
GCCATAGAGCGCTACTAAGTAGAG-1-1,ZRSR2_CALR_mut
GCCATAGAGCTTGAAAAAGTAGAG-1-1,ZRSR2_CALR_mut
GCCATAGAGGCACAATAAGTAGAG-1-1,TP53_CALR_het
GCCATAGAGGGAGGATAAGTAGAG-1-1,
GCCATAGAGTAAGCACAAGTAGAG-1-1,
GCCATAGAGTCTATGTAAGTAGAG-1-1,TP53_EZH2_CALR_mut
GCCATAGAGTGTTTCGAAGTAGAG-1-1,
GCCATAGAGTTTCCAGAAGTAGAG-1-1,
GCCATAGAGTTTCGGCAAGTAGAG-1-1,TP53_EZH2_CALR_mut
GCCATCAGTCATTACAAAGTAGAG-1-1,TP53_CALR_het
GCCATCAGTCCATCAGAAGTAGAG-1-1,
GCCATCAGTCCTTATTAAGTAGAG-1-1,
GCCATCAGTGCAGCTCAAGTAGAG-1-1,
GCCATCAGTGCTGAAAAAGTAGAG-1-1,TP53_EZH2_CALR_mut
GCCATCAGTGGAAGCTAAGTAGAG-1-1,TP53_EZH2_CALR_mut
GCCATCAGTGGACACGAAGTAGAG-1-1,
GCCATCAGTGTGGCTCAAGTAGAG-1-1,
GCCATCAGTGTTAGTCAAGTAGAG-1-1,TP53_EZH2_CALR_mut
GCCATCAGTTAGTGCTAAGTAGAG-1-1,TP53_EZH2_CALR_mut
GCCATTTCAACATGATAAGTAGAG-1-1,TP53_EZH2_CALR_mut
GCCATTTCAAGCGATCAAGTAGAG-1-1,
GCCATTTCACACTAAGAAGTAGAG-1-1,
GCCATTTCACCTTCTCAAGTAGAG-1-1,ZRSR2_CALR_mut
GCCATTTCACGCAATAAAGTAGAG-1-1,
GCCATTTCACTTTACAAAGTAGAG-1-1,ZRSR2_CALR_mut
GCCATTTCAGCTTTCGAAGTAGAG-1-1,ZRSR2_CALR_mut
GCCATTTCATGGATTGAAGTAGAG-1-1,ZRSR2_CALR_mut
GCCATTTCATTGAAGTAAGTAGAG-1-1,TP53_CALR_het
GCCCAATTCAAACCGGAAGTAGAG-1-1,ZRSR2_CALR_mut
GCCCAATTCCAAATAGAAGTAGAG-1-1,TP53_CALR_het
GCCCAATTCCACTAATAAGTAGAG-1-1,
GCCCAATTCGCACACTAAGTAGAG-1-1,TP53_CALR_het
GCCCAATTCGCGTTACAAGTAGAG-1-1,
GCCCAATTCTTCGCTTAAGTAGAG-1-1,
GCCCAGTGTAGGAGGAAAGTAGAG-1-1,
GCCCAGTGTATTGGGAAAGTAGAG-1-1,TP53_CALR_het
GCCCAGTGTCAAGCTTAAGTAGAG-1-1,
GCCCAGTGTCATTTAGAAGTAGAG-1-1,TP53_EZH2_CALR_mut
GCCCATAGTACTTACAAAGTAGAG-1-1,TP53_EZH2_CALR_mut
GCCCATAGTAGCTATCAAGTAGAG-1-1,
GCCCATAGTCACAGGGAAGTAGAG-1-1,
GCCCATAGTCATGCATAAGTAGAG-1-1,ZRSR2_CALR_mut
GCCCATAGTGAATCTCAAGTAGAG-1-1,TP53_EZH2_CALR_mut
GCCCATAGTTAGGCTTAAGTAGAG-1-1,TP53_CALR_het
GCCCATTAGAAGCAAGAAGTAGAG-1-1,
GCCCATTAGACTAACAAAGTAGAG-1-1,
GCCCATTAGCCATCACAAGTAGAG-1-1,TP53_CALR_het
GCCCATTAGCTAAGTAAAGTAGAG-1-1,
GCCCATTAGGTTAGTAAAGTAGAG-1-1,TP53_CALR_het
GCCCATTAGTCAACTTAAGTAGAG-1-1,TP53_CALR_het
GCCCATTAGTCGCATCAAGTAGAG-1-1,ZRSR2_CALR_mut
GCCCATTAGTTTGACTAAGTAGAG-1-1,TP53_EZH2_CALR_mut
GCCCTCAAGCAATTGAAAGTAGAG-1-1,
GCCCTCAAGCAGGTTGAAGTAGAG-1-1,
GCCCTCAAGCCGCTATAAGTAGAG-1-1,TP53_CALR_het
GCCCTCAAGCGCAAGCAAGTAGAG-1-1,
GCCCTCAAGCTATTACAAGTAGAG-1-1,ZRSR2_CALR_mut
GCCCTCAAGGTTGGGCAAGTAGAG-1-1,
GCCCTCAAGTCTTGCAAAGTAGAG-1-1,
GCCCTCAAGTTGCGCTAAGTAGAG-1-1,TP53_CALR_het
GCCCTGATCCAGCTTAAAGTAGAG-1-1,ZRSR2_CALR_mut
GCCCTGATCTTCAAGTAAGTAGAG-1-1,TP53_EZH2_CALR_het
GCCCTTGAGAAACCCGAAGTAGAG-1-1,
GCCCTTGAGAAGCAAGAAGTAGAG-1-1,ZRSR2_CALR_mut
GCCCTTGAGACCAGGCAAGTAGAG-1-1,TP53_CALR_het
GCCCTTGAGATGCCTCAAGTAGAG-1-1,TP53_EZH2_CALR_mut
GCCCTTGAGATTGCAAAAGTAGAG-1-1,TP53_CALR_het
GCCCTTGAGGCACTAGAAGTAGAG-1-1,TP53_CALR_het
GCCCTTGAGGTCACTCAAGTAGAG-1-1,TP53_CALR_het
GCCCTTGAGTATCGCCAAGTAGAG-1-1,TP53_CALR_het
GCCCTTGAGTCACACCAAGTAGAG-1-1,
GCCCTTGAGTGCCCTGAAGTAGAG-1-1,TP53_CALR_het
GCCCTTTGTCAGTGCCAAGTAGAG-1-1,
GCCCTTTGTCCTCCATAAGTAGAG-1-1,
GCCCTTTGTCGTAACTAAGTAGAG-1-1,
GCCCTTTGTGTAATGGAAGTAGAG-1-1,ZRSR2_CALR_mut
GCCCTTTGTTCTTGAAAAGTAGAG-1-1,TP53_CALR_het
GCCCTTTGTTGCGGCTAAGTAGAG-1-1,
GCCCTTTGTTGGATAGAAGTAGAG-1-1,ZRSR2_CALR_mut
GCCGCTTCAAACCCAAAAGTAGAG-1-1,TP53_CALR_het
GCCGCTTCAACCGGATAAGTAGAG-1-1,ZRSR2_CALR_mut
GCCGCTTCAACTATCCAAGTAGAG-1-1,ZRSR2_CALR_mut
GCCGCTTCAATGTTCCAAGTAGAG-1-1,
GCCGCTTCAATTGAACAAGTAGAG-1-1,ZRSR2_CALR_mut
GCCGCTTCACAGCAACAAGTAGAG-1-1,
GCCGCTTCACGATTAGAAGTAGAG-1-1,TP53_EZH2_CALR_mut
GCCGCTTCACTATGGAAAGTAGAG-1-1,
GCCGCTTCAGCTTAAGAAGTAGAG-1-1,
GCCGCTTCAGGTATTGAAGTAGAG-1-1,
GCCGTGACAAGCTATGAAGTAGAG-1-1,TP53_CALR_het
GCCGTGACAAGTTTCCAAGTAGAG-1-1,
GCCGTGACAATCAAACAAGTAGAG-1-1,ZRSR2_CALR_mut
GCCGTGACAATGAATCAAGTAGAG-1-1,TP53_CALR_het
GCCGTGACACAATACGAAGTAGAG-1-1,
GCCGTGACAGCATTTCAAGTAGAG-1-1,
GCCGTGACAGCCTATTAAGTAGAG-1-1,
GCCGTGACATTGCCTGAAGTAGAG-1-1,
GCCGTGACATTGCGCCAAGTAGAG-1-1,
GCCTAATGTACGTCCAAAGTAGAG-1-1,
GCCTAATGTAGCGGATAAGTAGAG-1-1,TP53_EZH2_CALR_mut
GCCTAATGTCCTTATTAAGTAGAG-1-1,
GCCTAATGTGCGGCTTAAGTAGAG-1-1,TP53_CALR_het
GCCTAATGTGTGTCGCAAGTAGAG-1-1,
GCCTAATGTTCCAGCAAAGTAGAG-1-1,
GCCTCATAGCTACGTCAAGTAGAG-1-1,TP53_CALR_het
GCCTCATAGCTCAACCAAGTAGAG-1-1,TP53_EZH2_CALR_mut
GCCTCATAGGCTCCATAAGTAGAG-1-1,TP53_EZH2_CALR_het
GCCTCATAGTTACCTGAAGTAGAG-1-1,
GCCTCATAGTTAGTTCAAGTAGAG-1-1,
GCCTCGATCAGCACAGAAGTAGAG-1-1,ZRSR2_CALR_mut
GCCTCGATCATGGATAAAGTAGAG-1-1,
GCCTCGATCCATAAAGAAGTAGAG-1-1,
GCCTCGATCCCAAATTAAGTAGAG-1-1,ZRSR2_CALR_mut
GCCTCGATCCCATAATAAGTAGAG-1-1,TP53_CALR_het
GCCTCGATCGCTTGACAAGTAGAG-1-1,TP53_EZH2_CALR_mut
GCCTCGATCGGGACTAAAGTAGAG-1-1,TP53_CALR_het
GCCTCGATCTCAAGAAAAGTAGAG-1-1,TP53_CALR_het
GCCTCGATCTTGAGGGAAGTAGAG-1-1,
GCCTGAGCAAGTAAGAAAGTAGAG-1-1,ZRSR2_CALR_mut
GCCTGAGCAATACTGGAAGTAGAG-1-1,TP53_CALR_het
GCCTGAGCAATCGTTCAAGTAGAG-1-1,
GCCTGAGCACCATACTAAGTAGAG-1-1,
GCCTGAGCACCGGCAAAAGTAGAG-1-1,ZRSR2_CALR_mut
GCCTGAGCACTAAGCAAAGTAGAG-1-1,TP53_CALR_het
GCCTGAGCAGCGATCGAAGTAGAG-1-1,TP53_CALR_het
GCCTGAGCAGGATGCTAAGTAGAG-1-1,TP53_EZH2_CALR_mut
GCCTGAGCATACCTTAAAGTAGAG-1-1,TP53_CALR_het
GCCTGAGCATCGATAGAAGTAGAG-1-1,TP53_EZH2_CALR_mut
GCCTGAGCATTGCATCAAGTAGAG-1-1,
GCCTGCATCACAGATAAAGTAGAG-1-1,TP53_EZH2_CALR_mut
GCCTGCATCAGCCTTAAAGTAGAG-1-1,TP53_EZH2_CALR_mut
GCCTGCATCATGCGGAAAGTAGAG-1-1,
GCCTGCATCCGCTATAAAGTAGAG-1-1,TP53_CALR_het
GCCTGCATCCGGATAGAAGTAGAG-1-1,
GCCTGCATCGCTTGGTAAGTAGAG-1-1,
GCCTGCATCTCACTAGAAGTAGAG-1-1,
GCCTGCATCTCAGCACAAGTAGAG-1-1,
GCCTGCATCTGGAACGAAGTAGAG-1-1,
GCCTGCATCTGGCCATAAGTAGAG-1-1,TP53_EZH2_CALR_mut
GCGAACGGTCAATGTCAAGTAGAG-1-1,
GCGAACGGTTCCGGGTAAGTAGAG-1-1,TP53_CALR_het
GCGAACGGTTTACTGAAAGTAGAG-1-1,
GCGAATGTCAACCGGAAAGTAGAG-1-1,
GCGAATGTCAAGGTACAAGTAGAG-1-1,
GCGAATGTCACCTGTAAAGTAGAG-1-1,
GCGAATGTCAGCGGGTAAGTAGAG-1-1,
GCGAATGTCATCAGCCAAGTAGAG-1-1,TP53_EZH2_CALR_mut
GCGAATGTCCCGTTCCAAGTAGAG-1-1,TP53_CALR_het
GCGAATGTCGAAGGCCAAGTAGAG-1-1,TP53_CALR_het
GCGAATGTCGATGAACAAGTAGAG-1-1,TP53_EZH2_CALR_mut
GCGAATGTCTAGCGGAAAGTAGAG-1-1,TP53_EZH2_CALR_mut
GCGAATGTCTTGAATCAAGTAGAG-1-1,
GCGAGCTAGAGCCGGTAAGTAGAG-1-1,ZRSR2_CALR_mut
GCGAGCTAGCAAACCGAAGTAGAG-1-1,TP53_CALR_het
GCGAGCTAGGAGGCCTAAGTAGAG-1-1,
GCGAGCTAGGGTTATAAAGTAGAG-1-1,
GCGAGCTAGGTCACTCAAGTAGAG-1-1,
GCGAGCTAGTCACCTAAAGTAGAG-1-1,
GCGAGCTAGTCTAACTAAGTAGAG-1-1,TP53_CALR_het
GCGAGCTAGTGAATCAAAGTAGAG-1-1,
GCGAGGTTCACTAATCAAGTAGAG-1-1,TP53_EZH2_CALR_mut
GCGAGGTTCAGTAGGTAAGTAGAG-1-1,TP53_CALR_het
GCGAGGTTCATTACCGAAGTAGAG-1-1,TP53_CALR_het
GCGAGGTTCCACAATTAAGTAGAG-1-1,
GCGAGGTTCCAGATAAAAGTAGAG-1-1,
GCGAGGTTCGATGAACAAGTAGAG-1-1,TP53_EZH2_CALR_mut
GCGAGGTTCTATTGCGAAGTAGAG-1-1,
GCGAGGTTCTCACCTTAAGTAGAG-1-1,
GCGAGGTTCTGGAAACAAGTAGAG-1-1,TP53_EZH2_CALR_mut
GCGATAAGTACCTCAGAAGTAGAG-1-1,ZRSR2_CALR_mut
GCGATAAGTAGCCTTGAAGTAGAG-1-1,
GCGATAAGTGGCTCACAAGTAGAG-1-1,ZRSR2_CALR_mut
GCGATAAGTGTAATGGAAGTAGAG-1-1,
GCGATAAGTTACTTCTAAGTAGAG-1-1,TP53_EZH2_CALR_mut
GCGATAAGTTAGCGGGAAGTAGAG-1-1,
GCGATAAGTTGCTCCTAAGTAGAG-1-1,TP53_CALR_het
GCGATAAGTTGGATGAAAGTAGAG-1-1,
GCGATAAGTTGTGACTAAGTAGAG-1-1,
GCGATTGAGAAACTCAAAGTAGAG-1-1,
GCGATTGAGAGCAACTAAGTAGAG-1-1,
GCGATTGAGCATTACTAAGTAGAG-1-1,ZRSR2_CALR_mut
GCGATTGAGCGAGGGAAAGTAGAG-1-1,
GCGATTGAGCTACGTCAAGTAGAG-1-1,
GCGATTGAGCTCAAGGAAGTAGAG-1-1,TP53_CALR_het
GCGATTGAGGATCCAGAAGTAGAG-1-1,
GCGATTGAGTATCGCCAAGTAGAG-1-1,ZRSR2_CALR_mut
GCGATTGAGTCACCTAAAGTAGAG-1-1,ZRSR2_CALR_mut
GCGCAACAGAAGCATCAAGTAGAG-1-1,
GCGCAACAGAGGAAATAAGTAGAG-1-1,
GCGCAACAGATAACGCAAGTAGAG-1-1,
GCGCAACAGATTCCCAAAGTAGAG-1-1,TP53_CALR_het
GCGCAACAGCTAACTTAAGTAGAG-1-1,
GCGCAACAGGCTCCATAAGTAGAG-1-1,TP53_CALR_het
GCGCAACAGTAAACCAAAGTAGAG-1-1,TP53_CALR_het
GCGCAAGGTAGCTTGTAAGTAGAG-1-1,
GCGCAAGGTATATTCGAAGTAGAG-1-1,
GCGCAAGGTGATAAACAAGTAGAG-1-1,
GCGCAAGGTTAGGTAGAAGTAGAG-1-1,
GCGCAAGGTTGCGGCTAAGTAGAG-1-1,TP53_CALR_het
GCGCAATCAACATAGTAAGTAGAG-1-1,TP53_CALR_het
GCGCAATCAAGAAATGAAGTAGAG-1-1,TP53_EZH2_CALR_mut
GCGCAATCAAGGTTATAAGTAGAG-1-1,ZRSR2_CALR_mut
GCGCAATCAGGGCTATAAGTAGAG-1-1,
GCGCAATCAGTAATACAAGTAGAG-1-1,TP53_CALR_het
GCGCAATCATGGATTGAAGTAGAG-1-1,TP53_CALR_het
GCGCACACAACAGCTAAAGTAGAG-1-1,
GCGCACACAACGACTAAAGTAGAG-1-1,TP53_CALR_het
GCGCACACAACTTCGTAAGTAGAG-1-1,TP53_CALR_het
GCGCACACATACTTCAAAGTAGAG-1-1,TP53_CALR_het
GCGCACACATGCGCAGAAGTAGAG-1-1,
GCGCCTATCAAGCGATAAGTAGAG-1-1,
GCGCCTATCCAGCTACAAGTAGAG-1-1,
GCGCCTATCGTTGCACAAGTAGAG-1-1,TP53_EZH2_CALR_mut
GCGCTAAAGACCATTTAAGTAGAG-1-1,TP53_CALR_het
GCGCTAAAGAGGCGGAAAGTAGAG-1-1,
GCGCTAAAGCTTTACGAAGTAGAG-1-1,
GCGCTAAAGGAACCATAAGTAGAG-1-1,
GCGCTAAAGGATTATGAAGTAGAG-1-1,
GCGCTAAAGGTAAGCTAAGTAGAG-1-1,TP53_EZH2_CALR_mut
GCGCTAAAGGTGGATTAAGTAGAG-1-1,
GCGCTAAAGGTTAGACAAGTAGAG-1-1,TP53_EZH2_CALR_mut
GCGCTAAAGGTTATGAAAGTAGAG-1-1,
GCGCTACGTAAGAATCAAGTAGAG-1-1,ZRSR2_CALR_mut
GCGCTACGTACTTATGAAGTAGAG-1-1,TP53_CALR_het
GCGCTACGTAGGTTTCAAGTAGAG-1-1,ZRSR2_CALR_mut
GCGCTACGTAGTAGGCAAGTAGAG-1-1,
GCGCTACGTATGGTGAAAGTAGAG-1-1,TP53_CALR_het
GCGCTACGTGACCTGCAAGTAGAG-1-1,
GCGCTACGTGCAGCTCAAGTAGAG-1-1,TP53_CALR_het
GCGCTACGTGCTCCTTAAGTAGAG-1-1,ZRSR2_CALR_mut
GCGCTACGTGTGACCCAAGTAGAG-1-1,
GCGCTACGTTGTTCCCAAGTAGAG-1-1,TP53_CALR_het
GCGCTTAGTAATGCCTAAGTAGAG-1-1,TP53_CALR_het
GCGCTTAGTATGGTGAAAGTAGAG-1-1,
GCGCTTAGTATTTCGAAAGTAGAG-1-1,
GCGCTTAGTCATCATAAAGTAGAG-1-1,TP53_CALR_het
GCGCTTAGTCCCTCATAAGTAGAG-1-1,TP53_CALR_het
GCGCTTAGTGAACGACAAGTAGAG-1-1,
GCGCTTAGTGCTGCACAAGTAGAG-1-1,
GCGCTTAGTGGCGTAGAAGTAGAG-1-1,
GCGCTTAGTTAACGTCAAGTAGAG-1-1,
GCGCTTAGTTGAGGACAAGTAGAG-1-1,
GCGCTTAGTTGCACTGAAGTAGAG-1-1,TP53_CALR_het
GCGCTTAGTTGGGTTTAAGTAGAG-1-1,TP53_EZH2_CALR_mut
GCGCTTAGTTTACCGGAAGTAGAG-1-1,ZRSR2_CALR_mut
GCGGATTCAACCATTCAAGTAGAG-1-1,TP53_EZH2_CALR_het
GCGGATTCACATAGATAAGTAGAG-1-1,ZRSR2_CALR_mut
GCGGATTCACCAGCTCAAGTAGAG-1-1,TP53_EZH2_CALR_mut
GCGGATTCAGGCGAAAAAGTAGAG-1-1,
GCGGATTCATACTTGCAAGTAGAG-1-1,TP53_EZH2_CALR_mut
GCGGATTCATCGATAGAAGTAGAG-1-1,TP53_EZH2_CALR_mut
GCGGATTCATTTCGCGAAGTAGAG-1-1,TP53_CALR_het
GCGGGTTAGATGAAGGAAGTAGAG-1-1,
GCGGGTTAGATGATTGAAGTAGAG-1-1,
GCGGGTTAGCAAACTAAAGTAGAG-1-1,TP53_EZH2_CALR_mut
GCGGGTTAGCGAGGGAAAGTAGAG-1-1,TP53_CALR_het
GCGGGTTAGGGTCTAGAAGTAGAG-1-1,
GCGGGTTAGGTCTTGCAAGTAGAG-1-1,
GCGGGTTAGGTTACTTAAGTAGAG-1-1,TP53_EZH2_CALR_mut
GCGGGTTAGGTTTCGCAAGTAGAG-1-1,
GCGGGTTAGTAACGGTAAGTAGAG-1-1,TP53_CALR_het
GCGGGTTAGTAGCCTCAAGTAGAG-1-1,
GCGGTAATCATGCGGAAAGTAGAG-1-1,TP53_CALR_het
GCGGTAATCCGCAATCAAGTAGAG-1-1,
GCGGTAATCTATTGGTAAGTAGAG-1-1,TP53_EZH2_CALR_mut
GCGGTTCGTATGGGACAAGTAGAG-1-1,TP53_EZH2_CALR_mut
GCGGTTCGTCCGTGACAAGTAGAG-1-1,ZRSR2_CALR_mut
GCGGTTCGTCGGTTATAAGTAGAG-1-1,TP53_CALR_het
GCGGTTCGTGGTTAAGAAGTAGAG-1-1,
GCGTGTTTCACAACAAAAGTAGAG-1-1,
GCGTGTTTCACCTAATAAGTAGAG-1-1,TP53_EZH2_CALR_het
GCGTGTTTCATAATCCAAGTAGAG-1-1,TP53_EZH2_CALR_mut
GCGTGTTTCGAACGTGAAGTAGAG-1-1,TP53_EZH2_CALR_mut
GCGTTACTCAACTGGGAAGTAGAG-1-1,ZRSR2_CALR_mut
GCGTTACTCACAAACAAAGTAGAG-1-1,
GCGTTACTCACAGATAAAGTAGAG-1-1,
GCGTTACTCACCACACAAGTAGAG-1-1,
GCGTTACTCCAAACAAAAGTAGAG-1-1,
GCGTTACTCCAAAGACAAGTAGAG-1-1,TP53_CALR_het
GCGTTACTCGAGGCGTAAGTAGAG-1-1,TP53_EZH2_CALR_mut
GCGTTACTCGGGCAGTAAGTAGAG-1-1,TP53_EZH2_CALR_mut
GCGTTACTCTATTGCGAAGTAGAG-1-1,
GCGTTATGTAGTTGTCAAGTAGAG-1-1,
GCGTTATGTGCTGCACAAGTAGAG-1-1,
GCGTTATGTGCTTCGAAAGTAGAG-1-1,TP53_CALR_het
GCGTTATGTGTTTGCGAAGTAGAG-1-1,
GCGTTATGTTAGTGGAAAGTAGAG-1-1,
GCGTTTGGTATTCGGTAAGTAGAG-1-1,TP53_CALR_het
GCGTTTGGTCAAGCTTAAGTAGAG-1-1,TP53_CALR_het
GCGTTTGGTGCGCATCAAGTAGAG-1-1,
GCGTTTGGTGCTCATGAAGTAGAG-1-1,
GCGTTTGGTGCTGATTAAGTAGAG-1-1,TP53_EZH2_CALR_mut
GCGTTTGGTTCTGGCAAAGTAGAG-1-1,TP53_EZH2_CALR_mut
GCGTTTGGTTGCACGCAAGTAGAG-1-1,TP53_EZH2_CALR_mut
GCGTTTGGTTTCCTGCAAGTAGAG-1-1,
GCTAAATCAACTTAGGAAGTAGAG-1-1,
GCTAAATCAAGACATTAAGTAGAG-1-1,ZRSR2_CALR_mut
GCTAAATCAAGCTTTCAAGTAGAG-1-1,
GCTAAATCAGCTTAAGAAGTAGAG-1-1,
GCTAAATCATATTTCGAAGTAGAG-1-1,TP53_CALR_het
GCTAAATCATTGGACAAAGTAGAG-1-1,
GCTAACCTCACTTGATAAGTAGAG-1-1,TP53_CALR_het
GCTAACCTCATTGCATAAGTAGAG-1-1,TP53_EZH2_CALR_mut
GCTAACCTCCGCAATCAAGTAGAG-1-1,ZRSR2_CALR_mut
GCTAACCTCGAAGTTAAAGTAGAG-1-1,
GCTAACCTCGGTAATAAAGTAGAG-1-1,TP53_CALR_het
GCTAACCTCGTAGTTTAAGTAGAG-1-1,TP53_CALR_het
GCTAACCTCTTGAAGAAAGTAGAG-1-1,TP53_CALR_het
GCTAACGAGAGAGCAAAAGTAGAG-1-1,TP53_CALR_het
GCTAACGAGATTCGTTAAGTAGAG-1-1,
GCTAACGAGCTTCTAGAAGTAGAG-1-1,
GCTAACGAGGTATGGTAAGTAGAG-1-1,TP53_EZH2_CALR_mut
GCTAACGAGGTGAGCCAAGTAGAG-1-1,
GCTAACGAGTAGCTAAAAGTAGAG-1-1,TP53_EZH2_CALR_mut
GCTAACGAGTTATCCGAAGTAGAG-1-1,ZRSR2_CALR_mut
GCTAACGAGTTGACCCAAGTAGAG-1-1,ZRSR2_CALR_mut
GCTAACTGTAAATAGCAAGTAGAG-1-1,TP53_CALR_het
GCTAACTGTAACCGCCAAGTAGAG-1-1,TP53_EZH2_CALR_mut
GCTAACTGTAATAGGTAAGTAGAG-1-1,ZRSR2_CALR_mut
GCTAACTGTACTTATGAAGTAGAG-1-1,TP53_CALR_het
GCTAACTGTCCACAATAAGTAGAG-1-1,
GCTAACTGTCCTTCTAAAGTAGAG-1-1,TP53_EZH2_CALR_mut
GCTAACTGTGAACGTAAAGTAGAG-1-1,
GCTAACTGTGCTGAAAAAGTAGAG-1-1,
GCTAACTGTGTTTGGTAAGTAGAG-1-1,TP53_CALR_het
GCTAACTGTGTTTGTAAAGTAGAG-1-1,
GCTAATAAGACAACACAAGTAGAG-1-1,
GCTAATAAGGCCATGAAAGTAGAG-1-1,
GCTAATAAGGTAGTTAAAGTAGAG-1-1,ZRSR2_CALR_mut
GCTAATAAGGTCAAGTAAGTAGAG-1-1,TP53_EZH2_CALR_mut
GCTAATAAGTGATGGTAAGTAGAG-1-1,TP53_CALR_het
GCTAATAAGTTTGAGAAAGTAGAG-1-1,
GCTACAACACACCCACAAGTAGAG-1-1,ZRSR2_CALR_mut
GCTACAACACTATCACAAGTAGAG-1-1,TP53_CALR_het
GCTACAACAGGTAGCTAAGTAGAG-1-1,
GCTACTATCATTGCATAAGTAGAG-1-1,
GCTACTATCCAAAGGTAAGTAGAG-1-1,TP53_CALR_het
GCTACTATCCAATTACAAGTAGAG-1-1,TP53_EZH2_CALR_mut
GCTACTATCCTTTCGTAAGTAGAG-1-1,
GCTACTATCGCTCAGTAAGTAGAG-1-1,ZRSR2_CALR_mut
GCTAGACCAAAGAACAAAGTAGAG-1-1,
GCTAGACCAACAGCACAAGTAGAG-1-1,
GCTAGACCAATGAATCAAGTAGAG-1-1,TP53_CALR_het
GCTAGACCAATGGCCGAAGTAGAG-1-1,TP53_EZH2_CALR_mut
GCTAGACCATAATGACAAGTAGAG-1-1,
GCTAGACCATTACTTGAAGTAGAG-1-1,ZRSR2_CALR_mut
GCTAGATAGAGGCGTCAAGTAGAG-1-1,TP53_CALR_het
GCTAGATAGCCCGTTGAAGTAGAG-1-1,TP53_CALR_het
GCTAGATAGGGTTTGGAAGTAGAG-1-1,
GCTAGTCTCAACTGGGAAGTAGAG-1-1,TP53_EZH2_CALR_mut
GCTAGTCTCAGGTTAAAAGTAGAG-1-1,TP53_CALR_het
GCTAGTCTCCCATTGAAAGTAGAG-1-1,
GCTAGTCTCCGCCTCTAAGTAGAG-1-1,
GCTAGTCTCGCTTGCGAAGTAGAG-1-1,TP53_CALR_het
GCTAGTCTCTCAAGAAAAGTAGAG-1-1,
GCTAGTCTCTCTCGCCAAGTAGAG-1-1,
GCTATAAAGCAAATTGAAGTAGAG-1-1,
GCTATAAAGCAGGTCAAAGTAGAG-1-1,ZRSR2_CALR_mut
GCTATAAAGCTAAACAAAGTAGAG-1-1,TP53_EZH2_CALR_mut
GCTATAAAGCTATCCAAAGTAGAG-1-1,TP53_CALR_het
GCTATAAAGGGCAGTCAAGTAGAG-1-1,TP53_CALR_het
GCTATAAAGGTCAAACAAGTAGAG-1-1,TP53_CALR_het
GCTATAAAGGTTGGGCAAGTAGAG-1-1,
GCTATAAAGTCTATGTAAGTAGAG-1-1,TP53_EZH2_CALR_mut
GCTATAAAGTTTGGTTAAGTAGAG-1-1,TP53_CALR_het
GCTATCCAGACTCCTAAAGTAGAG-1-1,
GCTATCCAGATGCTAAAAGTAGAG-1-1,
GCTATCCAGCTAAGTAAAGTAGAG-1-1,TP53_CALR_het
GCTATCCAGGCGCATAAAGTAGAG-1-1,
GCTATCCAGGCTACTCAAGTAGAG-1-1,TP53_CALR_het
GCTATCCAGGGAGGCAAAGTAGAG-1-1,
GCTATCCAGGGATTTAAAGTAGAG-1-1,
GCTATCCAGGTGAGTTAAGTAGAG-1-1,TP53_EZH2_CALR_mut
GCTATCCAGGTTTCCAAAGTAGAG-1-1,
GCTATCCAGTGTCCACAAGTAGAG-1-1,ZRSR2_CALR_mut
GCTATGCTCACAAGCGAAGTAGAG-1-1,TP53_CALR_het
GCTATGCTCAGGAGCCAAGTAGAG-1-1,TP53_EZH2_CALR_mut
GCTATGCTCATAATCCAAGTAGAG-1-1,
GCTATGCTCATTTAGCAAGTAGAG-1-1,
GCTATGCTCCGTCCAGAAGTAGAG-1-1,
GCTATGCTCTGGCCCAAAGTAGAG-1-1,TP53_CALR_het
GCTATTAGTACAGCAAAAGTAGAG-1-1,
GCTATTAGTAGCCTTGAAGTAGAG-1-1,
GCTATTAGTCAATTCAAAGTAGAG-1-1,TP53_CALR_het
GCTATTAGTCCATCCTAAGTAGAG-1-1,TP53_CALR_het
GCTATTAGTCTACCTCAAGTAGAG-1-1,
GCTATTAGTGAACGACAAGTAGAG-1-1,
GCTATTAGTTCACCAGAAGTAGAG-1-1,TP53_CALR_het
GCTATTAGTTCCGGGTAAGTAGAG-1-1,TP53_CALR_het
GCTATTAGTTGCGAAAAAGTAGAG-1-1,TP53_CALR_het
GCTATTAGTTTGAGCTAAGTAGAG-1-1,TP53_CALR_het
GCTATTGTCAAACTTCAAGTAGAG-1-1,TP53_EZH2_CALR_mut
GCTATTGTCACTGTCAAAGTAGAG-1-1,ZRSR2_CALR_mut
GCTATTGTCCCATAGCAAGTAGAG-1-1,TP53_CALR_het
GCTATTGTCCCTGGTGAAGTAGAG-1-1,TP53_EZH2_CALR_mut
GCTATTGTCCTGGATCAAGTAGAG-1-1,TP53_CALR_het
GCTATTGTCGCACACTAAGTAGAG-1-1,
GCTATTGTCGTTCAATAAGTAGAG-1-1,TP53_EZH2_CALR_mut
GCTCAATGTACAGCAAAAGTAGAG-1-1,TP53_CALR_het
GCTCAATGTATAGTGGAAGTAGAG-1-1,
GCTCAATGTATGTTGCAAGTAGAG-1-1,TP53_EZH2_CALR_mut
GCTCAATGTCGTAACTAAGTAGAG-1-1,TP53_EZH2_CALR_mut
GCTCAATGTGAAGCACAAGTAGAG-1-1,TP53_CALR_het
GCTCAATGTGGATGGTAAGTAGAG-1-1,
GCTCAATGTGTTTCGGAAGTAGAG-1-1,
GCTCAATGTTAGCGCCAAGTAGAG-1-1,
GCTCAATGTTCGGTCAAAGTAGAG-1-1,
GCTCAATGTTGAATCCAAGTAGAG-1-1,ZRSR2_CALR_mut
GCTCAATGTTGGAGCGAAGTAGAG-1-1,
GCTCACCCAAACGGGAAAGTAGAG-1-1,
GCTCACCCACCAACAAAAGTAGAG-1-1,
GCTCACCCACGGTACGAAGTAGAG-1-1,TP53_EZH2_CALR_mut
GCTCACCCAGAAACTTAAGTAGAG-1-1,ZRSR2_CALR_mut
GCTCACCCAGAAAGGTAAGTAGAG-1-1,
GCTCACCCAGAATCGCAAGTAGAG-1-1,TP53_CALR_het
GCTCACCCAGCAAGCTAAGTAGAG-1-1,TP53_EZH2_CALR_mut
GCTCACCCAGCTCATTAAGTAGAG-1-1,
GCTCACCCAGTTGCCCAAGTAGAG-1-1,TP53_CALR_het
GCTCACCCATCACAGAAAGTAGAG-1-1,TP53_EZH2_CALR_mut
GCTCACTAGAAACTCAAAGTAGAG-1-1,TP53_EZH2_CALR_mut
GCTCACTAGATGCTAAAAGTAGAG-1-1,TP53_CALR_het
GCTCACTAGCACCTTAAAGTAGAG-1-1,
GCTCACTAGCATCCCGAAGTAGAG-1-1,ZRSR2_CALR_mut
GCTCACTAGCCTATATAAGTAGAG-1-1,
GCTCACTAGCGAGGGAAAGTAGAG-1-1,
GCTCACTAGCGCTTACAAGTAGAG-1-1,
GCTCACTAGGTTAGACAAGTAGAG-1-1,
GCTCAGGCAAGGCCTGAAGTAGAG-1-1,ZRSR2_CALR_mut
GCTCAGGCACCTACTGAAGTAGAG-1-1,
GCTCAGGCACTAAGGCAAGTAGAG-1-1,TP53_EZH2_CALR_mut
GCTCAGGCAGCCTTCAAAGTAGAG-1-1,TP53_CALR_het
GCTCAGGCAGGCTTAAAAGTAGAG-1-1,TP53_EZH2_CALR_mut
GCTCAGGCATGCGCAGAAGTAGAG-1-1,TP53_CALR_het
GCTCAGGCATGCTCCAAAGTAGAG-1-1,
GCTCCATAGACAACACAAGTAGAG-1-1,
GCTCCATAGATGATTGAAGTAGAG-1-1,TP53_CALR_het
GCTCCATAGCGAGCTAAAGTAGAG-1-1,TP53_CALR_het
GCTCCATAGCTTCCTTAAGTAGAG-1-1,ZRSR2_CALR_mut
GCTCCATAGGTAATTGAAGTAGAG-1-1,TP53_CALR_het
GCTCCATAGTTTGAGAAAGTAGAG-1-1,TP53_CALR_het
GCTCCTGAGGAAGCCCAAGTAGAG-1-1,
GCTCCTGAGGCAAGCCAAGTAGAG-1-1,TP53_EZH2_CALR_mut
GCTCCTGAGGCGCGATAAGTAGAG-1-1,
GCTCCTGAGGTTAGGTAAGTAGAG-1-1,ZRSR2_CALR_mut
GCTCCTGAGTAATTGGAAGTAGAG-1-1,
GCTCCTGAGTTGGATAAAGTAGAG-1-1,ZRSR2_CALR_mut
GCTCGCTCAGATAGCCAAGTAGAG-1-1,
GCTCGCTCATCATAGGAAGTAGAG-1-1,
GCTCGCTCATGGCCGAAAGTAGAG-1-1,
GCTCGTTAGATGCTAAAAGTAGAG-1-1,
GCTCGTTAGCATGTGGAAGTAGAG-1-1,
GCTCGTTAGCCCTTGGAAGTAGAG-1-1,TP53_CALR_het
GCTGAAAGTAAACTGGAAGTAGAG-1-1,TP53_CALR_het
GCTGAAAGTAGCGCGAAAGTAGAG-1-1,
GCTGAAAGTCCTTATTAAGTAGAG-1-1,
GCTGAAAGTGCAATAGAAGTAGAG-1-1,
GCTGAAAGTTAGTGAGAAGTAGAG-1-1,
GCTGAAAGTTGAGGACAAGTAGAG-1-1,TP53_EZH2_CALR_mut
GCTGAAAGTTGTTGGTAAGTAGAG-1-1,TP53_EZH2_CALR_mut
GCTGAAAGTTTAGTTGAAGTAGAG-1-1,TP53_CALR_het
GCTGAATAGAATGGGAAAGTAGAG-1-1,TP53_CALR_het
GCTGAATAGATAACCAAAGTAGAG-1-1,
GCTGAATAGCCAGAGCAAGTAGAG-1-1,TP53_CALR_het
GCTGAATAGCGATAACAAGTAGAG-1-1,TP53_EZH2_CALR_mut
GCTGAATAGGAAACCTAAGTAGAG-1-1,TP53_EZH2_CALR_mut
GCTGAATAGGACACGCAAGTAGAG-1-1,
GCTGAATAGGCAAGCCAAGTAGAG-1-1,ZRSR2_CALR_mut
GCTGAATAGGTTTCGCAAGTAGAG-1-1,
GCTGAATAGTTAGGCGAAGTAGAG-1-1,
GCTGACTTCAGTTAGAAAGTAGAG-1-1,ZRSR2_CALR_mut
GCTGACTTCATGCGTCAAGTAGAG-1-1,
GCTGACTTCCATCCTTAAGTAGAG-1-1,
GCTGACTTCCCTCTCAAAGTAGAG-1-1,
GCTGACTTCCTGGAAGAAGTAGAG-1-1,TP53_EZH2_CALR_mut
GCTGACTTCCTTTCTAAAGTAGAG-1-1,
GCTGACTTCGCGTTACAAGTAGAG-1-1,TP53_EZH2_CALR_mut
GCTGACTTCGTCCATAAAGTAGAG-1-1,
GCTGACTTCTAACCATAAGTAGAG-1-1,
GCTGACTTCTGGTCTAAAGTAGAG-1-1,
GCTGATGAGCACTACCAAGTAGAG-1-1,
GCTGATGAGGCGATATAAGTAGAG-1-1,
GCTGATGAGGCTGGTAAAGTAGAG-1-1,TP53_CALR_het
GCTGATGAGGGAGGCAAAGTAGAG-1-1,TP53_EZH2_CALR_mut
GCTGATGAGGGCAGTCAAGTAGAG-1-1,
GCTGATGAGGTTGCAGAAGTAGAG-1-1,TP53_EZH2_CALR_mut
GCTGATGAGGTTGCTCAAGTAGAG-1-1,TP53_CALR_het
GCTGATGAGTACGGGCAAGTAGAG-1-1,TP53_CALR_het
GCTGATGAGTAGCCTCAAGTAGAG-1-1,
GCTGATGAGTGAGGAAAAGTAGAG-1-1,
GCTGATGAGTTATTGCAAGTAGAG-1-1,
GCTGCTCCAACTAAGTAAGTAGAG-1-1,
GCTGCTCCAAGGTGTCAAGTAGAG-1-1,TP53_CALR_het
GCTGCTCCAAGTCGCGAAGTAGAG-1-1,TP53_CALR_het
GCTGCTCCAGCTGCTCAAGTAGAG-1-1,TP53_CALR_het
GCTGCTCCAGGCTATAAAGTAGAG-1-1,
GCTGCTCCATGCGGATAAGTAGAG-1-1,
GCTGGATCAAAGCTCAAAGTAGAG-1-1,TP53_CALR_het
GCTGGATCAACAAGTTAAGTAGAG-1-1,TP53_CALR_het
GCTGGATCAACTTCGTAAGTAGAG-1-1,
GCTGGATCAATCCACTAAGTAGAG-1-1,TP53_CALR_het
GCTGGATCAATTGAGTAAGTAGAG-1-1,
GCTGGATCACCTTCTCAAGTAGAG-1-1,
GCTGGATCACGGTCGAAAGTAGAG-1-1,ZRSR2_CALR_mut
GCTGGATCAGATAACTAAGTAGAG-1-1,
GCTGGATCATAGACCAAAGTAGAG-1-1,
GCTGGATCATCCGGAGAAGTAGAG-1-1,
GCTGGATCATGGATTGAAGTAGAG-1-1,TP53_EZH2_CALR_mut
GCTGGATCATTGAGATAAGTAGAG-1-1,TP53_EZH2_CALR_mut
GCTGGGTAGCCATCACAAGTAGAG-1-1,TP53_EZH2_CALR_mut
GCTGGGTAGCTTAGTTAAGTAGAG-1-1,
GCTGGGTAGGCAAGTTAAGTAGAG-1-1,
GCTGGGTAGGTGAGTTAAGTAGAG-1-1,
GCTGGTAAGCTTGAGGAAGTAGAG-1-1,
GCTGGTAAGGACAAGAAAGTAGAG-1-1,TP53_EZH2_CALR_mut
GCTGGTAAGGCAAGCCAAGTAGAG-1-1,
GCTGGTAAGGCCTCTGAAGTAGAG-1-1,ZRSR2_CALR_mut
GCTGGTAAGGCTTTATAAGTAGAG-1-1,
GCTGGTAAGTTAGGCGAAGTAGAG-1-1,TP53_CALR_het
GCTGGTAAGTTTCCAGAAGTAGAG-1-1,
GCTGTAACACCATACTAAGTAGAG-1-1,TP53_EZH2_CALR_mut
GCTGTAACACTAACGAAAGTAGAG-1-1,
GCTGTAACAGCACGTGAAGTAGAG-1-1,
GCTGTAACAGCTCGCTAAGTAGAG-1-1,ZRSR2_CALR_mut
GCTGTAACATCGGGCAAAGTAGAG-1-1,TP53_EZH2_CALR_mut
GCTGTAACATTGTGTCAAGTAGAG-1-1,TP53_CALR_het
GCTGTCAGTACCGCACAAGTAGAG-1-1,ZRSR2_CALR_mut
GCTGTCAGTAGCGGATAAGTAGAG-1-1,TP53_CALR_het
GCTGTCAGTATTTCGAAAGTAGAG-1-1,
GCTGTCAGTCATTACAAAGTAGAG-1-1,TP53_CALR_het
GCTGTCAGTCGTAAAGAAGTAGAG-1-1,TP53_CALR_het
GCTGTCAGTGCAATAGAAGTAGAG-1-1,
GCTGTCAGTGTTTGTAAAGTAGAG-1-1,
GCTGTTGGTCCTCACTAAGTAGAG-1-1,TP53_CALR_het
GCTGTTGGTGACCTATAAGTAGAG-1-1,
GCTGTTGGTGGTTACTAAGTAGAG-1-1,TP53_EZH2_CALR_mut
GCTGTTGGTTCGGTCAAAGTAGAG-1-1,
GCTGTTGGTTGCACGCAAGTAGAG-1-1,
GCTGTTGGTTGTTTGAAAGTAGAG-1-1,TP53_CALR_het
GCTTACATCAACCGGAAAGTAGAG-1-1,
GCTTACATCACAGCCTAAGTAGAG-1-1,
GCTTACATCAGCACCTAAGTAGAG-1-1,
GCTTACATCGATATAGAAGTAGAG-1-1,TP53_EZH2_CALR_mut
GCTTAGCTCAATCGCCAAGTAGAG-1-1,TP53_CALR_het
GCTTAGCTCGAACGTGAAGTAGAG-1-1,TP53_EZH2_CALR_mut
GCTTAGCTCGCCTCGAAAGTAGAG-1-1,ZRSR2_CALR_mut
GCTTAGCTCTGTGACCAAGTAGAG-1-1,TP53_CALR_het
GCTTAGGAGGAAGCAAAAGTAGAG-1-1,
GCTTAGGAGGCGCGATAAGTAGAG-1-1,TP53_CALR_het
GCTTAGGAGTTACCTGAAGTAGAG-1-1,
GCTTAGTGTAACGGGTAAGTAGAG-1-1,TP53_CALR_het
GCTTAGTGTACCGTTGAAGTAGAG-1-1,
GCTTAGTGTATAGTGGAAGTAGAG-1-1,ZRSR2_CALR_mut
GCTTAGTGTGGAAGCTAAGTAGAG-1-1,
GCTTAGTGTGGTTATCAAGTAGAG-1-1,TP53_CALR_het
GCTTAGTGTGTGAGACAAGTAGAG-1-1,
GCTTAGTGTTGGTTACAAGTAGAG-1-1,
GCTTAGTGTTTCCTCAAAGTAGAG-1-1,TP53_EZH2_CALR_mut
GCTTAGTGTTTGTCAAAAGTAGAG-1-1,TP53_EZH2_CALR_mut
GCTTATTAGATAGCTAAAGTAGAG-1-1,
GCTTATTAGCAAAGCTAAGTAGAG-1-1,TP53_CALR_het
GCTTATTAGCATCTTGAAGTAGAG-1-1,
GCTTATTAGCCCTGATAAGTAGAG-1-1,
GCTTATTAGGCAAGTTAAGTAGAG-1-1,TP53_CALR_het
GCTTATTAGGTGTCCTAAGTAGAG-1-1,
GCTTATTAGTAAGCTAAAGTAGAG-1-1,
GCTTATTAGTAAGTGCAAGTAGAG-1-1,
GCTTATTAGTGCAACGAAGTAGAG-1-1,TP53_EZH2_CALR_mut
GCTTATTAGTTAACAGAAGTAGAG-1-1,
GCTTATTAGTTATCCGAAGTAGAG-1-1,
GCTTATTAGTTATTGCAAGTAGAG-1-1,TP53_EZH2_CALR_mut
GCTTATTAGTTTCCAGAAGTAGAG-1-1,TP53_CALR_het
GCTTCATCAAACCCAAAAGTAGAG-1-1,TP53_EZH2_CALR_het
GCTTCATCAACTAAGTAAGTAGAG-1-1,
GCTTCATCAGCTCATTAAGTAGAG-1-1,
GCTTCATCAGGCTGTGAAGTAGAG-1-1,
GCTTCATCAGGTGACTAAGTAGAG-1-1,
GCTTCATCAGTGAGGAAAGTAGAG-1-1,
GCTTCATCATATTTCGAAGTAGAG-1-1,TP53_CALR_het
GCTTCGGTCAAAGGGAAAGTAGAG-1-1,TP53_EZH2_CALR_mut
GCTTCGGTCACACAAAAAGTAGAG-1-1,
GCTTCGGTCACAGATAAAGTAGAG-1-1,
GCTTCGGTCATTAGTCAAGTAGAG-1-1,TP53_CALR_het
GCTTCGGTCATTGAAGAAGTAGAG-1-1,TP53_CALR_het
GCTTCGGTCGACTTTGAAGTAGAG-1-1,TP53_EZH2_CALR_mut
GCTTCGGTCTATGGCCAAGTAGAG-1-1,TP53_EZH2_CALR_mut
GCTTCGGTCTATTGCGAAGTAGAG-1-1,TP53_CALR_het
GCTTCTAAGCAAAGCTAAGTAGAG-1-1,
GCTTCTAAGCAATCGGAAGTAGAG-1-1,
GCTTCTAAGCTTACTGAAGTAGAG-1-1,
GCTTCTAAGGTAAGTCAAGTAGAG-1-1,
GCTTCTAAGGTAATTGAAGTAGAG-1-1,
GCTTCTAAGTAATTGGAAGTAGAG-1-1,
GCTTCTAAGTTGCGGAAAGTAGAG-1-1,TP53_CALR_het
GCTTGAACAACAAAGAAAGTAGAG-1-1,TP53_CALR_het
GCTTGAACAACAAGCCAAGTAGAG-1-1,TP53_EZH2_CALR_mut
GCTTGAACAAGCTCAAAAGTAGAG-1-1,TP53_CALR_het
GCTTGAACACATTGAGAAGTAGAG-1-1,TP53_EZH2_CALR_mut
GCTTGAACACCTTCTCAAGTAGAG-1-1,
GCTTGAACATCCGCTAAAGTAGAG-1-1,
GCTTGAACATTGACTCAAGTAGAG-1-1,TP53_CALR_het
GCTTGATGTAACCCATAAGTAGAG-1-1,TP53_CALR_het
GCTTGATGTATGTGAGAAGTAGAG-1-1,TP53_CALR_het
GCTTGATGTCACCAGCAAGTAGAG-1-1,
GCTTGATGTGAACCAAAAGTAGAG-1-1,TP53_CALR_het
GCTTGATGTGGTTAAGAAGTAGAG-1-1,TP53_CALR_het
GCTTGATGTTGACCCAAAGTAGAG-1-1,
GCTTGATGTTGAGTCTAAGTAGAG-1-1,TP53_CALR_het
GCTTGCGTCATCAGCCAAGTAGAG-1-1,
GCTTGCGTCCTGATCAAAGTAGAG-1-1,TP53_CALR_het
GCTTGCGTCCTTGTTCAAGTAGAG-1-1,
GCTTGCGTCGTAACTTAAGTAGAG-1-1,TP53_CALR_het
GCTTGCGTCGTCAACCAAGTAGAG-1-1,TP53_EZH2_CALR_mut
GCTTGCGTCTAATGAGAAGTAGAG-1-1,TP53_CALR_het
GCTTGCGTCTATTGGTAAGTAGAG-1-1,
GCTTGGTTCAGCACCTAAGTAGAG-1-1,
GCTTGGTTCAGGTTGGAAGTAGAG-1-1,
GCTTGGTTCCCTGGATAAGTAGAG-1-1,
GCTTGGTTCCTGCAACAAGTAGAG-1-1,
GCTTGGTTCCTTTGGAAAGTAGAG-1-1,
GCTTGGTTCTAAATCCAAGTAGAG-1-1,TP53_EZH2_CALR_mut
GCTTGGTTCTCGCCTCAAGTAGAG-1-1,
GCTTGGTTCTGGAACGAAGTAGAG-1-1,
GCTTGTTCAAGACATTAAGTAGAG-1-1,
GCTTGTTCACATGAATAAGTAGAG-1-1,
GCTTGTTCACCACACCAAGTAGAG-1-1,TP53_EZH2_CALR_mut
GCTTGTTCACTAAGCAAAGTAGAG-1-1,
GCTTGTTCAGGCGAAAAAGTAGAG-1-1,
GCTTGTTCATCATGCTAAGTAGAG-1-1,
GCTTGTTCATCTATCAAAGTAGAG-1-1,TP53_CALR_het
GCTTGTTCATTGAGATAAGTAGAG-1-1,TP53_CALR_het
GCTTGTTCATTGTGTCAAGTAGAG-1-1,
GCTTTCAAGAATGGGAAAGTAGAG-1-1,ZRSR2_CALR_mut
GCTTTCAAGAGGATAGAAGTAGAG-1-1,
GCTTTCAAGCTCAAGGAAGTAGAG-1-1,TP53_EZH2_CALR_mut
GCTTTCAAGCTTACATAAGTAGAG-1-1,TP53_CALR_het
GCTTTCAAGGTTGTAAAAGTAGAG-1-1,TP53_EZH2_CALR_mut
GCTTTCAAGTCACACCAAGTAGAG-1-1,TP53_CALR_het
GCTTTCAAGTGAATCAAAGTAGAG-1-1,TP53_CALR_het
GCTTTCAAGTGTAATGAAGTAGAG-1-1,
GCTTTCAAGTTTGACTAAGTAGAG-1-1,TP53_EZH2_CALR_mut
GCTTTGTCAAGGCGTTAAGTAGAG-1-1,TP53_EZH2_CALR_mut
GCTTTGTCAGCACGTGAAGTAGAG-1-1,
GCTTTGTCAGCTACCCAAGTAGAG-1-1,TP53_CALR_het
GCTTTGTCATGACCAAAAGTAGAG-1-1,TP53_CALR_het
GCTTTGTCATTCTGTAAAGTAGAG-1-1,
GCTTTGTCATTGGGTAAAGTAGAG-1-1,
GGAAATTGTAATAGGTAAGTAGAG-1-1,
GGAAATTGTACTTAGCAAGTAGAG-1-1,
GGAAATTGTAGCTTGTAAGTAGAG-1-1,
GGAAATTGTATGTGAGAAGTAGAG-1-1,
GGAAATTGTCCTCCTGAAGTAGAG-1-1,
GGAAATTGTGACCTGCAAGTAGAG-1-1,TP53_CALR_het
GGAAATTGTGATTAGGAAGTAGAG-1-1,
GGAAATTGTTAAGTCCAAGTAGAG-1-1,
GGAACAAAGCGTGCTTAAGTAGAG-1-1,
GGAACAAAGCTCCCTCAAGTAGAG-1-1,TP53_CALR_het
GGAACAAAGCTTCTAGAAGTAGAG-1-1,TP53_CALR_het
GGAACAAAGGAAACCTAAGTAGAG-1-1,
GGAACAAAGGCTGGTAAAGTAGAG-1-1,
GGAACAAAGGGTTATAAAGTAGAG-1-1,TP53_EZH2_CALR_mut
GGAACAAAGTAGCCTCAAGTAGAG-1-1,TP53_CALR_het
GGAACAAAGTGCAACGAAGTAGAG-1-1,
GGAACATTCAAAGGCTAAGTAGAG-1-1,
GGAACATTCAACCTCAAAGTAGAG-1-1,
GGAACATTCACAATGAAAGTAGAG-1-1,TP53_CALR_het
GGAACATTCACTGTCAAAGTAGAG-1-1,
GGAACATTCAGGCCAAAAGTAGAG-1-1,TP53_CALR_het
GGAACATTCCACAACCAAGTAGAG-1-1,
GGAACATTCCCATTGAAAGTAGAG-1-1,TP53_CALR_het
GGAACATTCCCGTTCCAAGTAGAG-1-1,
GGAACATTCCTCTAAGAAGTAGAG-1-1,
GGAACATTCGCTCAGTAAGTAGAG-1-1,TP53_CALR_het
GGAACATTCGTTCAATAAGTAGAG-1-1,TP53_CALR_het
GGAACATTCTGTGACCAAGTAGAG-1-1,
GGAACCATCAAAGGCTAAGTAGAG-1-1,ZRSR2_CALR_mut
GGAACCATCAACCGCTAAGTAGAG-1-1,
GGAACCATCAACCTCAAAGTAGAG-1-1,
GGAACCATCACCACACAAGTAGAG-1-1,
GGAACCATCACTGTCAAAGTAGAG-1-1,ZRSR2_CALR_mut
GGAACCATCATAGGTAAAGTAGAG-1-1,TP53_CALR_het
GGAACCATCCATAACTAAGTAGAG-1-1,
GGAACCATCCTGGATCAAGTAGAG-1-1,
GGAACCGGTACGTTCGAAGTAGAG-1-1,
GGAACCGGTACTGCCAAAGTAGAG-1-1,
GGAACCGGTATGGTGAAAGTAGAG-1-1,TP53_EZH2_CALR_mut
GGAACCGGTCGAAGGTAAGTAGAG-1-1,
GGAACCGGTCTCACTCAAGTAGAG-1-1,TP53_EZH2_CALR_mut
GGAACCGGTGTTAGAGAAGTAGAG-1-1,
GGAACCGGTTCAAGCTAAGTAGAG-1-1,
GGAACCGGTTCCAGCAAAGTAGAG-1-1,TP53_EZH2_CALR_mut
GGAACCGGTTGAATCCAAGTAGAG-1-1,TP53_CALR_het
GGAACCGGTTGTTGGTAAGTAGAG-1-1,
GGAACCGGTTTCACCCAAGTAGAG-1-1,TP53_EZH2_CALR_mut
GGAACCTCAAGATAAGAAGTAGAG-1-1,TP53_CALR_het
GGAACCTCAAGCTAATAAGTAGAG-1-1,
GGAACCTCAATGAATCAAGTAGAG-1-1,
GGAACCTCACAACAATAAGTAGAG-1-1,
GGAACCTCACTAACGAAAGTAGAG-1-1,
GGAACCTCAGGTCAACAAGTAGAG-1-1,
GGAACCTCATGTTTCAAAGTAGAG-1-1,
GGAACTAGTATTGCGTAAGTAGAG-1-1,
GGAACTAGTGAAGCACAAGTAGAG-1-1,
GGAACTAGTGCACAAAAAGTAGAG-1-1,TP53_CALR_het
GGAACTAGTGCTTCGAAAGTAGAG-1-1,
GGAACTAGTGTTTGGTAAGTAGAG-1-1,ZRSR2_CALR_mut
GGAACTAGTTGGGTTTAAGTAGAG-1-1,TP53_EZH2_CALR_mut
GGAACTAGTTGTCCAGAAGTAGAG-1-1,TP53_CALR_het
GGAAGCCTCAAACCGGAAGTAGAG-1-1,
GGAAGCCTCACATTCGAAGTAGAG-1-1,TP53_EZH2_CALR_mut
GGAAGCCTCCAAACGGAAGTAGAG-1-1,
GGAAGCCTCCGCAATCAAGTAGAG-1-1,
GGAAGCCTCCGCCATGAAGTAGAG-1-1,
GGAAGCCTCGGCTAAGAAGTAGAG-1-1,
GGAAGCCTCGTTGCACAAGTAGAG-1-1,TP53_EZH2_CALR_mut
GGAAGTAAGAATGGGAAAGTAGAG-1-1,TP53_CALR_het
GGAAGTAAGACCTTGCAAGTAGAG-1-1,
GGAAGTAAGAGGCGGAAAGTAGAG-1-1,
GGAAGTAAGCTGATGGAAGTAGAG-1-1,
GGAAGTAAGCTTCCTTAAGTAGAG-1-1,TP53_CALR_het
GGAAGTAAGGCCAACAAAGTAGAG-1-1,
GGAAGTTTCAGGCATGAAGTAGAG-1-1,TP53_CALR_het
GGAAGTTTCATGCATTAAGTAGAG-1-1,TP53_CALR_het
GGAAGTTTCATTATGCAAGTAGAG-1-1,
GGAAGTTTCCCAGACTAAGTAGAG-1-1,
GGAAGTTTCGGTCAAGAAGTAGAG-1-1,TP53_CALR_het
GGAAGTTTCGTCCATAAAGTAGAG-1-1,
GGAAGTTTCTCAGCTAAAGTAGAG-1-1,
GGAAGTTTCTTTAAGCAAGTAGAG-1-1,
GGAATAACAACGACTAAAGTAGAG-1-1,ZRSR2_CALR_mut
GGAATAACACGGGCTAAAGTAGAG-1-1,
GGAATAACACGGTCGAAAGTAGAG-1-1,
GGAATAACACTCAATCAAGTAGAG-1-1,TP53_CALR_het
GGAATAACATGCGGATAAGTAGAG-1-1,
GGAATAACATTTGGAGAAGTAGAG-1-1,
GGAATCTAGAAGTAGGAAGTAGAG-1-1,ZRSR2_CALR_mut
GGAATCTAGGCCATTCAAGTAGAG-1-1,
GGAATCTAGTTTCGGCAAGTAGAG-1-1,
GGAATCTAGTTTGGTTAAGTAGAG-1-1,TP53_CALR_het
GGACATAGTAGCCATTAAGTAGAG-1-1,
GGACATAGTAGTAACGAAGTAGAG-1-1,
GGACATAGTATGGTGAAAGTAGAG-1-1,
GGACATAGTATTCAGCAAGTAGAG-1-1,
GGACATAGTGCAGCTCAAGTAGAG-1-1,
GGACATCCAAATAAGGAAGTAGAG-1-1,
GGACATCCAACAAAGAAAGTAGAG-1-1,
GGACATCCAAGTTTCCAAGTAGAG-1-1,
GGACATCCACTAGCGGAAGTAGAG-1-1,
GGACATCCAGGTCAACAAGTAGAG-1-1,TP53_CALR_het
GGACATCCAGTAAGGGAAGTAGAG-1-1,
GGACATCCATACTTGCAAGTAGAG-1-1,TP53_CALR_het
GGACATCCATCCGTCAAAGTAGAG-1-1,TP53_CALR_het
GGACATCCATGAGTCAAAGTAGAG-1-1,TP53_CALR_het
GGACCAGGTAGCCATTAAGTAGAG-1-1,TP53_CALR_het
GGACCAGGTATGGTCTAAGTAGAG-1-1,TP53_CALR_het
GGACCAGGTATTGTCAAAGTAGAG-1-1,
GGACCAGGTCCAATACAAGTAGAG-1-1,TP53_CALR_het
GGACCAGGTCCGCTAAAAGTAGAG-1-1,
GGACCAGGTGCTCCTTAAGTAGAG-1-1,
GGACCAGGTGTTAGTCAAGTAGAG-1-1,TP53_CALR_het
GGACCAGGTTAACGTCAAGTAGAG-1-1,
GGACCAGGTTAGCTCGAAGTAGAG-1-1,TP53_CALR_het
GGACCAGGTTTACCGGAAGTAGAG-1-1,ZRSR2_CALR_mut
GGACCAGGTTTCGCCTAAGTAGAG-1-1,TP53_CALR_het
GGACCCACAAACTTGGAAGTAGAG-1-1,TP53_CALR_het
GGACCCACAATCAAACAAGTAGAG-1-1,
GGACCCACAATCATCCAAGTAGAG-1-1,
GGACCCACACACCCACAAGTAGAG-1-1,TP53_CALR_het
GGACCCACAGCCTTCAAAGTAGAG-1-1,
GGACCCACAGCTCATTAAGTAGAG-1-1,TP53_CALR_het
GGACCCACAGTTGCCCAAGTAGAG-1-1,TP53_EZH2_CALR_mut
GGACCCACATCGGGCAAAGTAGAG-1-1,ZRSR2_CALR_mut
GGACCCACATTACTTGAAGTAGAG-1-1,TP53_CALR_het
GGACCCACATTGAAGTAAGTAGAG-1-1,TP53_EZH2_CALR_mut
GGACCTGCAAACCTGAAAGTAGAG-1-1,TP53_EZH2_CALR_mut
GGACCTGCAAGATGCCAAGTAGAG-1-1,
GGACCTGCAAGTTCCTAAGTAGAG-1-1,
GGACCTGCAATCGTTCAAGTAGAG-1-1,
GGACCTGCAATTGCGAAAGTAGAG-1-1,
GGACCTGCACCATCATAAGTAGAG-1-1,
GGACCTGCACCGGTAGAAGTAGAG-1-1,ZRSR2_CALR_mut
GGACCTGCACTGTCATAAGTAGAG-1-1,TP53_CALR_het
GGACCTGCAGCTCGCTAAGTAGAG-1-1,TP53_CALR_het
GGACCTGCAGGTATATAAGTAGAG-1-1,
GGACCTGCATAGACCAAAGTAGAG-1-1,
GGACCTGCATAGACGCAAGTAGAG-1-1,TP53_CALR_het
GGACCTGCATGCCTCAAAGTAGAG-1-1,
GGACCTTTCAACCAAAAAGTAGAG-1-1,
GGACCTTTCACGTTCAAAGTAGAG-1-1,
GGACCTTTCAGCGAATAAGTAGAG-1-1,
GGACCTTTCAGGCCTTAAGTAGAG-1-1,TP53_EZH2_CALR_mut
GGACCTTTCATGGAACAAGTAGAG-1-1,TP53_CALR_het
GGACCTTTCCGTTAGCAAGTAGAG-1-1,
GGACCTTTCGATATGAAAGTAGAG-1-1,TP53_EZH2_CALR_mut
GGACCTTTCGCATTTGAAGTAGAG-1-1,
GGACCTTTCTCAAGAAAAGTAGAG-1-1,TP53_CALR_het
GGACCTTTCTTGATCGAAGTAGAG-1-1,TP53_CALR_het
GGACTAAGTAAAGCATAAGTAGAG-1-1,TP53_EZH2_CALR_mut
GGACTAAGTAAAGGCCAAGTAGAG-1-1,TP53_CALR_het
GGACTAAGTACGTAAGAAGTAGAG-1-1,TP53_CALR_het
GGACTAAGTAGGAGGAAAGTAGAG-1-1,ZRSR2_CALR_mut
GGACTAAGTATGTTGCAAGTAGAG-1-1,TP53_CALR_het
GGACTAAGTATGTTTGAAGTAGAG-1-1,
GGACTAAGTCATGAAGAAGTAGAG-1-1,
GGACTAAGTCGCAACCAAGTAGAG-1-1,
GGACTAAGTCTGTCAGAAGTAGAG-1-1,TP53_CALR_het
GGACTAAGTGCTCATGAAGTAGAG-1-1,
GGACTAAGTTCGAATCAAGTAGAG-1-1,TP53_CALR_het
GGACTAAGTTGTTGGTAAGTAGAG-1-1,
GGACTAAGTTTACGACAAGTAGAG-1-1,
GGACTTACAATCATCCAAGTAGAG-1-1,
GGACTTACACATGCTTAAGTAGAG-1-1,TP53_CALR_het
GGACTTACACCTACTGAAGTAGAG-1-1,TP53_CALR_het
GGACTTACACCTTTGGAAGTAGAG-1-1,
GGACTTACACTATGTCAAGTAGAG-1-1,
GGACTTACATACCTTAAAGTAGAG-1-1,
GGACTTACATACTTCAAAGTAGAG-1-1,
GGAGCATGTACCGCACAAGTAGAG-1-1,TP53_CALR_het
GGAGCATGTCCTTCGTAAGTAGAG-1-1,
GGAGCATGTGAGAAGGAAGTAGAG-1-1,
GGAGCATGTTCGATGTAAGTAGAG-1-1,ZRSR2_CALR_mut
GGAGCATGTTGCCTGAAAGTAGAG-1-1,
GGAGCGAAGGGTTTCCAAGTAGAG-1-1,TP53_CALR_het
GGAGCGAAGGTCACTCAAGTAGAG-1-1,
GGAGCGAAGTCAGGCAAAGTAGAG-1-1,ZRSR2_CALR_mut
GGAGCGAAGTCGTTCAAAGTAGAG-1-1,TP53_CALR_het
GGAGCGAAGTTACATCAAGTAGAG-1-1,TP53_EZH2_CALR_mut
GGAGCTATCAAGTTTCAAGTAGAG-1-1,
GGAGCTATCAGTTTACAAGTAGAG-1-1,TP53_CALR_het
GGAGCTATCATAATGGAAGTAGAG-1-1,TP53_CALR_het
GGAGCTATCCAAACGGAAGTAGAG-1-1,TP53_CALR_het
GGAGCTATCCATAACTAAGTAGAG-1-1,
GGAGCTATCCCTCTCAAAGTAGAG-1-1,TP53_CALR_het
GGAGCTATCCGAAAGTAAGTAGAG-1-1,TP53_EZH2_CALR_mut
GGAGCTATCGCCTGCAAAGTAGAG-1-1,
GGAGCTATCGCTCAGTAAGTAGAG-1-1,TP53_EZH2_CALR_mut
GGAGCTATCTGGAACGAAGTAGAG-1-1,
GGAGCTATCTGGCTACAAGTAGAG-1-1,
GGAGCTATCTGTGCACAAGTAGAG-1-1,
GGAGCTATCTTCGCTTAAGTAGAG-1-1,
GGAGGATAGACCATTTAAGTAGAG-1-1,
GGAGGATAGAGGAAATAAGTAGAG-1-1,TP53_CALR_het
GGAGGATAGAGGAGTAAAGTAGAG-1-1,
GGAGGATAGCAAACTAAAGTAGAG-1-1,
GGAGGATAGCACCTTAAAGTAGAG-1-1,TP53_CALR_het
GGAGGATAGCCATCACAAGTAGAG-1-1,TP53_EZH2_CALR_mut
GGAGGATAGCTTACTGAAGTAGAG-1-1,
GGAGGATAGTACCAGGAAGTAGAG-1-1,
GGAGGATAGTACCCACAAGTAGAG-1-1,TP53_CALR_het
GGAGGATAGTTGCGGAAAGTAGAG-1-1,
GGAGGTACAAGTTTCCAAGTAGAG-1-1,TP53_CALR_het
GGAGGTACAATTGAGTAAGTAGAG-1-1,TP53_CALR_het
GGAGGTACACAAGCGTAAGTAGAG-1-1,TP53_CALR_het
GGAGGTACAGCCTATTAAGTAGAG-1-1,TP53_CALR_het
GGAGGTACATAAGTCGAAGTAGAG-1-1,TP53_CALR_het
GGAGGTACATTGAACGAAGTAGAG-1-1,
GGAGTCATCAACATTCAAGTAGAG-1-1,ZRSR2_CALR_mut
GGAGTCATCAGGAGCCAAGTAGAG-1-1,TP53_CALR_het
GGAGTCATCATCACATAAGTAGAG-1-1,
GGAGTCATCATGGAACAAGTAGAG-1-1,
GGAGTCATCCAACTATAAGTAGAG-1-1,TP53_EZH2_CALR_mut
GGAGTCATCCCTCGCTAAGTAGAG-1-1,TP53_CALR_het
GGAGTCATCCTGCAACAAGTAGAG-1-1,TP53_CALR_het
GGAGTCATCCTTAGGCAAGTAGAG-1-1,TP53_EZH2_CALR_mut
GGAGTCATCGGTCAAGAAGTAGAG-1-1,
GGAGTCATCGTTGCACAAGTAGAG-1-1,
GGAGTCATCTAACCTGAAGTAGAG-1-1,ZRSR2_CALR_mut
GGAGTCATCTATTGACAAGTAGAG-1-1,
GGAGTCATCTTGAATCAAGTAGAG-1-1,
GGAGTCGGTAACGGGTAAGTAGAG-1-1,
GGAGTCGGTACCTCAGAAGTAGAG-1-1,TP53_CALR_het
GGAGTCGGTAGTAGGCAAGTAGAG-1-1,TP53_CALR_het
GGAGTCGGTATCCGCAAAGTAGAG-1-1,
GGAGTCGGTCCCTCATAAGTAGAG-1-1,TP53_CALR_het
GGAGTCGGTCTCAGCAAAGTAGAG-1-1,
GGAGTCTCAAACCGTAAAGTAGAG-1-1,TP53_EZH2_CALR_mut
GGAGTCTCACACTGGGAAGTAGAG-1-1,
GGAGTCTCAGATAGCCAAGTAGAG-1-1,TP53_CALR_het
GGAGTCTCATGTGGCGAAGTAGAG-1-1,
GGATAATGTAACGGGTAAGTAGAG-1-1,ZRSR2_CALR_mut
GGATAATGTAATGAACAAGTAGAG-1-1,TP53_EZH2_CALR_mut
GGATAATGTCCAGCACAAGTAGAG-1-1,ZRSR2_CALR_mut
GGATAATGTGCGGTTCAAGTAGAG-1-1,TP53_CALR_het
GGATAATGTGCTTCTCAAGTAGAG-1-1,
GGATAATGTTAGCGGGAAGTAGAG-1-1,
GGATAATGTTCAAGGAAAGTAGAG-1-1,TP53_CALR_het
GGATAATGTTGGGCGAAAGTAGAG-1-1,TP53_CALR_het
GGATAATGTTTACGACAAGTAGAG-1-1,
GGATAGGCAAATGACTAAGTAGAG-1-1,
GGATAGGCAAGGTGTCAAGTAGAG-1-1,ZRSR2_CALR_mut
GGATAGGCAATCAAGTAAGTAGAG-1-1,TP53_CALR_het
GGATAGGCACCTATCGAAGTAGAG-1-1,
GGATAGGCACGGGCTAAAGTAGAG-1-1,
GGATAGGCACTATGGAAAGTAGAG-1-1,
GGATAGGCAGATTGCAAAGTAGAG-1-1,TP53_CALR_het
GGATAGGCAGCGGATTAAGTAGAG-1-1,
GGATAGGCATTGTGAGAAGTAGAG-1-1,TP53_CALR_het
GGATAGGCATTTGTTGAAGTAGAG-1-1,
GGATATTCAAACGGTCAAGTAGAG-1-1,
GGATATTCAAATACCGAAGTAGAG-1-1,ZRSR2_CALR_mut
GGATATTCAACAAGTTAAGTAGAG-1-1,
GGATATTCAACCTGTTAAGTAGAG-1-1,TP53_CALR_het
GGATATTCAAGGTTATAAGTAGAG-1-1,TP53_EZH2_CALR_mut
GGATATTCACATAGATAAGTAGAG-1-1,
GGATATTCACTATCACAAGTAGAG-1-1,TP53_CALR_het
GGATATTCAGAAACTTAAGTAGAG-1-1,TP53_EZH2_CALR_mut
GGATATTCAGGAATAAAAGTAGAG-1-1,TP53_EZH2_CALR_mut
GGATATTCATTGGACAAAGTAGAG-1-1,ZRSR2_CALR_mut
GGATCCGCAAATACCGAAGTAGAG-1-1,
GGATCCGCAATCATCCAAGTAGAG-1-1,TP53_EZH2_CALR_mut
GGATCCGCACGGTTCCAAGTAGAG-1-1,ZRSR2_CALR_mut
GGATCCGCACGTAGGTAAGTAGAG-1-1,ZRSR2_CALR_mut
GGATCCGCAGATAACTAAGTAGAG-1-1,
GGATCCGCAGCTAGCGAAGTAGAG-1-1,ZRSR2_CALR_mut
GGATCCGCAGCTCGCTAAGTAGAG-1-1,TP53_CALR_het
GGATCCGCAGGAATAAAAGTAGAG-1-1,
GGATCCGCATCATGTCAAGTAGAG-1-1,
GGATGGCTCAACCTCAAAGTAGAG-1-1,
GGATGGCTCAACTTGTAAGTAGAG-1-1,TP53_CALR_het
GGATGGCTCAATTGGAAAGTAGAG-1-1,TP53_EZH2_CALR_mut
GGATGGCTCAATTTGCAAGTAGAG-1-1,
GGATGGCTCACTATGTAAGTAGAG-1-1,
GGATGGCTCAGGTAACAAGTAGAG-1-1,TP53_EZH2_CALR_mut
GGATGGCTCATTAGCTAAGTAGAG-1-1,TP53_CALR_het
GGATGGCTCCAAAGGTAAGTAGAG-1-1,
GGATGGCTCCTGCAACAAGTAGAG-1-1,
GGATGGCTCGTCCCGAAAGTAGAG-1-1,
GGATGGCTCTGCAACCAAGTAGAG-1-1,
GGATGTCCAACCATTCAAGTAGAG-1-1,TP53_CALR_het
GGATGTCCAAGCGAAGAAGTAGAG-1-1,
GGATGTCCACAGCCAGAAGTAGAG-1-1,TP53_CALR_het
GGATGTCCATAGCGACAAGTAGAG-1-1,
GGATGTCCATCAATCCAAGTAGAG-1-1,
GGATGTCCATTGGACAAAGTAGAG-1-1,TP53_EZH2_CALR_mut
GGATTATCAAATAGGAAAGTAGAG-1-1,
GGATTATCAATCCACTAAGTAGAG-1-1,TP53_CALR_het
GGATTATCACTCCCTTAAGTAGAG-1-1,
GGATTATCAGTGAGGAAAGTAGAG-1-1,TP53_EZH2_CALR_mut
GGATTATCATCCAAGAAAGTAGAG-1-1,
GGATTGAGTACCTTAAAAGTAGAG-1-1,
GGATTGAGTAGGTTTCAAGTAGAG-1-1,
GGATTGAGTCAGTGCCAAGTAGAG-1-1,
GGATTGAGTGAACGGTAAGTAGAG-1-1,ZRSR2_CALR_mut
GGATTGAGTGTTAGTCAAGTAGAG-1-1,TP53_EZH2_CALR_mut
GGATTGAGTGTTTGGTAAGTAGAG-1-1,
GGATTGAGTTAACCACAAGTAGAG-1-1,
GGATTGCCAACAGCTAAAGTAGAG-1-1,
GGATTGCCAAGCTAATAAGTAGAG-1-1,
GGATTGCCAGCCAGCAAAGTAGAG-1-1,
GGATTGCCAGGAGCAAAAGTAGAG-1-1,TP53_CALR_het
GGATTGCCATCACGCCAAGTAGAG-1-1,
GGATTGGTCAAGATGCAAGTAGAG-1-1,TP53_EZH2_CALR_mut
GGATTGGTCCTTTCGTAAGTAGAG-1-1,
GGATTGGTCGTCCCGAAAGTAGAG-1-1,TP53_CALR_het
GGATTGGTCTTGAAAGAAGTAGAG-1-1,TP53_CALR_het
GGCAAATTCAACTTGTAAGTAGAG-1-1,TP53_CALR_het
GGCAAATTCACAGATAAAGTAGAG-1-1,
GGCAAATTCAGCACGAAAGTAGAG-1-1,
GGCAAATTCCAAAGACAAGTAGAG-1-1,TP53_EZH2_CALR_mut
GGCAAATTCCTTATGGAAGTAGAG-1-1,TP53_EZH2_CALR_mut
GGCAACATCCTCACTTAAGTAGAG-1-1,TP53_EZH2_CALR_mut
GGCAACATCCTGGAAGAAGTAGAG-1-1,TP53_CALR_het
GGCAACATCCTGGTTAAAGTAGAG-1-1,
GGCAACATCGAACCGAAAGTAGAG-1-1,TP53_CALR_het
GGCAACATCGACTTTGAAGTAGAG-1-1,
GGCAACATCGCATTTGAAGTAGAG-1-1,TP53_EZH2_CALR_mut
GGCAACATCGCTATATAAGTAGAG-1-1,
GGCAACATCTAATGGAAAGTAGAG-1-1,
GGCAAGCTCAAGCGATAAGTAGAG-1-1,TP53_EZH2_CALR_mut
GGCAAGCTCCGGCTCAAAGTAGAG-1-1,
GGCAAGCTCCGTTAGCAAGTAGAG-1-1,TP53_EZH2_CALR_mut
GGCAAGCTCTGTGCACAAGTAGAG-1-1,TP53_EZH2_CALR_het
GGCAAGCTCTTAATGCAAGTAGAG-1-1,
GGCAAGTGTAAGAATCAAGTAGAG-1-1,
GGCAAGTGTACACCCAAAGTAGAG-1-1,TP53_CALR_het
GGCAAGTGTCCCTCATAAGTAGAG-1-1,
GGCAAGTGTCGTCCAAAAGTAGAG-1-1,ZRSR2_CALR_mut
GGCAAGTGTGCGCAAGAAGTAGAG-1-1,
GGCAAGTGTGTTAGTCAAGTAGAG-1-1,ZRSR2_CALR_mut
GGCAAGTGTTAGGCGGAAGTAGAG-1-1,TP53_CALR_het
GGCAAGTGTTAGGCTTAAGTAGAG-1-1,
GGCAATAGTCGTAAAGAAGTAGAG-1-1,
GGCAATAGTCTTACTTAAGTAGAG-1-1,
GGCAATAGTGAACGACAAGTAGAG-1-1,TP53_CALR_het
GGCAATAGTGCTGATTAAGTAGAG-1-1,
GGCAATAGTTAGTAGGAAGTAGAG-1-1,
GGCAATAGTTCGATGTAAGTAGAG-1-1,TP53_EZH2_CALR_mut
GGCAATAGTTGAGTCTAAGTAGAG-1-1,
GGCAATAGTTGGGCGAAAGTAGAG-1-1,
GGCAATAGTTTGCTCCAAGTAGAG-1-1,ZRSR2_CALR_mut
GGCAATCCAATAAGGAAAGTAGAG-1-1,
GGCAATCCAATACCCTAAGTAGAG-1-1,
GGCAATCCAGAAAGGTAAGTAGAG-1-1,
GGCAATCCAGGTCAACAAGTAGAG-1-1,ZRSR2_CALR_mut
GGCAATCCATAACCGAAAGTAGAG-1-1,TP53_CALR_het
GGCACAATCAAGATGCAAGTAGAG-1-1,TP53_EZH2_CALR_mut
GGCACAATCACTGTCAAAGTAGAG-1-1,
GGCACAATCAGGTAACAAGTAGAG-1-1,TP53_CALR_het
GGCACAATCTCCATCTAAGTAGAG-1-1,TP53_EZH2_CALR_mut
GGCACAATCTTCGCTTAAGTAGAG-1-1,
GGCACGTAGACAAAGGAAGTAGAG-1-1,
GGCACGTAGCCCTGATAAGTAGAG-1-1,ZRSR2_CALR_mut
GGCACGTAGCCTGGTTAAGTAGAG-1-1,TP53_CALR_het
GGCACGTAGCCTTAATAAGTAGAG-1-1,TP53_CALR_het
GGCACGTAGGAAACTCAAGTAGAG-1-1,TP53_CALR_het
GGCACGTAGTCAATAGAAGTAGAG-1-1,
GGCACGTAGTGCCCTGAAGTAGAG-1-1,
GGCACTAAGACCATTTAAGTAGAG-1-1,TP53_EZH2_CALR_mut
GGCACTAAGATAACCAAAGTAGAG-1-1,TP53_CALR_het
GGCACTAAGCACCTTAAAGTAGAG-1-1,
GGCACTAAGCTATATCAAGTAGAG-1-1,TP53_EZH2_CALR_mut
GGCACTAAGGAGCCGTAAGTAGAG-1-1,TP53_EZH2_CALR_mut
GGCACTAAGGCAAGCCAAGTAGAG-1-1,ZRSR2_CALR_mut
GGCACTAAGGCAGGCTAAGTAGAG-1-1,
GGCACTAAGGCTCCATAAGTAGAG-1-1,
GGCACTAAGGCTGTGAAAGTAGAG-1-1,TP53_EZH2_CALR_mut
GGCACTAAGGTATGGTAAGTAGAG-1-1,
GGCACTAAGTCTTGCAAAGTAGAG-1-1,
GGCACTAAGTTACCTGAAGTAGAG-1-1,TP53_CALR_het
GGCAGGTTCACAGATAAAGTAGAG-1-1,ZRSR2_CALR_mut
GGCAGGTTCGACTCACAAGTAGAG-1-1,
GGCAGGTTCGCCTAACAAGTAGAG-1-1,
GGCAGGTTCTATCACGAAGTAGAG-1-1,
GGCAGGTTCTGGTCTAAAGTAGAG-1-1,
GGCATGATCACGTTATAAGTAGAG-1-1,TP53_CALR_het
GGCATGATCACTAGGGAAGTAGAG-1-1,
GGCATGATCAGGCAATAAGTAGAG-1-1,TP53_CALR_het
GGCATGATCGGTTCACAAGTAGAG-1-1,ZRSR2_CALR_mut
GGCATGATCTGCAACCAAGTAGAG-1-1,
GGCATGATCTGGTCTAAAGTAGAG-1-1,
GGCATGATCTGTGATTAAGTAGAG-1-1,TP53_CALR_het
GGCATGATCTTAATGCAAGTAGAG-1-1,
GGCATGTCAAGATGCCAAGTAGAG-1-1,
GGCATGTCAAGGGTCTAAGTAGAG-1-1,ZRSR2_CALR_mut
GGCATGTCAATACTGGAAGTAGAG-1-1,
GGCATGTCACCGGCAAAAGTAGAG-1-1,
GGCATGTCAGCTTAAGAAGTAGAG-1-1,
GGCATGTCATAAGCCAAAGTAGAG-1-1,TP53_CALR_het
GGCATGTCATAGTCAGAAGTAGAG-1-1,TP53_CALR_het
GGCATGTCATCCGGAGAAGTAGAG-1-1,TP53_EZH2_CALR_mut
GGCATTACAATTCGGAAAGTAGAG-1-1,TP53_CALR_het
GGCATTACAGGTATATAAGTAGAG-1-1,TP53_CALR_het
GGCATTTGTAGCTTGTAAGTAGAG-1-1,
GGCATTTGTCCACAATAAGTAGAG-1-1,ZRSR2_CALR_mut
GGCATTTGTCCGCTAAAAGTAGAG-1-1,TP53_CALR_het
GGCATTTGTCGTTCGAAAGTAGAG-1-1,
GGCATTTGTTAGGTAGAAGTAGAG-1-1,
GGCATTTGTTGAATCCAAGTAGAG-1-1,TP53_EZH2_CALR_mut
GGCATTTGTTGTTGGTAAGTAGAG-1-1,
GGCCAAATCAACCGCTAAGTAGAG-1-1,TP53_CALR_het
GGCCAAATCAGGTTAAAAGTAGAG-1-1,
GGCCAAATCGAAGCATAAGTAGAG-1-1,
GGCCAAATCGCCTCGAAAGTAGAG-1-1,
GGCCAAATCGCGAGTAAAGTAGAG-1-1,
GGCCAAATCTAGCCTAAAGTAGAG-1-1,ZRSR2_CALR_mut
GGCCAAATCTGTCAATAAGTAGAG-1-1,TP53_EZH2_CALR_mut
GGCCAAATCTTGATCGAAGTAGAG-1-1,TP53_CALR_het
GGCCAGTAGGTTAGCGAAGTAGAG-1-1,
GGCCAGTAGGTTCTTGAAGTAGAG-1-1,ZRSR2_CALR_mut
GGCCAGTAGTAAACCAAAGTAGAG-1-1,
GGCCAGTAGTCGAAGTAAGTAGAG-1-1,
GGCCAGTAGTCTGTGCAAGTAGAG-1-1,TP53_CALR_het
GGCCATCGTAGACTGAAAGTAGAG-1-1,
GGCCATCGTCAATTGCAAGTAGAG-1-1,TP53_EZH2_CALR_mut
GGCCATCGTCGGTTATAAGTAGAG-1-1,TP53_CALR_het
GGCCATCGTGCATCGCAAGTAGAG-1-1,
GGCCATCGTGCGGCTTAAGTAGAG-1-1,
GGCCATCGTGGATGCGAAGTAGAG-1-1,
GGCCATCGTTAAGGCAAAGTAGAG-1-1,
GGCCATCGTTACTTCTAAGTAGAG-1-1,
GGCCATCGTTGCGCTAAAGTAGAG-1-1,
GGCCATTTCAAAGGCTAAGTAGAG-1-1,ZRSR2_CALR_mut
GGCCATTTCACAGGGCAAGTAGAG-1-1,TP53_CALR_het
GGCCATTTCACTGTCAAAGTAGAG-1-1,TP53_CALR_het
GGCCATTTCAGGCCTTAAGTAGAG-1-1,
GGCCATTTCCAAACGGAAGTAGAG-1-1,
GGCCATTTCCTAAATCAAGTAGAG-1-1,
GGCCATTTCGCCTATAAAGTAGAG-1-1,TP53_EZH2_CALR_mut
GGCCATTTCGCTTGACAAGTAGAG-1-1,
GGCCGTTGTAAGTCGAAAGTAGAG-1-1,TP53_CALR_het
GGCCGTTGTAGTAACGAAGTAGAG-1-1,
GGCCGTTGTGAACGGTAAGTAGAG-1-1,TP53_CALR_het
GGCCGTTGTGCATTACAAGTAGAG-1-1,TP53_EZH2_CALR_mut
GGCCGTTGTGCGTACCAAGTAGAG-1-1,
GGCCTAAAGAAGTACCAAGTAGAG-1-1,
GGCCTAAAGATGCAACAAGTAGAG-1-1,
GGCCTAAAGGATGGTTAAGTAGAG-1-1,TP53_EZH2_CALR_mut
GGCCTAAAGGCGGATCAAGTAGAG-1-1,
GGCCTAAAGTTACCCAAAGTAGAG-1-1,
GGCCTATTCAACTTGTAAGTAGAG-1-1,TP53_EZH2_CALR_mut
GGCCTATTCACCTAATAAGTAGAG-1-1,ZRSR2_CALR_mut
GGCCTATTCAGGGATTAAGTAGAG-1-1,TP53_CALR_het
GGCCTATTCATTACCGAAGTAGAG-1-1,
GGCCTATTCCTTATGGAAGTAGAG-1-1,TP53_EZH2_CALR_mut
GGCCTATTCTAACCATAAGTAGAG-1-1,
GGCCTATTCTCAAACTAAGTAGAG-1-1,ZRSR2_CALR_mut
GGCCTATTCTTCGCTTAAGTAGAG-1-1,
GGCCTTTAGAGCAATCAAGTAGAG-1-1,ZRSR2_CALR_mut
GGCCTTTAGCGAATGTAAGTAGAG-1-1,TP53_EZH2_CALR_mut
GGCCTTTAGCGCTCCAAAGTAGAG-1-1,TP53_CALR_het
GGCCTTTAGCTGATTTAAGTAGAG-1-1,TP53_EZH2_CALR_mut
GGCCTTTAGTCGCGAAAAGTAGAG-1-1,
GGCGAAACAAATACCGAAGTAGAG-1-1,TP53_EZH2_CALR_mut
GGCGAAACAATACTGGAAGTAGAG-1-1,
GGCGAAACACATAAACAAGTAGAG-1-1,TP53_CALR_het
GGCGAAACAGCTTAAGAAGTAGAG-1-1,TP53_CALR_het
GGCGAAACAGTGAGGAAAGTAGAG-1-1,
GGCGAATGTAGCCATTAAGTAGAG-1-1,
GGCGAATGTAGGTGACAAGTAGAG-1-1,
GGCGAATGTATGGTAGAAGTAGAG-1-1,TP53_EZH2_CALR_mut
GGCGAATGTATTGCGTAAGTAGAG-1-1,ZRSR2_CALR_mut
GGCGAATGTATTTGTGAAGTAGAG-1-1,
GGCGAATGTCACAGGGAAGTAGAG-1-1,
GGCGAATGTCAGGATAAAGTAGAG-1-1,
GGCGAATGTCCATTAAAAGTAGAG-1-1,
GGCGAATGTCGTAACTAAGTAGAG-1-1,
GGCGAATGTCGTTATAAAGTAGAG-1-1,TP53_EZH2_CALR_mut
GGCGAATGTTGTGACTAAGTAGAG-1-1,
GGCGAATGTTTGCTCCAAGTAGAG-1-1,
GGCGATTCAAGCGAAGAAGTAGAG-1-1,
GGCGATTCAAGTGGCTAAGTAGAG-1-1,
GGCGATTCACAGCCAGAAGTAGAG-1-1,
GGCGATTCATAGCCGGAAGTAGAG-1-1,ZRSR2_CALR_mut
GGCGCAAGTAAAGGCCAAGTAGAG-1-1,
GGCGCAAGTAGGTTTCAAGTAGAG-1-1,TP53_CALR_het
GGCGCAAGTATTACCAAAGTAGAG-1-1,
GGCGCAAGTATTCGGTAAGTAGAG-1-1,TP53_CALR_het
GGCGCAAGTATTTCGAAAGTAGAG-1-1,ZRSR2_CALR_mut
GGCGCAAGTCAATACCAAGTAGAG-1-1,TP53_EZH2_CALR_mut
GGCGCAAGTCCATTAAAAGTAGAG-1-1,TP53_CALR_het
GGCGCAAGTCCCTCTGAAGTAGAG-1-1,TP53_CALR_het
GGCGCAAGTGTGAGTAAAGTAGAG-1-1,
GGCGCAAGTTAATTCGAAGTAGAG-1-1,
GGCGCAAGTTAGCATCAAGTAGAG-1-1,TP53_EZH2_CALR_mut
GGCGCAAGTTGCGGGAAAGTAGAG-1-1,
GGCGCAAGTTTGCATAAAGTAGAG-1-1,ZRSR2_CALR_mut
GGCGCAAGTTTGTGACAAGTAGAG-1-1,
GGCGCTTGTAACCTTAAAGTAGAG-1-1,
GGCGCTTGTAGTCATCAAGTAGAG-1-1,
GGCGCTTGTCGAAGGTAAGTAGAG-1-1,TP53_EZH2_CALR_mut
GGCGCTTGTTAGTCTAAAGTAGAG-1-1,
GGCGCTTGTTTGCATAAAGTAGAG-1-1,
GGCGTAATCAGCACAGAAGTAGAG-1-1,ZRSR2_CALR_mut
GGCGTAATCAGTAAGCAAGTAGAG-1-1,TP53_EZH2_CALR_mut
GGCGTAATCATTGAGAAAGTAGAG-1-1,TP53_CALR_het
GGCGTAATCCCAAATTAAGTAGAG-1-1,TP53_CALR_het
GGCGTAATCGATGAACAAGTAGAG-1-1,
GGCTAATAGACTGAGTAAGTAGAG-1-1,
GGCTAATAGCATCTATAAGTAGAG-1-1,
GGCTAATAGCCTGGTTAAGTAGAG-1-1,
GGCTAATAGCTAGCCTAAGTAGAG-1-1,
GGCTAATAGGTAAGCTAAGTAGAG-1-1,
GGCTAATAGGTGAGAAAAGTAGAG-1-1,TP53_EZH2_CALR_mut
GGCTAATAGGTGAGCCAAGTAGAG-1-1,TP53_CALR_het
GGCTAATAGGTTATCTAAGTAGAG-1-1,
GGCTAATAGTTAGGGTAAGTAGAG-1-1,
GGCTAATAGTTTCCAGAAGTAGAG-1-1,
GGCTATTGTGGAAGCTAAGTAGAG-1-1,
GGCTATTGTTCCTTCAAAGTAGAG-1-1,
GGCTCAAAGAGGCGTCAAGTAGAG-1-1,
GGCTCAAAGCAATTGAAAGTAGAG-1-1,
GGCTCAAAGCAGGCTAAAGTAGAG-1-1,TP53_CALR_het
GGCTCAAAGCGCTACTAAGTAGAG-1-1,
GGCTCAAAGGCACTAGAAGTAGAG-1-1,
GGCTCAAAGGTTGTAAAAGTAGAG-1-1,
GGCTCAAAGTCATAAGAAGTAGAG-1-1,
GGCTCAAAGTTGCAAAAAGTAGAG-1-1,TP53_EZH2_CALR_mut
GGCTGAGGTAATGAACAAGTAGAG-1-1,TP53_CALR_het
GGCTGAGGTAGCCCGTAAGTAGAG-1-1,TP53_CALR_het
GGCTGAGGTGGTTCGCAAGTAGAG-1-1,ZRSR2_CALR_mut
GGCTGAGGTTAACGAGAAGTAGAG-1-1,TP53_CALR_het
GGCTGAGGTTTCGCCTAAGTAGAG-1-1,
GGCTGATCAAACTTCCAAGTAGAG-1-1,TP53_CALR_het
GGCTGATCAACCGTGGAAGTAGAG-1-1,TP53_EZH2_CALR_mut
GGCTGATCAATGGATTAAGTAGAG-1-1,TP53_EZH2_CALR_mut
GGCTGATCACAATCGAAAGTAGAG-1-1,TP53_EZH2_CALR_mut
GGCTGATCAGTAAGTTAAGTAGAG-1-1,ZRSR2_CALR_mut
GGCTGATCATCATGCTAAGTAGAG-1-1,ZRSR2_CALR_mut
GGCTGATCATCCCAATAAGTAGAG-1-1,TP53_EZH2_CALR_mut
GGCTGGTAGACAAGCTAAGTAGAG-1-1,
GGCTGGTAGACCTTTGAAGTAGAG-1-1,TP53_CALR_het
GGCTGGTAGCAAGTTAAAGTAGAG-1-1,
GGCTGGTAGCAATCGGAAGTAGAG-1-1,
GGCTGGTAGCTCGATCAAGTAGAG-1-1,
GGCTGGTAGGCCATTCAAGTAGAG-1-1,TP53_CALR_het
GGCTGGTAGGGCGGTTAAGTAGAG-1-1,ZRSR2_CALR_mut
GGCTGGTAGTTAGGCGAAGTAGAG-1-1,ZRSR2_CALR_mut
GGCTGTGCAAACCTGAAAGTAGAG-1-1,
GGCTGTGCAAGGTGTCAAGTAGAG-1-1,ZRSR2_CALR_mut
GGCTGTGCAAGTTAACAAGTAGAG-1-1,ZRSR2_CALR_mut
GGCTGTGCACAATACGAAGTAGAG-1-1,TP53_EZH2_CALR_mut
GGCTGTGCACTTTATGAAGTAGAG-1-1,
GGCTGTGCAGAAACTTAAGTAGAG-1-1,TP53_EZH2_CALR_mut
GGCTGTGCAGGATTATAAGTAGAG-1-1,TP53_EZH2_CALR_mut
GGCTGTGCATAAGCTGAAGTAGAG-1-1,TP53_CALR_het
GGCTGTGCATTGAACGAAGTAGAG-1-1,TP53_EZH2_CALR_mut
GGCTTAACAAGTTAACAAGTAGAG-1-1,TP53_CALR_het
GGCTTAACACATAAACAAGTAGAG-1-1,
GGCTTAACATATGGTGAAGTAGAG-1-1,ZRSR2_CALR_mut
GGCTTAACATCACGCCAAGTAGAG-1-1,TP53_CALR_het
GGCTTAACATTAGCGAAAGTAGAG-1-1,TP53_CALR_het
GGCTTAGAGAAAGGCAAAGTAGAG-1-1,
GGCTTAGAGAGCAATCAAGTAGAG-1-1,
GGCTTAGAGATGAACCAAGTAGAG-1-1,TP53_EZH2_CALR_mut
GGCTTAGAGCACTAGGAAGTAGAG-1-1,TP53_CALR_het
GGCTTAGAGCAGGCTAAAGTAGAG-1-1,
GGCTTAGAGGTGAATCAAGTAGAG-1-1,
GGCTTAGAGTAAGTGCAAGTAGAG-1-1,
GGCTTAGAGTAGCGCAAAGTAGAG-1-1,
GGCTTAGAGTCAAACAAAGTAGAG-1-1,TP53_CALR_het
GGCTTAGAGTGTAATGAAGTAGAG-1-1,
GGCTTAGAGTTTGACTAAGTAGAG-1-1,TP53_CALR_het
GGCTTATGTATTGACCAAGTAGAG-1-1,
GGCTTATGTATTGTCAAAGTAGAG-1-1,
GGCTTATGTTATGTGCAAGTAGAG-1-1,
GGCTTATGTTGGTTTAAAGTAGAG-1-1,TP53_CALR_het
GGCTTGAAGATAGCCGAAGTAGAG-1-1,TP53_CALR_het
GGCTTGAAGATTCATCAAGTAGAG-1-1,TP53_CALR_het
GGCTTGAAGCATCTTGAAGTAGAG-1-1,
GGCTTGAAGGTCTTGCAAGTAGAG-1-1,ZRSR2_CALR_mut
GGCTTGAAGGTGAGAAAAGTAGAG-1-1,TP53_EZH2_CALR_mut
GGCTTGAAGTCGAAACAAGTAGAG-1-1,ZRSR2_CALR_mut
GGCTTGAAGTTGCGCTAAGTAGAG-1-1,TP53_CALR_het
GGCTTGAAGTTTGACTAAGTAGAG-1-1,
GGCTTGCGTACCGTTGAAGTAGAG-1-1,TP53_CALR_het
GGCTTGCGTACGCACCAAGTAGAG-1-1,TP53_EZH2_CALR_mut
GGCTTGCGTATGTTTGAAGTAGAG-1-1,TP53_CALR_het
GGCTTGCGTCCTCCTGAAGTAGAG-1-1,
GGCTTGCGTCTGTCAGAAGTAGAG-1-1,
GGCTTGCGTGCGCAAGAAGTAGAG-1-1,
GGCTTGCGTGGTGCAGAAGTAGAG-1-1,
GGCTTGCGTGTCCTTCAAGTAGAG-1-1,TP53_CALR_het
GGCTTGCGTTAATCCAAAGTAGAG-1-1,
GGCTTGCGTTAGCATCAAGTAGAG-1-1,TP53_CALR_het
GGCTTGCGTTGTCCAGAAGTAGAG-1-1,TP53_CALR_het
GGCTTGTTCAATGGGTAAGTAGAG-1-1,TP53_EZH2_CALR_mut
GGCTTGTTCAATGTTCAAGTAGAG-1-1,ZRSR2_CALR_mut
GGCTTGTTCACTGTCAAAGTAGAG-1-1,
GGCTTGTTCATGCGTCAAGTAGAG-1-1,
GGCTTGTTCATTGCATAAGTAGAG-1-1,
GGCTTGTTCCCGCTGAAAGTAGAG-1-1,
GGCTTGTTCCTGCAACAAGTAGAG-1-1,
GGCTTGTTCGAACCTCAAGTAGAG-1-1,
GGCTTGTTCGGCTAGAAAGTAGAG-1-1,TP53_EZH2_CALR_mut
GGCTTGTTCTTCGCTTAAGTAGAG-1-1,
GGGAAGTAGATTCGTTAAGTAGAG-1-1,
GGGAAGTAGCCATTTGAAGTAGAG-1-1,TP53_CALR_het
GGGAAGTAGCTATTACAAGTAGAG-1-1,TP53_CALR_het
GGGAAGTAGCTTCCTTAAGTAGAG-1-1,TP53_CALR_het
GGGAAGTAGCTTCTAGAAGTAGAG-1-1,
GGGAAGTAGGCTCCATAAGTAGAG-1-1,TP53_CALR_het
GGGAAGTAGTTGCAGGAAGTAGAG-1-1,
GGGAAGTAGTTTGGTTAAGTAGAG-1-1,
GGGACAACAAACCTGAAAGTAGAG-1-1,TP53_EZH2_CALR_mut
GGGACAACAAATAAGGAAGTAGAG-1-1,ZRSR2_CALR_mut
GGGACAACAATTGAACAAGTAGAG-1-1,TP53_CALR_het
GGGACAACACATAAACAAGTAGAG-1-1,
GGGACAACACATACCTAAGTAGAG-1-1,
GGGACAACATAGCCGGAAGTAGAG-1-1,ZRSR2_CALR_mut
GGGACAACATGACATGAAGTAGAG-1-1,
GGGACAACATGAGGGAAAGTAGAG-1-1,TP53_CALR_het
GGGACAACATTCAGGAAAGTAGAG-1-1,TP53_EZH2_CALR_mut
GGGACTCAGAGGCGAGAAGTAGAG-1-1,
GGGACTCAGATGCTAAAAGTAGAG-1-1,
GGGACTCAGATTGAGCAAGTAGAG-1-1,
GGGACTCAGGCTGGTAAAGTAGAG-1-1,
GGGACTCAGGTCACAGAAGTAGAG-1-1,TP53_CALR_het
GGGACTCAGGTGAGCCAAGTAGAG-1-1,
GGGACTCAGTGAATCAAAGTAGAG-1-1,
GGGACTCAGTGATTTCAAGTAGAG-1-1,
GGGACTCAGTGTTTCGAAGTAGAG-1-1,TP53_CALR_het
GGGAGTCTCAACTGTTAAGTAGAG-1-1,TP53_EZH2_CALR_mut
GGGAGTCTCCAACAGGAAGTAGAG-1-1,TP53_CALR_het
GGGAGTCTCCCACATAAAGTAGAG-1-1,
GGGAGTCTCCCTTTGTAAGTAGAG-1-1,
GGGAGTCTCGCACACTAAGTAGAG-1-1,TP53_CALR_het
GGGAGTCTCGGGATGCAAGTAGAG-1-1,ZRSR2_CALR_mut
GGGAGTCTCTATTGCGAAGTAGAG-1-1,
GGGAGTCTCTTTAAGCAAGTAGAG-1-1,
GGGAGTGAGATAGCCGAAGTAGAG-1-1,
GGGAGTGAGCCAGAGCAAGTAGAG-1-1,
GGGAGTGAGCGAATCGAAGTAGAG-1-1,
GGGAGTGAGGTAGTTAAAGTAGAG-1-1,
GGGAGTGAGTAATGGCAAGTAGAG-1-1,TP53_CALR_het
GGGAGTGAGTTATTGCAAGTAGAG-1-1,TP53_EZH2_CALR_mut
GGGAGTGAGTTTCCAGAAGTAGAG-1-1,ZRSR2_CALR_mut
GGGATAAAGAGAGCAAAAGTAGAG-1-1,
GGGATAAAGATTATCCAAGTAGAG-1-1,TP53_CALR_het
GGGATAAAGCTAAATGAAGTAGAG-1-1,
GGGATAAAGGAACCTGAAGTAGAG-1-1,TP53_CALR_het
GGGATAAAGGAACTTAAAGTAGAG-1-1,
GGGATAAAGGTTATGAAAGTAGAG-1-1,TP53_CALR_het
GGGATAAAGTGAGTTAAAGTAGAG-1-1,ZRSR2_CALR_mut
GGGATAAAGTGTGAGTAAGTAGAG-1-1,TP53_CALR_het
GGGATATTCAACCAAAAAGTAGAG-1-1,
GGGATATTCACTAGGGAAGTAGAG-1-1,TP53_CALR_het
GGGATATTCATAGGTAAAGTAGAG-1-1,TP53_EZH2_CALR_mut
GGGATATTCCCAAATTAAGTAGAG-1-1,
GGGATATTCCCACATAAAGTAGAG-1-1,
GGGATATTCCCTCGTCAAGTAGAG-1-1,
GGGATATTCCGTCCAGAAGTAGAG-1-1,
GGGATATTCCTTTGTCAAGTAGAG-1-1,
GGGATATTCGAACCTCAAGTAGAG-1-1,TP53_EZH2_CALR_mut
GGGATATTCGACTTGCAAGTAGAG-1-1,TP53_CALR_het
GGGATATTCGCAGGACAAGTAGAG-1-1,
GGGATATTCGCCTGCAAAGTAGAG-1-1,
GGGATATTCGGGCAGTAAGTAGAG-1-1,ZRSR2_CALR_mut
GGGATATTCTACTACGAAGTAGAG-1-1,TP53_EZH2_CALR_mut
GGGATATTCTTAAGGAAAGTAGAG-1-1,TP53_EZH2_CALR_mut
GGGATGACAACTTCGTAAGTAGAG-1-1,
GGGATGACACACTGGGAAGTAGAG-1-1,TP53_EZH2_CALR_mut
GGGATGACACATAAGTAAGTAGAG-1-1,TP53_CALR_het
GGGATGACACTAAGGCAAGTAGAG-1-1,
GGGATGACACTCAATCAAGTAGAG-1-1,
GGGATGACATCACTCGAAGTAGAG-1-1,TP53_CALR_het
GGGATGGAGACCATTTAAGTAGAG-1-1,TP53_CALR_het
GGGATGGAGACTATTCAAGTAGAG-1-1,TP53_EZH2_CALR_mut
GGGATGGAGATTGCAAAAGTAGAG-1-1,TP53_EZH2_CALR_mut
GGGATGGAGCGATGGCAAGTAGAG-1-1,TP53_EZH2_CALR_mut
GGGATGGAGTAAAGGGAAGTAGAG-1-1,TP53_CALR_het
GGGATGGAGTGTGATAAAGTAGAG-1-1,
GGGATGGAGTTACAGAAAGTAGAG-1-1,
GGGATGGAGTTACTCGAAGTAGAG-1-1,TP53_EZH2_CALR_mut
GGGATGGAGTTTGCATAAGTAGAG-1-1,
GGGATTTAGATAACTGAAGTAGAG-1-1,ZRSR2_CALR_mut
GGGATTTAGCTTTACGAAGTAGAG-1-1,
GGGATTTAGGATTAGCAAGTAGAG-1-1,
GGGATTTAGGTGAATCAAGTAGAG-1-1,
GGGCAATGTAACCTTAAAGTAGAG-1-1,
GGGCAATGTATGGTGAAAGTAGAG-1-1,
GGGCAATGTATTCAGCAAGTAGAG-1-1,TP53_CALR_het
GGGCAATGTCCTTATTAAGTAGAG-1-1,TP53_CALR_het
GGGCAATGTGGCCCATAAGTAGAG-1-1,TP53_EZH2_CALR_mut
GGGCAATGTTAAGGCAAAGTAGAG-1-1,TP53_EZH2_CALR_mut
GGGCAATGTTGCATCGAAGTAGAG-1-1,
GGGCAATGTTTCCTCAAAGTAGAG-1-1,ZRSR2_CALR_mut
GGGCAATGTTTGACTAAAGTAGAG-1-1,TP53_EZH2_CALR_mut
GGGCTAATCAATTGGAAAGTAGAG-1-1,
GGGCTAATCACCCTGGAAGTAGAG-1-1,
GGGCTAATCATTAGTCAAGTAGAG-1-1,TP53_CALR_het
GGGCTAATCCACAATTAAGTAGAG-1-1,
GGGCTAATCCTTTAGGAAGTAGAG-1-1,TP53_CALR_het
GGGCTAATCGTAACTTAAGTAGAG-1-1,
GGGCTAATCGTTAACTAAGTAGAG-1-1,
GGGCTAATCTATCACGAAGTAGAG-1-1,
GGGCTTAAGAGGATGAAAGTAGAG-1-1,TP53_CALR_het
GGGCTTAAGCAAGTTAAAGTAGAG-1-1,TP53_CALR_het
GGGCTTAAGCATTACTAAGTAGAG-1-1,
GGGCTTAAGTTACAGAAAGTAGAG-1-1,
GGGCTTAAGTTACATCAAGTAGAG-1-1,
GGGTGAGAGATGGATCAAGTAGAG-1-1,TP53_CALR_het
GGGTGAGAGCCGCTATAAGTAGAG-1-1,TP53_CALR_het
GGGTGAGAGCGAATACAAGTAGAG-1-1,TP53_CALR_het
GGGTGAGAGCGCTTACAAGTAGAG-1-1,
GGGTGAGAGGACTTGGAAGTAGAG-1-1,
GGGTGAGAGGCAAGCCAAGTAGAG-1-1,TP53_CALR_het
GGGTGAGAGGTAAGCTAAGTAGAG-1-1,
GGGTGAGAGTAAGCACAAGTAGAG-1-1,
GGGTGAGAGTCTAATCAAGTAGAG-1-1,
GGGTGGAAGAAGCAAGAAGTAGAG-1-1,
GGGTGGAAGAAGTACCAAGTAGAG-1-1,
GGGTGGAAGACAAAGGAAGTAGAG-1-1,TP53_EZH2_CALR_het
GGGTGGAAGCCACTCGAAGTAGAG-1-1,TP53_CALR_het
GGGTGGAAGCTGGACAAAGTAGAG-1-1,TP53_EZH2_CALR_mut
GGGTGGAAGGAACCGCAAGTAGAG-1-1,
GGGTGGAAGTAAGCACAAGTAGAG-1-1,TP53_EZH2_CALR_mut
GGGTGGAAGTACCAGGAAGTAGAG-1-1,
GGGTGGAAGTGAGTCGAAGTAGAG-1-1,
GGGTTAGTCCCTCGTCAAGTAGAG-1-1,
GGGTTAGTCTTCAAGTAAGTAGAG-1-1,TP53_CALR_het
GGGTTATAGAGCAAGAAAGTAGAG-1-1,TP53_EZH2_CALR_mut
GGGTTATAGCGCTTACAAGTAGAG-1-1,
GGGTTATAGGAACCTGAAGTAGAG-1-1,
GGGTTATAGGAAGCCCAAGTAGAG-1-1,
GGGTTATAGGCGAGAGAAGTAGAG-1-1,
GGGTTATAGGGCCTTTAAGTAGAG-1-1,
GGGTTATAGTATGGTAAAGTAGAG-1-1,
GGGTTGGGTCCATCAGAAGTAGAG-1-1,TP53_CALR_het
GGGTTGGGTCCATCCTAAGTAGAG-1-1,
GGGTTGGGTCCTCCTGAAGTAGAG-1-1,
GGGTTGGGTGCATTACAAGTAGAG-1-1,TP53_CALR_het
GGGTTGGGTGGTTATCAAGTAGAG-1-1,
GGGTTGGGTGGTTCGCAAGTAGAG-1-1,
GGGTTGGGTGTCCTTCAAGTAGAG-1-1,
GGGTTGGGTGTGTCGCAAGTAGAG-1-1,TP53_EZH2_CALR_mut
GGGTTGGGTTCACTCCAAGTAGAG-1-1,TP53_EZH2_CALR_mut
GGGTTGGGTTCTGGCAAAGTAGAG-1-1,TP53_CALR_het
GGGTTGGGTTGCTGTGAAGTAGAG-1-1,TP53_CALR_het
GGGTTGGGTTTACCGGAAGTAGAG-1-1,TP53_EZH2_CALR_mut
GGGTTTCTCAAGCTCCAAGTAGAG-1-1,
GGGTTTCTCCAATGAAAAGTAGAG-1-1,
GGGTTTCTCGTCCATAAAGTAGAG-1-1,
GGGTTTCTCTTTAAGCAAGTAGAG-1-1,TP53_EZH2_CALR_mut
GGGTTTCTCTTTAGCGAAGTAGAG-1-1,
GGTAACCCAAACCCAAAAGTAGAG-1-1,
GGTAACCCAACATAGTAAGTAGAG-1-1,TP53_CALR_het
GGTAACCCAAGTGGCTAAGTAGAG-1-1,
GGTAACCCAATCGTTCAAGTAGAG-1-1,TP53_EZH2_CALR_mut
GGTAACCCACATACCTAAGTAGAG-1-1,
GGTAACCCAGCTAGCGAAGTAGAG-1-1,TP53_EZH2_CALR_mut
GGTAACCCAGTTAAACAAGTAGAG-1-1,
GGTAACCCATAACCGAAAGTAGAG-1-1,TP53_EZH2_CALR_mut
GGTAAGGCACACTGGGAAGTAGAG-1-1,TP53_CALR_het
GGTAAGGCATATAGGTAAGTAGAG-1-1,ZRSR2_CALR_mut
GGTAATGGTAACCCATAAGTAGAG-1-1,
GGTAATGGTATTTGTGAAGTAGAG-1-1,TP53_CALR_het
GGTAATGGTCAATTCAAAGTAGAG-1-1,TP53_CALR_het
GGTAATGGTGAGTAATAAGTAGAG-1-1,ZRSR2_CALR_mut
GGTAATGGTTTGAGCTAAGTAGAG-1-1,
GGTAATGGTTTGGGCCAAGTAGAG-1-1,
GGTACCGCAACTAGTGAAGTAGAG-1-1,TP53_EZH2_CALR_mut
GGTACCGCACAATCGAAAGTAGAG-1-1,
GGTACCGCACATTGTCAAGTAGAG-1-1,
GGTACCGCACCTACTGAAGTAGAG-1-1,
GGTACCGCAGGCCTCTAAGTAGAG-1-1,
GGTACCGCATACTTCAAAGTAGAG-1-1,TP53_CALR_het
GGTACCGCATGCGGATAAGTAGAG-1-1,
GGTACCGCATTGTACCAAGTAGAG-1-1,TP53_EZH2_CALR_mut
GGTACCGCATTTATCGAAGTAGAG-1-1,
GGTACGTCAAATAGGAAAGTAGAG-1-1,ZRSR2_CALR_mut
GGTACGTCAATTAGCGAAGTAGAG-1-1,
GGTACGTCACACAAATAAGTAGAG-1-1,TP53_CALR_het
GGTACGTCACATAGATAAGTAGAG-1-1,
GGTACGTCACTTTATGAAGTAGAG-1-1,
GGTACGTCAGGTGACTAAGTAGAG-1-1,
GGTACGTCATCATCACAAGTAGAG-1-1,TP53_EZH2_CALR_mut
GGTACTGAGATGGATCAAGTAGAG-1-1,TP53_EZH2_CALR_mut
GGTACTGAGCTTAGTTAAGTAGAG-1-1,TP53_CALR_het
GGTACTGAGGGATTTAAAGTAGAG-1-1,TP53_CALR_het
GGTACTGAGGTCGAGCAAGTAGAG-1-1,
GGTACTGAGTACCAGGAAGTAGAG-1-1,
GGTACTGAGTGTGAGTAAGTAGAG-1-1,
GGTAGTTAGACAGACTAAGTAGAG-1-1,
GGTAGTTAGAGGCGGAAAGTAGAG-1-1,TP53_CALR_het
GGTAGTTAGATGATTGAAGTAGAG-1-1,TP53_CALR_het
GGTAGTTAGATTGAGCAAGTAGAG-1-1,
GGTAGTTAGCAAATTGAAGTAGAG-1-1,
GGTAGTTAGGCAATCGAAGTAGAG-1-1,ZRSR2_CALR_mut
GGTAGTTAGTCACACCAAGTAGAG-1-1,
GGTAGTTAGTGTAATGAAGTAGAG-1-1,TP53_CALR_het
GGTCACGCACCATCCAAAGTAGAG-1-1,
GGTCACGCACGTAAATAAGTAGAG-1-1,TP53_EZH2_CALR_mut
GGTCACGCAGCCAGCAAAGTAGAG-1-1,TP53_CALR_het
GGTCACGCAGGACTACAAGTAGAG-1-1,
GGTCACGCAGGGATGAAAGTAGAG-1-1,TP53_EZH2_CALR_mut
GGTCACGCATCATGCTAAGTAGAG-1-1,
GGTCACGCATTTCGACAAGTAGAG-1-1,ZRSR2_CALR_mut
GGTCATTGTAAGGCCGAAGTAGAG-1-1,ZRSR2_CALR_mut
GGTCATTGTACTGCCAAAGTAGAG-1-1,TP53_CALR_het
GGTCATTGTATGTTGCAAGTAGAG-1-1,TP53_EZH2_CALR_mut
GGTCATTGTCATTTAGAAGTAGAG-1-1,TP53_EZH2_CALR_mut
GGTCATTGTGGAAGCTAAGTAGAG-1-1,TP53_EZH2_CALR_mut
GGTCATTGTTACTTCTAAGTAGAG-1-1,
GGTCATTGTTGCGAAAAAGTAGAG-1-1,ZRSR2_CALR_mut
GGTCATTGTTTACTGAAAGTAGAG-1-1,
GGTCATTGTTTGCTCCAAGTAGAG-1-1,TP53_EZH2_CALR_mut
GGTCCGTGTAAAGGCCAAGTAGAG-1-1,TP53_CALR_het
GGTCCGTGTAGTAACGAAGTAGAG-1-1,
GGTCCGTGTGGCGTAGAAGTAGAG-1-1,TP53_EZH2_CALR_mut
GGTCCGTGTTGGAGCGAAGTAGAG-1-1,TP53_CALR_het
GGTCTAACAACAGGGAAAGTAGAG-1-1,
GGTCTAACAAGAACAAAAGTAGAG-1-1,TP53_CALR_het
GGTCTAACAATCATCCAAGTAGAG-1-1,
GGTCTAACACATACCTAAGTAGAG-1-1,
GGTCTAACACCTTCAGAAGTAGAG-1-1,TP53_CALR_het
GGTCTAACAGCTTTCGAAGTAGAG-1-1,TP53_EZH2_CALR_mut
GGTCTAACATAGCGACAAGTAGAG-1-1,TP53_CALR_het
GGTCTAACATCAAGTGAAGTAGAG-1-1,TP53_EZH2_CALR_mut
GGTGAACGTAACTACCAAGTAGAG-1-1,TP53_CALR_het
GGTGAACGTATAGTGGAAGTAGAG-1-1,
GGTGAACGTCCGGGTTAAGTAGAG-1-1,TP53_CALR_het
GGTGAACGTCCTTATTAAGTAGAG-1-1,
GGTGAACGTCGTAATCAAGTAGAG-1-1,TP53_CALR_het
GGTGAACGTCGTTCTCAAGTAGAG-1-1,
GGTGAACGTGATTACCAAGTAGAG-1-1,
GGTGAACGTGTAATGGAAGTAGAG-1-1,TP53_CALR_het
GGTGAACGTTTACCGGAAGTAGAG-1-1,TP53_CALR_het
GGTGAACGTTTGCAACAAGTAGAG-1-1,
GGTGAAGCAAATAGGAAAGTAGAG-1-1,TP53_EZH2_CALR_mut
GGTGAAGCACGGATACAAGTAGAG-1-1,
GGTGAAGCATCCCTCTAAGTAGAG-1-1,TP53_EZH2_CALR_mut
GGTGAAGCATGCAATGAAGTAGAG-1-1,TP53_EZH2_CALR_mut
GGTGAAGCATTTGGAGAAGTAGAG-1-1,TP53_CALR_het
GGTGATTAGACATAGCAAGTAGAG-1-1,TP53_EZH2_CALR_het
GGTGATTAGACTATTCAAGTAGAG-1-1,
GGTGATTAGGATCCAGAAGTAGAG-1-1,
GGTGATTAGGATTAGCAAGTAGAG-1-1,TP53_CALR_het
GGTGATTAGGTAGACTAAGTAGAG-1-1,TP53_CALR_het
GGTGATTAGGTTATCTAAGTAGAG-1-1,
GGTGATTAGTCTGTGCAAGTAGAG-1-1,
GGTGCACAGACAACACAAGTAGAG-1-1,
GGTGCACAGAGCCGGTAAGTAGAG-1-1,TP53_CALR_het
GGTGCACAGCCATCGTAAGTAGAG-1-1,TP53_EZH2_CALR_mut
GGTGCACAGCGAGGGAAAGTAGAG-1-1,ZRSR2_CALR_mut
GGTGCACAGCGCAAGCAAGTAGAG-1-1,ZRSR2_CALR_mut
GGTGCACAGCGCGAACAAGTAGAG-1-1,
GGTGCACAGCGGCTTTAAGTAGAG-1-1,
GGTGCACAGCTAACTTAAGTAGAG-1-1,
GGTGCACAGGCGAGAGAAGTAGAG-1-1,
GGTGCACAGGTAACTAAAGTAGAG-1-1,
GGTGCACAGGTTAGGTAAGTAGAG-1-1,TP53_EZH2_CALR_mut
GGTGCACAGTAACTTCAAGTAGAG-1-1,
GGTGCTGCAACAGCTAAAGTAGAG-1-1,
GGTGCTGCAACTAAGTAAGTAGAG-1-1,TP53_EZH2_CALR_mut
GGTGCTGCAAGCGAAGAAGTAGAG-1-1,
GGTGCTGCAAGCTAATAAGTAGAG-1-1,
GGTGCTGCAAGCTCAAAAGTAGAG-1-1,TP53_CALR_het
GGTGCTGCAATTGAGTAAGTAGAG-1-1,
GGTGCTGCACTGACTTAAGTAGAG-1-1,ZRSR2_CALR_mut
GGTGCTGCATAACCAGAAGTAGAG-1-1,
GGTGCTGCATAGCCTTAAGTAGAG-1-1,TP53_CALR_het
GGTGCTTTCACTATGTAAGTAGAG-1-1,
GGTGCTTTCAGGTAACAAGTAGAG-1-1,
GGTGCTTTCCTGACTAAAGTAGAG-1-1,TP53_EZH2_CALR_mut
GGTGCTTTCCTTAGGCAAGTAGAG-1-1,
GGTGCTTTCGCAACGAAAGTAGAG-1-1,
GGTGCTTTCGGTAATAAAGTAGAG-1-1,
GGTGGATGTAGCCACCAAGTAGAG-1-1,
GGTGGATGTCCTCCTGAAGTAGAG-1-1,ZRSR2_CALR_mut
GGTGGATGTCGTTCGAAAGTAGAG-1-1,
GGTGGATGTGAACCAAAAGTAGAG-1-1,TP53_CALR_het
GGTGGATGTGGTTACTAAGTAGAG-1-1,
GGTGGATGTTATGTGCAAGTAGAG-1-1,TP53_EZH2_CALR_mut
GGTGTCGCAAATAACCAAGTAGAG-1-1,TP53_EZH2_CALR_mut
GGTGTCGCAACTGTTCAAGTAGAG-1-1,ZRSR2_CALR_mut
GGTGTCGCAAGGTGTCAAGTAGAG-1-1,TP53_EZH2_CALR_mut
GGTGTCGCAAGGTTATAAGTAGAG-1-1,TP53_CALR_het
GGTGTCGCACATTCGTAAGTAGAG-1-1,TP53_CALR_het
GGTGTCGCACCATCATAAGTAGAG-1-1,TP53_CALR_het
GGTGTCGCATAGGCGTAAGTAGAG-1-1,
GGTGTCGCATCACAGAAAGTAGAG-1-1,
GGTGTCGCATCTATGCAAGTAGAG-1-1,TP53_CALR_het
GGTGTGATCAACCTATAAGTAGAG-1-1,
GGTGTGATCCATTAACAAGTAGAG-1-1,
GGTGTGATCCTTGAGCAAGTAGAG-1-1,TP53_CALR_het
GGTGTGATCGACTTGCAAGTAGAG-1-1,TP53_EZH2_CALR_mut
GGTGTGATCTCCATCTAAGTAGAG-1-1,TP53_EZH2_CALR_mut
GGTGTGCAGACAACTAAAGTAGAG-1-1,
GGTGTGCAGAGGATGAAAGTAGAG-1-1,TP53_CALR_het
GGTGTGCAGCAGCCAAAAGTAGAG-1-1,TP53_CALR_het
GGTGTGCAGGCCATTCAAGTAGAG-1-1,TP53_CALR_het
GGTGTGCAGGCTTAGGAAGTAGAG-1-1,
GGTGTTACAACAGCACAAGTAGAG-1-1,
GGTGTTACAAGCCTCCAAGTAGAG-1-1,
GGTGTTACACTCAGTTAAGTAGAG-1-1,
GGTGTTACAGGTATATAAGTAGAG-1-1,TP53_CALR_het
GGTGTTACAGTTAAACAAGTAGAG-1-1,TP53_EZH2_CALR_mut
GGTGTTACATATTTCGAAGTAGAG-1-1,
GGTGTTACATCGTTCGAAGTAGAG-1-1,
GGTGTTACATTCAACCAAGTAGAG-1-1,
GGTGTTTGTACGAACAAAGTAGAG-1-1,TP53_EZH2_CALR_mut
GGTGTTTGTAGCTATCAAGTAGAG-1-1,
GGTGTTTGTGATTAGGAAGTAGAG-1-1,
GGTGTTTGTGCCCTTTAAGTAGAG-1-1,
GGTGTTTGTGTTCCAGAAGTAGAG-1-1,TP53_CALR_het
GGTGTTTGTTAGCATCAAGTAGAG-1-1,
GGTGTTTGTTAGTGCTAAGTAGAG-1-1,TP53_EZH2_CALR_mut
GGTGTTTGTTCACTCCAAGTAGAG-1-1,
GGTGTTTGTTTGAGCTAAGTAGAG-1-1,
GGTTAAATCACTAATCAAGTAGAG-1-1,
GGTTAAATCCATCCAAAAGTAGAG-1-1,
GGTTAAATCCCTGGTGAAGTAGAG-1-1,TP53_CALR_het
GGTTAAATCCGCCCAAAAGTAGAG-1-1,TP53_CALR_het
GGTTAAATCCTGGTTAAAGTAGAG-1-1,
GGTTAAATCCTTAGATAAGTAGAG-1-1,TP53_CALR_het
GGTTAAATCTATTGACAAGTAGAG-1-1,
GGTTAATCAAAGTGCCAAGTAGAG-1-1,TP53_CALR_het
GGTTAATCAAGACATTAAGTAGAG-1-1,
GGTTAATCAGCCTTCAAAGTAGAG-1-1,TP53_EZH2_CALR_mut
GGTTAATCAGCTAAGCAAGTAGAG-1-1,
GGTTAATCATCAATCCAAGTAGAG-1-1,
GGTTAATCATCACTCGAAGTAGAG-1-1,
GGTTAATCATCCGCTAAAGTAGAG-1-1,TP53_CALR_het
GGTTAATCATTCCTTTAAGTAGAG-1-1,TP53_EZH2_CALR_mut
GGTTACCTCAACTGTTAAGTAGAG-1-1,
GGTTACCTCCCAAATTAAGTAGAG-1-1,
GGTTACCTCGAAGCATAAGTAGAG-1-1,
GGTTACCTCGACCGTTAAGTAGAG-1-1,
GGTTACCTCGACTTGCAAGTAGAG-1-1,
GGTTACCTCGCGGATAAAGTAGAG-1-1,
GGTTAGTAGATGCAACAAGTAGAG-1-1,
GGTTAGTAGATTCATCAAGTAGAG-1-1,TP53_CALR_het
GGTTAGTAGCAAGACTAAGTAGAG-1-1,TP53_CALR_het
GGTTAGTAGCAGCCAAAAGTAGAG-1-1,
GGTTAGTAGCGAATGTAAGTAGAG-1-1,TP53_CALR_het
GGTTAGTAGGATTATGAAGTAGAG-1-1,
GGTTAGTAGGTATGGTAAGTAGAG-1-1,
GGTTAGTAGGTTCGAGAAGTAGAG-1-1,TP53_EZH2_CALR_mut
GGTTAGTAGTTGGATAAAGTAGAG-1-1,
GGTTCACTCAAGGTACAAGTAGAG-1-1,
GGTTCACTCCCATTGAAAGTAGAG-1-1,
GGTTGACCAAATAACCAAGTAGAG-1-1,TP53_EZH2_CALR_mut
GGTTGACCAACAGAGGAAGTAGAG-1-1,
GGTTGACCAACAGCTAAAGTAGAG-1-1,
GGTTGACCAAGCTCAAAAGTAGAG-1-1,
GGTTGACCACTAACAGAAGTAGAG-1-1,
GGTTGACCATAATGACAAGTAGAG-1-1,TP53_CALR_het
GGTTGACCATCGATAGAAGTAGAG-1-1,TP53_CALR_het
GGTTGAGTCACATTCGAAGTAGAG-1-1,TP53_CALR_het
GGTTGAGTCACTTGATAAGTAGAG-1-1,TP53_CALR_het
GGTTGAGTCATGCATTAAGTAGAG-1-1,TP53_CALR_het
GGTTGAGTCCACTAATAAGTAGAG-1-1,TP53_CALR_het
GGTTGAGTCCCTCTCAAAGTAGAG-1-1,TP53_CALR_het
GGTTGAGTCCGAATTTAAGTAGAG-1-1,
GGTTGAGTCTATCACGAAGTAGAG-1-1,
GGTTGAGTCTCACCTTAAGTAGAG-1-1,ZRSR2_CALR_mut
GGTTGAGTCTGTCAATAAGTAGAG-1-1,TP53_CALR_het
GGTTTAAAGCAACTTTAAGTAGAG-1-1,TP53_EZH2_CALR_het
GGTTTAAAGCTATCGCAAGTAGAG-1-1,
GGTTTAAAGGATGAAGAAGTAGAG-1-1,
GGTTTAAAGGTGCACAAAGTAGAG-1-1,TP53_EZH2_CALR_mut
GGTTTAAAGTCGCATCAAGTAGAG-1-1,
GGTTTAAAGTCTGTGCAAGTAGAG-1-1,
GGTTTACGTAACCTTAAAGTAGAG-1-1,TP53_CALR_het
GGTTTACGTACCTCAGAAGTAGAG-1-1,
GGTTTACGTAGCCCGTAAGTAGAG-1-1,
GGTTTACGTCGAAGTAAAGTAGAG-1-1,
GGTTTACGTGCGATAAAAGTAGAG-1-1,TP53_CALR_het
GGTTTACGTGGATGGTAAGTAGAG-1-1,
GGTTTACGTTCAAGCTAAGTAGAG-1-1,
GGTTTACGTTTGTAGCAAGTAGAG-1-1,TP53_EZH2_CALR_mut
GGTTTAGCACGATTAGAAGTAGAG-1-1,
GGTTTAGCAGCACTAAAAGTAGAG-1-1,TP53_EZH2_CALR_mut
GGTTTAGCAGGCTATAAAGTAGAG-1-1,
GGTTTAGCATATGGTGAAGTAGAG-1-1,TP53_CALR_het
GGTTTAGCATTACTTGAAGTAGAG-1-1,
GGTTTAGCATTGACTCAAGTAGAG-1-1,
GGTTTATTCAAGGTGTAAGTAGAG-1-1,TP53_CALR_het
GGTTTATTCATAACCTAAGTAGAG-1-1,TP53_CALR_het
GGTTTATTCCAACTATAAGTAGAG-1-1,TP53_CALR_het
GGTTTATTCGAGAGAAAAGTAGAG-1-1,TP53_CALR_het
GGTTTATTCTGGCCATAAGTAGAG-1-1,TP53_CALR_het
GGTTTCCAGACAAAGGAAGTAGAG-1-1,TP53_EZH2_CALR_mut
GGTTTCCAGCAGGTCAAAGTAGAG-1-1,
GGTTTCCAGCGATGGCAAGTAGAG-1-1,
GGTTTCCAGGAAACTCAAGTAGAG-1-1,
GGTTTCCAGGGTTTCCAAGTAGAG-1-1,
GGTTTCCAGGTTGCTCAAGTAGAG-1-1,TP53_EZH2_CALR_mut
GGTTTCCAGTACCAGGAAGTAGAG-1-1,
GGTTTCCAGTCTAACTAAGTAGAG-1-1,
GGTTTCCAGTTGGATAAAGTAGAG-1-1,
GGTTTCCAGTTTCCAGAAGTAGAG-1-1,TP53_EZH2_CALR_mut
GGTTTCTCAAACCGTAAAGTAGAG-1-1,TP53_EZH2_CALR_mut
GGTTTCTCAAAGCTCAAAGTAGAG-1-1,ZRSR2_CALR_mut
GGTTTCTCACCTTCTCAAGTAGAG-1-1,
GGTTTCTCACTAAGGCAAGTAGAG-1-1,TP53_CALR_het
GGTTTCTCACTGACTTAAGTAGAG-1-1,TP53_CALR_het
GGTTTCTCAGCTAGCGAAGTAGAG-1-1,
GGTTTCTCATAGACCAAAGTAGAG-1-1,
GGTTTGACAAAGGTAAAAGTAGAG-1-1,
GGTTTGACACTATCACAAGTAGAG-1-1,TP53_CALR_het
GGTTTGACAGAAAGGTAAGTAGAG-1-1,
GGTTTGACAGGCTATAAAGTAGAG-1-1,
GGTTTGACATAGTCAGAAGTAGAG-1-1,TP53_CALR_het
GGTTTGACATTTGGAGAAGTAGAG-1-1,TP53_EZH2_CALR_mut
GGTTTGTGTACACCCAAAGTAGAG-1-1,TP53_CALR_het
GGTTTGTGTAGCTTGTAAGTAGAG-1-1,
GGTTTGTGTCGAAGGTAAGTAGAG-1-1,TP53_EZH2_CALR_mut
GGTTTGTGTCTCAGCAAAGTAGAG-1-1,
GGTTTGTGTGATCCTGAAGTAGAG-1-1,
GGTTTGTGTGCAATAGAAGTAGAG-1-1,TP53_CALR_het
GGTTTGTGTGGCTTTGAAGTAGAG-1-1,TP53_EZH2_CALR_mut
GGTTTGTGTTAGAGGCAAGTAGAG-1-1,
GTAAACCAGAAGTAGGAAGTAGAG-1-1,TP53_EZH2_CALR_mut
GTAAACCAGACCATTTAAGTAGAG-1-1,TP53_CALR_het
GTAAACCAGCAAGACTAAGTAGAG-1-1,TP53_EZH2_CALR_mut
GTAAACCAGCAAGTTAAAGTAGAG-1-1,
GTAAACCAGCCCTGATAAGTAGAG-1-1,ZRSR2_CALR_mut
GTAAACCAGGCAGGCTAAGTAGAG-1-1,
GTAAACCAGTCGAAACAAGTAGAG-1-1,TP53_CALR_het
GTAAACGGTAAAGCATAAGTAGAG-1-1,TP53_CALR_het
GTAAACGGTAATGAACAAGTAGAG-1-1,TP53_CALR_het
GTAAACGGTTAGGCTTAAGTAGAG-1-1,
GTAAACGGTTCCGCAAAAGTAGAG-1-1,TP53_EZH2_CALR_mut
GTAAACGGTTCCTTTGAAGTAGAG-1-1,
GTAAACGGTTTGTGACAAGTAGAG-1-1,ZRSR2_CALR_mut
GTAAAGCTCCATTAACAAGTAGAG-1-1,TP53_CALR_het
GTAAAGCTCCCATAGCAAGTAGAG-1-1,TP53_EZH2_CALR_mut
GTAAAGCTCCCTTTGTAAGTAGAG-1-1,
GTAAAGCTCGAGAGAAAAGTAGAG-1-1,TP53_EZH2_CALR_mut
GTAAAGCTCGCCTGCAAAGTAGAG-1-1,
GTAAAGCTCTGGGAATAAGTAGAG-1-1,
GTAAAGGAGGACAAGAAAGTAGAG-1-1,TP53_CALR_het
GTAAAGGAGGAGGCCTAAGTAGAG-1-1,
GTAAAGGAGGATGTTAAAGTAGAG-1-1,TP53_CALR_het
GTAAAGGAGGTGAATCAAGTAGAG-1-1,TP53_EZH2_CALR_mut
GTAAAGGAGGTTATGAAAGTAGAG-1-1,TP53_EZH2_CALR_mut
GTAAAGGAGTCAATGAAAGTAGAG-1-1,
GTAAAGGAGTCGAAACAAGTAGAG-1-1,TP53_CALR_het
GTAAAGGAGTCGAAGTAAGTAGAG-1-1,TP53_CALR_het
GTAAAGGAGTCTATGTAAGTAGAG-1-1,TP53_CALR_het
GTAACCACAACCGTAAAAGTAGAG-1-1,TP53_CALR_het
GTAACCACAAGGGTCTAAGTAGAG-1-1,
GTAACCACAATTCGGAAAGTAGAG-1-1,
GTAACCACAGCCAGCAAAGTAGAG-1-1,TP53_EZH2_CALR_mut
GTAACCACAGGTATATAAGTAGAG-1-1,TP53_EZH2_CALR_mut
GTAACCACATCATGTCAAGTAGAG-1-1,TP53_CALR_het
GTAACCTGTAAGCGTAAAGTAGAG-1-1,
GTAACCTGTAATGGTGAAGTAGAG-1-1,TP53_CALR_het
GTAACCTGTATTCGACAAGTAGAG-1-1,TP53_CALR_het
GTAACCTGTCGAGGCAAAGTAGAG-1-1,TP53_CALR_het
GTAACCTGTCGTAAAGAAGTAGAG-1-1,TP53_EZH2_CALR_mut
GTAACCTGTCTTTATCAAGTAGAG-1-1,TP53_CALR_het
GTAACCTGTGGACCCTAAGTAGAG-1-1,
GTAACCTGTGTCCTTCAAGTAGAG-1-1,
GTAACCTGTTCCTTCAAAGTAGAG-1-1,TP53_CALR_het
GTAACCTGTTTAACCAAAGTAGAG-1-1,ZRSR2_CALR_mut
GTAACGGTCATTAGCTAAGTAGAG-1-1,TP53_EZH2_CALR_mut
GTAACGGTCCGGCTCAAAGTAGAG-1-1,TP53_CALR_het
GTAACGGTCGCGGAACAAGTAGAG-1-1,
GTAACGGTCGTTCAATAAGTAGAG-1-1,ZRSR2_CALR_mut
GTAACGGTCTGTGATTAAGTAGAG-1-1,TP53_EZH2_CALR_mut
GTAACTAAGAAAGGCAAAGTAGAG-1-1,
GTAACTAAGATGGATCAAGTAGAG-1-1,TP53_CALR_het
GTAACTAAGCCCGTTGAAGTAGAG-1-1,TP53_EZH2_CALR_mut
GTAACTAAGCGCTACTAAGTAGAG-1-1,TP53_EZH2_CALR_mut
GTAACTAAGCTCATTGAAGTAGAG-1-1,
GTAACTAAGGATTAGCAAGTAGAG-1-1,
GTAACTAAGGTTCGAGAAGTAGAG-1-1,TP53_CALR_het
GTAACTAAGTTGCGGAAAGTAGAG-1-1,TP53_CALR_het
GTAAGAACAAATGACTAAGTAGAG-1-1,TP53_CALR_het
GTAAGAACAACAGGCTAAGTAGAG-1-1,
GTAAGAACAAGCCACGAAGTAGAG-1-1,ZRSR2_CALR_mut
GTAAGAACAAGCTATGAAGTAGAG-1-1,
GTAAGAACAATATGGTAAGTAGAG-1-1,
GTAAGAACACAAGCGTAAGTAGAG-1-1,
GTAAGAACACGGTCGAAAGTAGAG-1-1,
GTAAGAACACGTGCTCAAGTAGAG-1-1,TP53_EZH2_CALR_mut
GTAAGAACAGGATGCTAAGTAGAG-1-1,TP53_EZH2_CALR_mut
GTAAGAACATAGTCAGAAGTAGAG-1-1,
GTAAGAACATTTGCTAAAGTAGAG-1-1,TP53_CALR_het
GTAAGGTTCAACCAAAAAGTAGAG-1-1,TP53_CALR_het
GTAAGGTTCACCAGCTAAGTAGAG-1-1,TP53_CALR_het
GTAAGGTTCTAACTACAAGTAGAG-1-1,
GTAAGGTTCTAGTTACAAGTAGAG-1-1,TP53_CALR_het
GTAAGGTTCTTGAGGGAAGTAGAG-1-1,TP53_CALR_het
GTAATCCGTCCTGAGCAAGTAGAG-1-1,TP53_EZH2_CALR_mut
GTAATCCGTTAGCGGGAAGTAGAG-1-1,
GTAATGGGTCAAAGGCAAGTAGAG-1-1,
GTAATGGGTTGCGCTAAAGTAGAG-1-1,
GTACCTATCATGGATAAAGTAGAG-1-1,TP53_CALR_het
GTACCTATCTGCAACCAAGTAGAG-1-1,
GTACCTATCTGGCTACAAGTAGAG-1-1,TP53_CALR_het
GTACGCAAGAACCTAAAAGTAGAG-1-1,
GTACGCAAGAGGAAATAAGTAGAG-1-1,
GTACGCAAGCTAAATGAAGTAGAG-1-1,
GTACGCAAGGATCCAGAAGTAGAG-1-1,TP53_CALR_het
GTACGCAAGGTAAGCTAAGTAGAG-1-1,
GTACGCAAGGTCACAGAAGTAGAG-1-1,
GTACGCAAGGTTACTTAAGTAGAG-1-1,
GTACTGACAATGGATTAAGTAGAG-1-1,TP53_CALR_het
GTACTGACACTAAGGCAAGTAGAG-1-1,TP53_EZH2_CALR_mut
GTACTGACATAGGGTCAAGTAGAG-1-1,
GTACTGACATGAGTCAAAGTAGAG-1-1,
GTACTGACATTGAAGTAAGTAGAG-1-1,
GTACTTAGTAGTTGTCAAGTAGAG-1-1,
GTACTTAGTGCGATAAAAGTAGAG-1-1,
GTACTTAGTGCGTACCAAGTAGAG-1-1,
GTACTTAGTGGTGAGTAAGTAGAG-1-1,
GTACTTAGTTGGGCGAAAGTAGAG-1-1,TP53_EZH2_CALR_mut
GTACTTAGTTTCCACCAAGTAGAG-1-1,ZRSR2_CALR_mut
GTAGCCCGTAATGAACAAGTAGAG-1-1,TP53_EZH2_CALR_mut
GTAGCCCGTAGGTTTCAAGTAGAG-1-1,TP53_CALR_het
GTAGCCCGTCCTCCATAAGTAGAG-1-1,
GTAGCCCGTGGACACGAAGTAGAG-1-1,TP53_EZH2_CALR_mut
GTAGCCCGTTGCACGCAAGTAGAG-1-1,ZRSR2_CALR_mut
GTAGGCGGTAGGTGACAAGTAGAG-1-1,TP53_CALR_het
GTAGGCGGTATTACCAAAGTAGAG-1-1,
GTAGGCGGTCAGGGCAAAGTAGAG-1-1,
GTAGGCGGTTAGTAGGAAGTAGAG-1-1,
GTAGGCGGTTAGTGCTAAGTAGAG-1-1,TP53_EZH2_CALR_mut
GTAGTAGGTAATAGGTAAGTAGAG-1-1,
GTAGTAGGTAGTAGCAAAGTAGAG-1-1,
GTAGTAGGTGACATTCAAGTAGAG-1-1,
GTAGTAGGTGAGTAATAAGTAGAG-1-1,
GTAGTAGGTGTGACCCAAGTAGAG-1-1,
GTAGTAGGTTAGACTCAAGTAGAG-1-1,TP53_CALR_het
GTAGTAGGTTAGCGGGAAGTAGAG-1-1,TP53_EZH2_CALR_mut
GTAGTAGGTTGTCCAGAAGTAGAG-1-1,
GTAGTAGGTTTGTTTCAAGTAGAG-1-1,
GTAGTCCTCAGCACAGAAGTAGAG-1-1,TP53_EZH2_CALR_mut
GTAGTCCTCCAACAGGAAGTAGAG-1-1,TP53_EZH2_CALR_mut
GTAGTCCTCCTCAAGCAAGTAGAG-1-1,TP53_CALR_het
GTAGTCCTCGATATGAAAGTAGAG-1-1,
GTAGTCCTCGCAACGAAAGTAGAG-1-1,
GTAGTCCTCGTAGTTTAAGTAGAG-1-1,TP53_CALR_het
GTAGTCCTCGTGATGGAAGTAGAG-1-1,TP53_EZH2_CALR_mut
GTATACTTCAGGCAATAAGTAGAG-1-1,ZRSR2_CALR_mut
GTATACTTCATCCAGCAAGTAGAG-1-1,
GTATACTTCGAACCGAAAGTAGAG-1-1,
GTATACTTCTAATGGAAAGTAGAG-1-1,TP53_EZH2_CALR_mut
GTATGGGTCAACCAAAAAGTAGAG-1-1,
GTATGGGTCAACCGCTAAGTAGAG-1-1,
GTATGGGTCCATAAAGAAGTAGAG-1-1,
GTATGGGTCCATAGAAAAGTAGAG-1-1,TP53_EZH2_CALR_mut
GTATGGGTCCCGCTGAAAGTAGAG-1-1,TP53_EZH2_CALR_mut
GTATGGGTCGATTAAGAAGTAGAG-1-1,
GTATGGGTCGGTTCCGAAGTAGAG-1-1,TP53_CALR_het
GTATGGGTCTGGCCCAAAGTAGAG-1-1,TP53_CALR_het
GTATGTAAGAAGGTTCAAGTAGAG-1-1,TP53_CALR_het
GTATGTAAGAATGGGAAAGTAGAG-1-1,
GTATGTAAGACATAGCAAGTAGAG-1-1,
GTATGTAAGACTCCTAAAGTAGAG-1-1,TP53_CALR_het
GTATGTAAGATGCAACAAGTAGAG-1-1,
GTATGTAAGCCACTCGAAGTAGAG-1-1,
GTATGTAAGCTAACTTAAGTAGAG-1-1,
GTATGTAAGCTAGATAAAGTAGAG-1-1,TP53_EZH2_CALR_mut
GTATGTAAGCTATATCAAGTAGAG-1-1,
GTATGTAAGCTTTACGAAGTAGAG-1-1,
GTATGTAAGGAACCGCAAGTAGAG-1-1,TP53_CALR_het
GTATGTAAGGACTTAAAAGTAGAG-1-1,TP53_EZH2_CALR_mut
GTATGTAAGGCGCAACAAGTAGAG-1-1,
GTATGTAAGGTCAATAAAGTAGAG-1-1,TP53_CALR_het
GTATGTAAGTTACCTGAAGTAGAG-1-1,
GTATGTAAGTTATTGCAAGTAGAG-1-1,
GTATGTAAGTTTGACTAAGTAGAG-1-1,
GTATTACTCAGGGATTAAGTAGAG-1-1,TP53_EZH2_CALR_mut
GTATTACTCAGGTTAAAAGTAGAG-1-1,TP53_EZH2_CALR_mut
GTATTACTCCATTAGTAAGTAGAG-1-1,TP53_CALR_het
GTATTACTCCGCAATCAAGTAGAG-1-1,TP53_CALR_het
GTATTACTCGATTACTAAGTAGAG-1-1,ZRSR2_CALR_mut
GTATTCGTCAACCTCAAAGTAGAG-1-1,
GTATTCGTCAGGCAATAAGTAGAG-1-1,TP53_CALR_het
GTATTCGTCATTAGCTAAGTAGAG-1-1,TP53_EZH2_CALR_mut
GTATTCGTCCATCCTTAAGTAGAG-1-1,TP53_CALR_het
GTATTCGTCCCGTTCCAAGTAGAG-1-1,
GTATTCGTCGAGGCACAAGTAGAG-1-1,TP53_EZH2_CALR_mut
GTATTCGTCGGTACCTAAGTAGAG-1-1,ZRSR2_CALR_mut
GTATTCGTCTCACAATAAGTAGAG-1-1,
GTCAAAGGTAACTACCAAGTAGAG-1-1,TP53_EZH2_CALR_mut
GTCAAAGGTATTACCAAAGTAGAG-1-1,
GTCAAAGGTCAATTCAAAGTAGAG-1-1,
GTCAAAGGTCCGGTACAAGTAGAG-1-1,
GTCAAAGGTCCTTCTAAAGTAGAG-1-1,
GTCAACTGTCCAGCTAAAGTAGAG-1-1,
GTCAACTGTGTCCAGCAAGTAGAG-1-1,
GTCAACTGTTGAGCTTAAGTAGAG-1-1,
GTCAACTGTTGCGAAAAAGTAGAG-1-1,TP53_CALR_het
GTCAAGCCACCAGCTCAAGTAGAG-1-1,
GTCAAGCCACTTCGATAAGTAGAG-1-1,
GTCAAGCCAGCATTTCAAGTAGAG-1-1,TP53_CALR_het
GTCAAGCCATATAGGTAAGTAGAG-1-1,TP53_CALR_het
GTCACAACAAGCCACGAAGTAGAG-1-1,TP53_CALR_het
GTCACAACAATAACCGAAGTAGAG-1-1,ZRSR2_CALR_mut
GTCACAACAATTGAACAAGTAGAG-1-1,TP53_CALR_het
GTCACAACATAACCGAAAGTAGAG-1-1,TP53_CALR_het
GTCACACTCAACTTGTAAGTAGAG-1-1,TP53_EZH2_CALR_mut
GTCACACTCACTATGTAAGTAGAG-1-1,
GTCACACTCATTACCGAAGTAGAG-1-1,TP53_CALR_het
GTCACACTCCAGAAACAAGTAGAG-1-1,TP53_CALR_het
GTCACACTCCCAGTACAAGTAGAG-1-1,ZRSR2_CALR_mut
GTCACACTCTCCATCTAAGTAGAG-1-1,
GTCACACTCTCTATGGAAGTAGAG-1-1,
GTCACTCAGACAAGCTAAGTAGAG-1-1,TP53_CALR_het
GTCACTCAGATGCTAAAAGTAGAG-1-1,TP53_CALR_het
GTCACTCAGCCCTGATAAGTAGAG-1-1,TP53_EZH2_CALR_mut
GTCACTCAGGTCAATAAAGTAGAG-1-1,
GTCACTCAGGTTGCAGAAGTAGAG-1-1,
GTCACTCAGTCAGGCAAAGTAGAG-1-1,TP53_EZH2_CALR_mut
GTCACTCAGTTTACCGAAGTAGAG-1-1,
GTCAGTGAGAGCAATCAAGTAGAG-1-1,
GTCAGTGAGCGATAACAAGTAGAG-1-1,
GTCAGTGAGCTCCCTCAAGTAGAG-1-1,
GTCAGTGAGCTTAGTTAAGTAGAG-1-1,
GTCAGTGAGGATCCAGAAGTAGAG-1-1,
GTCAGTGAGTCATAAGAAGTAGAG-1-1,TP53_CALR_het
GTCATAAAGAGCAATCAAGTAGAG-1-1,TP53_CALR_het
GTCATAAAGATGGATCAAGTAGAG-1-1,
GTCATAAAGCGAGGGAAAGTAGAG-1-1,
GTCATAAAGGATTATGAAGTAGAG-1-1,TP53_EZH2_CALR_mut
GTCATAAAGGGATGAAAAGTAGAG-1-1,TP53_EZH2_CALR_mut
GTCATAAAGTCAGGCAAAGTAGAG-1-1,
GTCATAAAGTGAGTTAAAGTAGAG-1-1,TP53_EZH2_CALR_mut
GTCATCCAGCAAATTGAAGTAGAG-1-1,TP53_CALR_het
GTCATCCAGGAACCTGAAGTAGAG-1-1,TP53_EZH2_CALR_mut
GTCATCCAGGATCCAGAAGTAGAG-1-1,
GTCATCCAGGCTTTATAAGTAGAG-1-1,TP53_CALR_het
GTCATCCAGTATCGCCAAGTAGAG-1-1,
GTCATCCAGTATGGGTAAGTAGAG-1-1,
GTCATCCAGTCACACCAAGTAGAG-1-1,
GTCATTAGTCATCCTCAAGTAGAG-1-1,TP53_EZH2_CALR_mut
GTCATTAGTGCTCCAAAAGTAGAG-1-1,
GTCATTAGTGTGAGACAAGTAGAG-1-1,
GTCATTAGTTGGATAGAAGTAGAG-1-1,
GTCATTGTCACTAATCAAGTAGAG-1-1,ZRSR2_CALR_mut
GTCATTGTCAGGGCACAAGTAGAG-1-1,TP53_CALR_het
GTCATTGTCGGTAAGTAAGTAGAG-1-1,TP53_EZH2_CALR_mut
GTCATTGTCTCGCCTCAAGTAGAG-1-1,
GTCCAAACAACCTCGCAAGTAGAG-1-1,
GTCCAAACACTAAGCAAAGTAGAG-1-1,
GTCCAAACACTGACAAAAGTAGAG-1-1,TP53_CALR_het
GTCCAAACATTGCCCAAAGTAGAG-1-1,TP53_EZH2_CALR_mut
GTCCCTCTCAGCATGGAAGTAGAG-1-1,TP53_EZH2_CALR_mut
GTCCCTCTCCATCCTTAAGTAGAG-1-1,ZRSR2_CALR_mut
GTCCCTCTCCCTCTCAAAGTAGAG-1-1,
GTCCCTCTCCCTTTGTAAGTAGAG-1-1,TP53_CALR_het
GTCCCTCTCCTCACTTAAGTAGAG-1-1,
GTCCCTCTCCTGAGGAAAGTAGAG-1-1,TP53_CALR_het
GTCCCTCTCGCTTGCGAAGTAGAG-1-1,TP53_EZH2_CALR_mut
GTCCCTCTCGTAGTTTAAGTAGAG-1-1,
GTCCCTCTCGTCAACCAAGTAGAG-1-1,TP53_CALR_het
GTCCCTCTCTTCGCCCAAGTAGAG-1-1,TP53_EZH2_CALR_mut
GTCCCTGAGCGAATGTAAGTAGAG-1-1,TP53_EZH2_CALR_mut
GTCCCTGAGGAAGGTAAAGTAGAG-1-1,
GTCCCTGAGTCATAAGAAGTAGAG-1-1,
GTCCCTGAGTGAGGAAAAGTAGAG-1-1,TP53_EZH2_CALR_mut
GTCCCTGAGTGATTTCAAGTAGAG-1-1,TP53_EZH2_CALR_mut
GTCCCTGAGTTAGTTCAAGTAGAG-1-1,TP53_CALR_het
GTCCGTAGTGTTAGCTAAGTAGAG-1-1,
GTCCGTTAGAGGCGGAAAGTAGAG-1-1,TP53_CALR_het
GTCCGTTAGCCCTTGGAAGTAGAG-1-1,TP53_EZH2_CALR_het
GTCCGTTAGCGATGGCAAGTAGAG-1-1,TP53_CALR_het
GTCCGTTAGCTCGACTAAGTAGAG-1-1,TP53_CALR_het
GTCCGTTAGGAAACCTAAGTAGAG-1-1,TP53_CALR_het
GTCCGTTAGGATTATGAAGTAGAG-1-1,TP53_EZH2_CALR_mut
GTCCGTTAGGCCCATTAAGTAGAG-1-1,TP53_CALR_het
GTCCTCACACAGCCAGAAGTAGAG-1-1,TP53_EZH2_CALR_mut
GTCCTCACACCAACAAAAGTAGAG-1-1,TP53_CALR_het
GTCCTCACACCTAAGAAAGTAGAG-1-1,
GTCCTCACACGGTACGAAGTAGAG-1-1,
GTCCTCACATAGACCAAAGTAGAG-1-1,TP53_EZH2_CALR_mut
GTCCTCACATTGAAGTAAGTAGAG-1-1,TP53_CALR_het
GTCCTGAGTAAATAGCAAGTAGAG-1-1,
GTCCTGAGTACTTACAAAGTAGAG-1-1,TP53_CALR_het
GTCCTGAGTATAGCGAAAGTAGAG-1-1,TP53_CALR_het
GTCCTGAGTCATGATCAAGTAGAG-1-1,
GTCCTGAGTTTCCTGCAAGTAGAG-1-1,
GTCCTTAAGACAGACTAAGTAGAG-1-1,TP53_CALR_het
GTCCTTAAGCACGGTAAAGTAGAG-1-1,TP53_CALR_het
GTCCTTAAGCTAGCCTAAGTAGAG-1-1,
GTCCTTAAGCTTACCAAAGTAGAG-1-1,
GTCCTTAAGGAAGCCCAAGTAGAG-1-1,TP53_CALR_het
GTCCTTAAGGCACAATAAGTAGAG-1-1,
GTCCTTAAGGGTTGGCAAGTAGAG-1-1,TP53_EZH2_CALR_mut
GTCCTTAAGTGATTAGAAGTAGAG-1-1,TP53_EZH2_CALR_mut
GTCCTTAAGTTATCCGAAGTAGAG-1-1,TP53_CALR_het
GTCGATTGTAACGGGTAAGTAGAG-1-1,
GTCGATTGTCGAAGCGAAGTAGAG-1-1,
GTCGATTGTTGTCAGTAAGTAGAG-1-1,TP53_EZH2_CALR_mut
GTCGGTTTCACTAATCAAGTAGAG-1-1,TP53_EZH2_CALR_mut
GTCGGTTTCATGACCCAAGTAGAG-1-1,
GTCGGTTTCCCTCATTAAGTAGAG-1-1,ZRSR2_CALR_mut
GTCGGTTTCCGTGACTAAGTAGAG-1-1,
GTCGGTTTCCTGAGGAAAGTAGAG-1-1,
GTCGGTTTCGATTACTAAGTAGAG-1-1,
GTCGTTATCACGAACGAAGTAGAG-1-1,
GTCGTTATCATGACAAAAGTAGAG-1-1,
GTCGTTATCCCTCAAAAAGTAGAG-1-1,TP53_CALR_het
GTCGTTATCCTTGAGCAAGTAGAG-1-1,
GTCGTTATCGATTACTAAGTAGAG-1-1,
GTCGTTATCGCCACATAAGTAGAG-1-1,
GTCGTTATCGGTTCACAAGTAGAG-1-1,
GTCTTGCAGACAAAGGAAGTAGAG-1-1,
GTCTTGCAGAGGCGAGAAGTAGAG-1-1,TP53_EZH2_CALR_mut
GTCTTGCAGCACGGTAAAGTAGAG-1-1,
GTCTTGCAGCGAATGTAAGTAGAG-1-1,TP53_CALR_het
GTCTTGCAGTCCTCAAAAGTAGAG-1-1,TP53_EZH2_CALR_mut
GTCTTGCAGTTAGGCGAAGTAGAG-1-1,
GTCTTGCAGTTTCAGTAAGTAGAG-1-1,TP53_CALR_het
GTGAAACTCAGTAGGTAAGTAGAG-1-1,TP53_CALR_het
GTGAAACTCATGCGTCAAGTAGAG-1-1,
GTGAAACTCCCAGTACAAGTAGAG-1-1,
GTGAAACTCGAAGCATAAGTAGAG-1-1,TP53_CALR_het
GTGAAACTCGGGACTAAAGTAGAG-1-1,
GTGAAACTCTATCACGAAGTAGAG-1-1,
GTGAGTTAGCATTACTAAGTAGAG-1-1,TP53_CALR_het
GTGAGTTAGCGTGCTTAAGTAGAG-1-1,TP53_CALR_het
GTGAGTTAGTGTTTCGAAGTAGAG-1-1,
GTGAGTTAGTTTCAGTAAGTAGAG-1-1,
GTGCAAGTCACAACAAAAGTAGAG-1-1,
GTGCAAGTCGCGCATTAAGTAGAG-1-1,TP53_EZH2_CALR_mut
GTGCAAGTCGCGTTCGAAGTAGAG-1-1,
GTGCAAGTCGTAAAGCAAGTAGAG-1-1,TP53_EZH2_CALR_mut
GTGCAAGTCTCAAGAAAAGTAGAG-1-1,
GTGCAAGTCTGTGCACAAGTAGAG-1-1,TP53_EZH2_CALR_mut
GTGCCTTAGACAGACTAAGTAGAG-1-1,TP53_CALR_het
GTGCCTTAGACCATTTAAGTAGAG-1-1,TP53_CALR_het
GTGCCTTAGAGGATAGAAGTAGAG-1-1,
GTGCCTTAGATGCAACAAGTAGAG-1-1,
GTGCCTTAGCACGCAAAAGTAGAG-1-1,
GTGCCTTAGCTTAGTTAAGTAGAG-1-1,TP53_CALR_het
GTGCCTTAGGGCGGTTAAGTAGAG-1-1,
GTGCCTTAGGGTGGGAAAGTAGAG-1-1,TP53_CALR_het
GTGCCTTAGGTTGCTCAAGTAGAG-1-1,TP53_EZH2_CALR_mut
GTGCCTTAGTCGCATCAAGTAGAG-1-1,
GTGCCTTAGTGAGTTAAAGTAGAG-1-1,
GTGCGGTAGATGCCTCAAGTAGAG-1-1,TP53_EZH2_CALR_mut
GTGCGGTAGGAAACTCAAGTAGAG-1-1,
GTGCGGTAGGAACCGCAAGTAGAG-1-1,
GTGCGGTAGGATCCCTAAGTAGAG-1-1,
GTGCGGTAGGCAATCGAAGTAGAG-1-1,
GTGCGGTAGGCTTAGGAAGTAGAG-1-1,TP53_EZH2_CALR_mut
GTGCGGTAGGTAGTTAAAGTAGAG-1-1,TP53_CALR_het
GTGCTCAGTAGCTTTAAAGTAGAG-1-1,TP53_EZH2_CALR_mut
GTGCTCAGTCCCTCATAAGTAGAG-1-1,TP53_EZH2_CALR_mut
GTGCTCAGTGCATCGCAAGTAGAG-1-1,TP53_CALR_het
GTGCTCAGTGCTCCTTAAGTAGAG-1-1,
GTGCTCAGTGGCGTAGAAGTAGAG-1-1,TP53_CALR_het
GTGCTCAGTTAGTAGGAAGTAGAG-1-1,TP53_CALR_het
GTGCTCAGTTCATTGAAAGTAGAG-1-1,TP53_EZH2_CALR_mut
GTGCTCAGTTTACTGAAAGTAGAG-1-1,TP53_CALR_het
GTGCTTATCATGCGGAAAGTAGAG-1-1,TP53_EZH2_CALR_mut
GTGCTTATCCGAATTTAAGTAGAG-1-1,
GTGCTTATCCTCTAAGAAGTAGAG-1-1,TP53_CALR_het
GTGCTTATCGAAGTTAAAGTAGAG-1-1,TP53_EZH2_CALR_mut
GTGCTTATCGATATGAAAGTAGAG-1-1,ZRSR2_CALR_mut
GTGCTTATCGCACACTAAGTAGAG-1-1,
GTGCTTATCGGTTCACAAGTAGAG-1-1,
GTGCTTATCTGGTCTAAAGTAGAG-1-1,TP53_EZH2_CALR_mut
GTGGAAGCAACCATTCAAGTAGAG-1-1,
GTGGAAGCAACCGTAAAAGTAGAG-1-1,
GTGGAAGCAACGACTAAAGTAGAG-1-1,TP53_CALR_het
GTGGAAGCAATAAGGAAAGTAGAG-1-1,TP53_CALR_het
GTGGAAGCAATGAAGAAAGTAGAG-1-1,TP53_CALR_het
GTGGAAGCAATTGAACAAGTAGAG-1-1,
GTGGAAGCACAGCCAGAAGTAGAG-1-1,
GTGGAAGCAGATAGCCAAGTAGAG-1-1,
GTGGAAGCATCAAGCAAAGTAGAG-1-1,
GTGGAAGCATGTGGCGAAGTAGAG-1-1,
GTGGAAGCATTGGACAAAGTAGAG-1-1,
GTGGACATCAAGCGATAAGTAGAG-1-1,
GTGGACATCACAAATGAAGTAGAG-1-1,TP53_CALR_het
GTGGACATCAGTTTACAAGTAGAG-1-1,TP53_CALR_het
GTGGACATCATTGCATAAGTAGAG-1-1,TP53_CALR_het
GTGGACATCCATCCTTAAGTAGAG-1-1,TP53_CALR_het
GTGGACATCCGCCATGAAGTAGAG-1-1,TP53_EZH2_CALR_mut
GTGGACATCGCCTAGTAAGTAGAG-1-1,ZRSR2_CALR_mut
GTGGACATCGTAAAGCAAGTAGAG-1-1,TP53_CALR_het
GTGGACATCTATCGGCAAGTAGAG-1-1,
GTGGACATCTGTGACCAAGTAGAG-1-1,TP53_EZH2_CALR_mut
GTGGACCAGACGCATGAAGTAGAG-1-1,
GTGGACCAGAGGCGAGAAGTAGAG-1-1,
GTGGACCAGCGGGACTAAGTAGAG-1-1,
GTGGACCAGCTTGAGGAAGTAGAG-1-1,
GTGGACCAGCTTGATTAAGTAGAG-1-1,
GTGGACCAGGCTCCATAAGTAGAG-1-1,
GTGGACCAGGGCAGTCAAGTAGAG-1-1,
GTGGACCAGTAAGCTAAAGTAGAG-1-1,TP53_EZH2_CALR_mut
GTGGACCAGTCGTTCAAAGTAGAG-1-1,
GTGGACCAGTGATTAGAAGTAGAG-1-1,
GTGGACCAGTTATCCGAAGTAGAG-1-1,ZRSR2_CALR_mut
GTGGATTAGATGCTAAAAGTAGAG-1-1,TP53_EZH2_CALR_mut
GTGGATTAGGACAAGAAAGTAGAG-1-1,
GTGGATTAGTAAACCAAAGTAGAG-1-1,ZRSR2_CALR_mut
GTGGATTAGTAAAGGGAAGTAGAG-1-1,
GTGGATTAGTTAGTTCAAGTAGAG-1-1,TP53_EZH2_CALR_mut
GTGGATTAGTTATTGCAAGTAGAG-1-1,
GTGGCGAGTCGTTGCAAAGTAGAG-1-1,TP53_EZH2_CALR_mut
GTGGCGAGTGTTAGTCAAGTAGAG-1-1,TP53_CALR_het
GTGGCGAGTTAGAGGCAAGTAGAG-1-1,ZRSR2_CALR_mut
GTGGCGAGTTGAGGACAAGTAGAG-1-1,
GTGGCGTAGAAACTCAAAGTAGAG-1-1,TP53_CALR_het
GTGGCGTAGATAACCAAAGTAGAG-1-1,
GTGGCGTAGATGCCTCAAGTAGAG-1-1,
GTGGCGTAGCAGGTTGAAGTAGAG-1-1,TP53_CALR_het
GTGGCGTAGCATGTGGAAGTAGAG-1-1,
GTGGCGTAGCCATCGTAAGTAGAG-1-1,
GTGGCGTAGCGTGCTTAAGTAGAG-1-1,
GTGGCGTAGCTAACTTAAGTAGAG-1-1,
GTGGCGTAGGAAGGTAAAGTAGAG-1-1,
GTGGCGTAGGCACTAGAAGTAGAG-1-1,
GTGGCGTAGTAAAGGGAAGTAGAG-1-1,TP53_EZH2_CALR_mut
GTGGCGTAGTCATAAGAAGTAGAG-1-1,TP53_EZH2_CALR_mut
GTGGCGTAGTGCAACGAAGTAGAG-1-1,
GTGGCTAAGACCATTTAAGTAGAG-1-1,TP53_CALR_het
GTGGCTAAGCGCGAACAAGTAGAG-1-1,TP53_CALR_het
GTGGCTAAGGATCCCTAAGTAGAG-1-1,
GTGGCTAAGGATGGTTAAGTAGAG-1-1,
GTGGCTAAGGCCAACAAAGTAGAG-1-1,TP53_EZH2_CALR_mut
GTGGCTAAGGGCGGTTAAGTAGAG-1-1,TP53_EZH2_CALR_mut
GTGGCTAAGGTGAGAAAAGTAGAG-1-1,TP53_CALR_het
GTGGCTAAGTACGGGCAAGTAGAG-1-1,
GTGGGAACAAACAAGAAAGTAGAG-1-1,TP53_CALR_het
GTGGGAACAAACCGTAAAGTAGAG-1-1,TP53_CALR_het
GTGGGAACAACTAGTGAAGTAGAG-1-1,TP53_EZH2_CALR_het
GTGGGAACAACTTCGTAAGTAGAG-1-1,
GTGGGAACACGAACGTAAGTAGAG-1-1,
GTGGGAACACGTTACTAAGTAGAG-1-1,TP53_CALR_het
GTGGGAACAGGCGAAAAAGTAGAG-1-1,
GTGGGAACAGTTAAACAAGTAGAG-1-1,TP53_CALR_het
GTGGGAACATGAGGGAAAGTAGAG-1-1,
GTGGGAACATGGCGCAAAGTAGAG-1-1,TP53_EZH2_CALR_mut
GTGGTTACAACGACTAAAGTAGAG-1-1,
GTGGTTACAATTGAACAAGTAGAG-1-1,
GTGGTTACACAATCGAAAGTAGAG-1-1,
GTGGTTACAGAATCGCAAGTAGAG-1-1,TP53_CALR_het
GTGGTTACAGCTAAGCAAGTAGAG-1-1,
GTGGTTACATAGCCGGAAGTAGAG-1-1,
GTGGTTACATCACGCCAAGTAGAG-1-1,TP53_EZH2_CALR_mut
GTGGTTACATTGCCCAAAGTAGAG-1-1,
GTGGTTCTCATCCCAAAAGTAGAG-1-1,
GTGGTTCTCCACAACCAAGTAGAG-1-1,TP53_EZH2_CALR_mut
GTGGTTCTCCCTCTCAAAGTAGAG-1-1,TP53_CALR_het
GTGGTTCTCGATTGAAAAGTAGAG-1-1,
GTGGTTCTCTAATGAGAAGTAGAG-1-1,TP53_EZH2_CALR_mut
GTGGTTCTCTGCAACCAAGTAGAG-1-1,TP53_EZH2_CALR_mut
GTGGTTCTCTTGAAAGAAGTAGAG-1-1,
GTGGTTCTCTTGAATCAAGTAGAG-1-1,
GTGGTTCTCTTTGGTGAAGTAGAG-1-1,
GTGTGAGTCAAAGGGAAAGTAGAG-1-1,
GTGTGAGTCATAATGGAAGTAGAG-1-1,
GTGTGAGTCATGACAAAAGTAGAG-1-1,
GTGTGAGTCGAACCGAAAGTAGAG-1-1,TP53_CALR_het
GTGTGCGCAAAGGTAAAAGTAGAG-1-1,TP53_CALR_het
GTGTGCGCAACAGCTAAAGTAGAG-1-1,TP53_CALR_het
GTGTGCGCAAGGCTTAAAGTAGAG-1-1,
GTGTGCGCATGGTCAAAAGTAGAG-1-1,
GTGTGCGCATTCAGGAAAGTAGAG-1-1,TP53_CALR_het
GTGTTAAAGCCCTGATAAGTAGAG-1-1,
GTGTTAAAGCCTAAGGAAGTAGAG-1-1,TP53_EZH2_CALR_mut
GTGTTAAAGCTCGACTAAGTAGAG-1-1,TP53_EZH2_CALR_mut
GTGTTAAAGCTGGGTAAAGTAGAG-1-1,TP53_EZH2_CALR_mut
GTGTTAAAGGAAGCAAAAGTAGAG-1-1,
GTGTTAAAGGTAATTGAAGTAGAG-1-1,
GTGTTAAAGTCATGAAAAGTAGAG-1-1,
GTGTTAAAGTCTAACTAAGTAGAG-1-1,
GTGTTAAAGTCTAATCAAGTAGAG-1-1,
GTTAACCGTACGTCCAAAGTAGAG-1-1,TP53_CALR_het
GTTAACCGTAGCGCGAAAGTAGAG-1-1,TP53_CALR_het
GTTAACCGTCGTTCGAAAGTAGAG-1-1,
GTTAACCGTCTGTCAGAAGTAGAG-1-1,
GTTAACCGTGCGCATCAAGTAGAG-1-1,
GTTAACCGTGGGTGTGAAGTAGAG-1-1,TP53_EZH2_CALR_mut
GTTAACCGTTGGGCGAAAGTAGAG-1-1,
GTTAACCGTTGTTTGAAAGTAGAG-1-1,TP53_EZH2_CALR_het
GTTAACTTCACCAGCTAAGTAGAG-1-1,ZRSR2_CALR_mut
GTTAACTTCACTAGGGAAGTAGAG-1-1,
GTTAACTTCATTTGCGAAGTAGAG-1-1,TP53_CALR_het
GTTAACTTCCAACATTAAGTAGAG-1-1,TP53_CALR_het
GTTAACTTCCCAGACTAAGTAGAG-1-1,TP53_CALR_het
GTTAACTTCCTGCAACAAGTAGAG-1-1,
GTTAACTTCGCCTCTCAAGTAGAG-1-1,
GTTAACTTCTAAGTAGAAGTAGAG-1-1,
GTTAACTTCTTGAATCAAGTAGAG-1-1,
GTTAAGGGTCTACCTCAAGTAGAG-1-1,TP53_CALR_het
GTTAAGGGTGCGGAATAAGTAGAG-1-1,TP53_EZH2_CALR_mut
GTTAATGAGACAAAGGAAGTAGAG-1-1,
GTTAATGAGACCTTTGAAGTAGAG-1-1,
GTTAATGAGAGGAGGTAAGTAGAG-1-1,
GTTAATGAGCACGTTCAAGTAGAG-1-1,
GTTAATGAGGGCAGTCAAGTAGAG-1-1,
GTTAATGAGTAGCTAAAAGTAGAG-1-1,TP53_CALR_het
GTTACCGGTCGAAGGTAAGTAGAG-1-1,TP53_CALR_het
GTTACCGGTCGTTCTCAAGTAGAG-1-1,TP53_CALR_het
GTTACCGGTGATTAGGAAGTAGAG-1-1,
GTTACCGGTTAGGCGGAAGTAGAG-1-1,
GTTACCGGTTGCGGCTAAGTAGAG-1-1,
GTTACCGGTTTACCGGAAGTAGAG-1-1,
GTTACCGGTTTAGTTGAAGTAGAG-1-1,TP53_CALR_het
GTTAGAATCAATACAGAAGTAGAG-1-1,
GTTAGAATCACAAGCGAAGTAGAG-1-1,
GTTAGAATCACTGTCAAAGTAGAG-1-1,TP53_CALR_het
GTTAGAATCAGTAGGTAAGTAGAG-1-1,TP53_EZH2_CALR_mut
GTTAGAATCATCGATTAAGTAGAG-1-1,TP53_CALR_het
GTTAGAATCCTGCCAGAAGTAGAG-1-1,ZRSR2_CALR_mut
GTTAGAATCGGTACAGAAGTAGAG-1-1,TP53_EZH2_CALR_mut
GTTAGAATCGTTAGGGAAGTAGAG-1-1,
GTTAGAATCTAGCGGAAAGTAGAG-1-1,TP53_EZH2_CALR_mut
GTTAGAATCTTGAAGAAAGTAGAG-1-1,
GTTAGCGAGAAACTCAAAGTAGAG-1-1,
GTTAGCGAGTTAACAGAAGTAGAG-1-1,
GTTAGCGAGTTATCCGAAGTAGAG-1-1,
GTTAGCGAGTTTGGTTAAGTAGAG-1-1,
GTTAGGCCACTAAGGCAAGTAGAG-1-1,TP53_CALR_het
GTTAGGCCACTAGTCTAAGTAGAG-1-1,
GTTAGGCCAGCACCTCAAGTAGAG-1-1,TP53_CALR_het
GTTAGGCCATCGAACAAAGTAGAG-1-1,
GTTAGGCCATGAGTCAAAGTAGAG-1-1,TP53_EZH2_CALR_mut
GTTAGGCCATTCAACCAAGTAGAG-1-1,TP53_EZH2_CALR_mut
GTTAGTCGTACACCCAAAGTAGAG-1-1,
GTTAGTCGTCCGGTACAAGTAGAG-1-1,TP53_EZH2_CALR_mut
GTTAGTCGTTAGCATCAAGTAGAG-1-1,
GTTAGTCGTTCCTTCAAAGTAGAG-1-1,TP53_CALR_het
GTTAGTCGTTGTGACTAAGTAGAG-1-1,
GTTATCTAGCATCCCGAAGTAGAG-1-1,TP53_CALR_het
GTTATCTAGCTATTACAAGTAGAG-1-1,TP53_CALR_het
GTTATCTAGGAAACCTAAGTAGAG-1-1,TP53_EZH2_CALR_mut
GTTATCTAGGACAAGAAAGTAGAG-1-1,
GTTATCTAGGTTGGGCAAGTAGAG-1-1,TP53_CALR_het
GTTATTGGTCAACAAGAAGTAGAG-1-1,TP53_CALR_het
GTTATTGGTCACAGGGAAGTAGAG-1-1,
GTTATTGGTCATCATAAAGTAGAG-1-1,
GTTATTGGTCCTTAGGAAGTAGAG-1-1,TP53_CALR_het
GTTATTGGTCGTTATAAAGTAGAG-1-1,TP53_CALR_het
GTTATTGGTGACCTATAAGTAGAG-1-1,
GTTATTGGTGCAGCTCAAGTAGAG-1-1,ZRSR2_CALR_mut
GTTATTGGTGCGGCAAAAGTAGAG-1-1,
GTTCACCAGCAAATTGAAGTAGAG-1-1,
GTTCACCAGCTATATCAAGTAGAG-1-1,TP53_CALR_het
GTTCACCAGGGATGAAAAGTAGAG-1-1,
GTTCACCAGGTTAGTAAAGTAGAG-1-1,TP53_CALR_het
GTTCACCAGTCACTATAAGTAGAG-1-1,
GTTCACCAGTTACCCAAAGTAGAG-1-1,
GTTCATCCAAAGTGCCAAGTAGAG-1-1,
GTTCATCCAACTGTTCAAGTAGAG-1-1,TP53_EZH2_CALR_mut
GTTCATCCAAGTTCCTAAGTAGAG-1-1,
GTTCATCCAATCCACTAAGTAGAG-1-1,
GTTCATCCACCAGCTCAAGTAGAG-1-1,TP53_CALR_het
GTTCATCCACTCAAAGAAGTAGAG-1-1,
GTTCATCCAGAATCGCAAGTAGAG-1-1,TP53_EZH2_CALR_mut
GTTCATCCAGCCATAAAAGTAGAG-1-1,
GTTCATCCAGCCATTTAAGTAGAG-1-1,
GTTCATCCAGGCTTAAAAGTAGAG-1-1,TP53_EZH2_CALR_mut
GTTCATCCATAACCAGAAGTAGAG-1-1,
GTTCATCCATACCTTAAAGTAGAG-1-1,
GTTCATTAGAAAGGCAAAGTAGAG-1-1,TP53_CALR_het
GTTCATTAGCTGATTTAAGTAGAG-1-1,
GTTCATTAGGCTGTGAAAGTAGAG-1-1,TP53_CALR_het
GTTCATTAGTCACACCAAGTAGAG-1-1,TP53_EZH2_CALR_mut
GTTCATTAGTGATTTCAAGTAGAG-1-1,TP53_CALR_het
GTTCCAGGTAACTTGCAAGTAGAG-1-1,
GTTCCAGGTCAAACTCAAGTAGAG-1-1,TP53_CALR_het
GTTCCAGGTCCTGAGCAAGTAGAG-1-1,
GTTCCAGGTGACACAAAAGTAGAG-1-1,
GTTCCAGGTGGACACGAAGTAGAG-1-1,TP53_CALR_het
GTTCCAGGTGTGGCTCAAGTAGAG-1-1,
GTTCCAGGTTCAAGCTAAGTAGAG-1-1,
GTTCCAGGTTTCTAAGAAGTAGAG-1-1,TP53_CALR_het
GTTCCATCAATCAAGTAAGTAGAG-1-1,TP53_EZH2_CALR_mut
GTTCCATCAATCCACTAAGTAGAG-1-1,TP53_CALR_het
GTTCCATCAATCGTTCAAGTAGAG-1-1,TP53_CALR_het
GTTCCATCACATACCTAAGTAGAG-1-1,
GTTCCATCACATTGTCAAGTAGAG-1-1,
GTTCCATCACGGGCTAAAGTAGAG-1-1,
GTTCCATCAGGATTGCAAGTAGAG-1-1,
GTTCCATCATACCTTAAAGTAGAG-1-1,
GTTCCATCATTGAGATAAGTAGAG-1-1,ZRSR2_CALR_mut
GTTCCATCATTTAGCCAAGTAGAG-1-1,TP53_CALR_het
GTTCGATGTAACTAGGAAGTAGAG-1-1,TP53_CALR_het
GTTCGATGTACGTCCAAAGTAGAG-1-1,ZRSR2_CALR_mut
GTTCGATGTCTCAGCAAAGTAGAG-1-1,
GTTCGATGTGGACACGAAGTAGAG-1-1,TP53_EZH2_CALR_het
GTTCGATGTGTTTCGGAAGTAGAG-1-1,
GTTCGATGTTGGAGCGAAGTAGAG-1-1,TP53_EZH2_CALR_mut
GTTCGATGTTTGAGCTAAGTAGAG-1-1,
GTTCGCGTCAAGGTGTAAGTAGAG-1-1,TP53_CALR_het
GTTCGCGTCATCCCAAAAGTAGAG-1-1,
GTTCGCGTCCAGGAATAAGTAGAG-1-1,TP53_EZH2_CALR_mut
GTTCGCGTCCATAAAGAAGTAGAG-1-1,TP53_EZH2_CALR_mut
GTTCGCGTCCCTCATTAAGTAGAG-1-1,
GTTCGCGTCCGAAAGTAAGTAGAG-1-1,
GTTCGCGTCCGTTAGCAAGTAGAG-1-1,
GTTCGCGTCCTAATCGAAGTAGAG-1-1,
GTTCGCGTCCTCACGGAAGTAGAG-1-1,TP53_EZH2_CALR_mut
GTTCGCGTCGAAGGCCAAGTAGAG-1-1,TP53_CALR_het
GTTCGCGTCTAATCACAAGTAGAG-1-1,ZRSR2_CALR_mut
GTTCGCGTCTGTGCACAAGTAGAG-1-1,
GTTCGCGTCTTACTCCAAGTAGAG-1-1,TP53_CALR_het
GTTCGGGCAACCTTGTAAGTAGAG-1-1,ZRSR2_CALR_mut
GTTCGGGCACCAGCCTAAGTAGAG-1-1,
GTTCGGGCACTTTACAAAGTAGAG-1-1,
GTTCGGGCAGCAAGCTAAGTAGAG-1-1,
GTTCGGGCAGCTTAAGAAGTAGAG-1-1,TP53_CALR_het
GTTCGGGCAGTAATACAAGTAGAG-1-1,TP53_CALR_het
GTTCGGGCATGGGTTAAAGTAGAG-1-1,
GTTCGTTCAAAGGGATAAGTAGAG-1-1,TP53_CALR_het
GTTCGTTCAAGTTCCTAAGTAGAG-1-1,
GTTCGTTCAGGGATGAAAGTAGAG-1-1,
GTTCGTTCATCTATGCAAGTAGAG-1-1,TP53_EZH2_CALR_mut
GTTCTGTCACATAGTGAAGTAGAG-1-1,
GTTCTGTCACTGTCATAAGTAGAG-1-1,TP53_EZH2_CALR_mut
GTTCTGTCAGGGATGAAAGTAGAG-1-1,TP53_EZH2_CALR_mut
GTTCTGTCATCACAGAAAGTAGAG-1-1,
GTTCTGTCATCAGGACAAGTAGAG-1-1,ZRSR2_CALR_mut
GTTCTGTCATCTATGCAAGTAGAG-1-1,TP53_EZH2_CALR_mut
GTTCTGTCATGAGCTAAAGTAGAG-1-1,
GTTCTGTCATGAGGGAAAGTAGAG-1-1,
GTTGAATCAAACTTGGAAGTAGAG-1-1,
GTTGAATCAAGTGCACAAGTAGAG-1-1,TP53_EZH2_CALR_mut
GTTGAATCACCTCGACAAGTAGAG-1-1,
GTTGAATCATACTGAGAAGTAGAG-1-1,
GTTGAATCATTGTGTCAAGTAGAG-1-1,TP53_EZH2_CALR_mut
GTTGAGCCAACCTTGTAAGTAGAG-1-1,TP53_CALR_het
GTTGAGCCAGGTATTGAAGTAGAG-1-1,
GTTGAGCCATTGCCTGAAGTAGAG-1-1,
GTTGAGGTCAAACCGGAAGTAGAG-1-1,
GTTGAGGTCACACAAAAAGTAGAG-1-1,TP53_EZH2_CALR_mut
GTTGAGGTCCAACTATAAGTAGAG-1-1,
GTTGAGGTCCAATGAAAAGTAGAG-1-1,
GTTGAGGTCCTGACTAAAGTAGAG-1-1,
GTTGAGGTCCTGGTTAAAGTAGAG-1-1,
GTTGAGGTCCTTTGAGAAGTAGAG-1-1,TP53_CALR_het
GTTGAGGTCGTCAACCAAGTAGAG-1-1,
GTTGAGGTCTTAAGCTAAGTAGAG-1-1,TP53_EZH2_CALR_mut
GTTGCATGTAAGGCTAAAGTAGAG-1-1,TP53_EZH2_CALR_mut
GTTGCATGTAATCCTAAAGTAGAG-1-1,TP53_CALR_het
GTTGCATGTAATGGTGAAGTAGAG-1-1,
GTTGCATGTACACCCAAAGTAGAG-1-1,
GTTGCATGTAGGAGGAAAGTAGAG-1-1,
GTTGCATGTATATTCGAAGTAGAG-1-1,
GTTGCATGTATCCGCAAAGTAGAG-1-1,TP53_EZH2_CALR_mut
GTTGCATGTCACCAGCAAGTAGAG-1-1,
GTTGCATGTCGTAAAGAAGTAGAG-1-1,TP53_EZH2_CALR_mut
GTTGCATGTGCTCCAAAAGTAGAG-1-1,
GTTGCATGTTCACCAGAAGTAGAG-1-1,
GTTGCATGTTCCGTGAAAGTAGAG-1-1,TP53_EZH2_CALR_mut
GTTGCGCGTACAAAGTAAGTAGAG-1-1,
GTTGCGCGTAGCTTTAAAGTAGAG-1-1,TP53_CALR_het
GTTGCGCGTCAGGAACAAGTAGAG-1-1,
GTTGCGCGTCGGTTATAAGTAGAG-1-1,
GTTGCGCGTGGACACGAAGTAGAG-1-1,TP53_CALR_het
GTTGCGCGTTCTTACTAAGTAGAG-1-1,TP53_EZH2_CALR_mut
GTTGGATAGATTCATCAAGTAGAG-1-1,TP53_CALR_het
GTTGGATAGCAAATCAAAGTAGAG-1-1,
GTTGGATAGGCTTAGGAAGTAGAG-1-1,
GTTGGATAGGGATTTAAAGTAGAG-1-1,
GTTGGATAGGTCTTGCAAGTAGAG-1-1,
GTTGGGTCAACATAGTAAGTAGAG-1-1,
GTTGGGTCAACGACTAAAGTAGAG-1-1,
GTTGGGTCACGGTACGAAGTAGAG-1-1,
GTTGGGTCACGTAGGTAAGTAGAG-1-1,
GTTGGGTCATTAGTGGAAGTAGAG-1-1,
GTTGTAAAGAGCAACTAAGTAGAG-1-1,TP53_EZH2_CALR_mut
GTTGTAAAGAGCAATCAAGTAGAG-1-1,
GTTGTAAAGATAACTGAAGTAGAG-1-1,
GTTGTAAAGATTCGTTAAGTAGAG-1-1,
GTTGTAAAGCAAACTAAAGTAGAG-1-1,
GTTGTAAAGCCTATATAAGTAGAG-1-1,TP53_CALR_het
GTTGTAAAGCTCGATCAAGTAGAG-1-1,TP53_EZH2_CALR_mut
GTTGTAAAGGCTGTGAAAGTAGAG-1-1,
GTTGTAAAGGTTAGCGAAGTAGAG-1-1,TP53_CALR_het
GTTGTAAAGTTAGGCGAAGTAGAG-1-1,
GTTGTAAAGTTGGCCTAAGTAGAG-1-1,
GTTGTCCAGAAGCAAGAAGTAGAG-1-1,TP53_CALR_het
GTTGTCCAGACTCAAAAAGTAGAG-1-1,
GTTGTCCAGATGCCTCAAGTAGAG-1-1,TP53_EZH2_CALR_mut
GTTGTCCAGCCAAACGAAGTAGAG-1-1,TP53_CALR_het
GTTGTCCAGCGAAGCCAAGTAGAG-1-1,
GTTGTCCAGGAAGGTAAAGTAGAG-1-1,TP53_CALR_het
GTTGTCCAGGCTGTGAAAGTAGAG-1-1,
GTTGTCCAGTAAGTGCAAGTAGAG-1-1,TP53_CALR_het
GTTGTGACAAAGAACAAAGTAGAG-1-1,
GTTGTGACAACTAGTGAAGTAGAG-1-1,
GTTGTGACAAGTGCACAAGTAGAG-1-1,
GTTGTGACAAGTTGCAAAGTAGAG-1-1,TP53_EZH2_CALR_mut
GTTGTGACAATAACCGAAGTAGAG-1-1,
GTTGTGACAATCGTGAAAGTAGAG-1-1,TP53_EZH2_CALR_mut
GTTGTGACACATACCTAAGTAGAG-1-1,TP53_EZH2_CALR_mut
GTTGTGACAGATTGCAAAGTAGAG-1-1,ZRSR2_CALR_mut
GTTGTGACAGCACTAAAAGTAGAG-1-1,TP53_CALR_het
GTTGTGACATCCGTCAAAGTAGAG-1-1,
GTTGTGACATGCAATGAAGTAGAG-1-1,
GTTGTGACATTCAGGAAAGTAGAG-1-1,
GTTGTGACATTCCTGGAAGTAGAG-1-1,TP53_CALR_het
GTTGTTCCAAGACATTAAGTAGAG-1-1,
GTTGTTCCAATGAGCCAAGTAGAG-1-1,TP53_CALR_het
GTTGTTCCACGGTCGAAAGTAGAG-1-1,TP53_EZH2_CALR_mut
GTTGTTCCACTAACAGAAGTAGAG-1-1,TP53_CALR_het
GTTGTTCCAGCACGTGAAGTAGAG-1-1,
GTTGTTCCATGACATGAAGTAGAG-1-1,
GTTGTTCCATTGACTCAAGTAGAG-1-1,TP53_EZH2_CALR_mut
GTTGTTCCATTGGGTAAAGTAGAG-1-1,
GTTGTTGTCACAAACAAAGTAGAG-1-1,
GTTGTTGTCCACAATTAAGTAGAG-1-1,TP53_EZH2_CALR_mut
GTTGTTGTCCATAACTAAGTAGAG-1-1,
GTTGTTGTCGCGAGTAAAGTAGAG-1-1,TP53_CALR_het
GTTTACGTCAATACAGAAGTAGAG-1-1,
GTTTACGTCATCAGCCAAGTAGAG-1-1,ZRSR2_CALR_mut
GTTTACGTCATGAATGAAGTAGAG-1-1,TP53_CALR_het
GTTTACGTCATGATGAAAGTAGAG-1-1,
GTTTACGTCCAGCTTAAAGTAGAG-1-1,TP53_CALR_het
GTTTACGTCCCTCAAAAAGTAGAG-1-1,TP53_CALR_het
GTTTACGTCGCCTAACAAGTAGAG-1-1,ZRSR2_CALR_mut
GTTTACGTCTGGCCCAAAGTAGAG-1-1,
GTTTAGCGTCCGTGACAAGTAGAG-1-1,
GTTTAGCGTGATTACCAAGTAGAG-1-1,
GTTTAGCGTGTGGCTCAAGTAGAG-1-1,
GTTTAGCGTTGTCATAAAGTAGAG-1-1,
GTTTAGCGTTTCCTGCAAGTAGAG-1-1,ZRSR2_CALR_mut
GTTTAGCGTTTGTCCCAAGTAGAG-1-1,
GTTTAGTTCAAGGGTTAAGTAGAG-1-1,TP53_EZH2_CALR_mut
GTTTAGTTCACTTCGAAAGTAGAG-1-1,TP53_CALR_het
GTTTAGTTCCATGATTAAGTAGAG-1-1,
GTTTAGTTCCTGAGGAAAGTAGAG-1-1,
GTTTAGTTCGAAACTAAAGTAGAG-1-1,
GTTTAGTTCTTTGGTGAAGTAGAG-1-1,TP53_EZH2_CALR_mut
GTTTATCAGCAAACCGAAGTAGAG-1-1,
GTTTATCAGCAAATTGAAGTAGAG-1-1,
GTTTATCAGCGCTTACAAGTAGAG-1-1,TP53_CALR_het
GTTTATCAGCTATTACAAGTAGAG-1-1,
GTTTATCAGGATTATGAAGTAGAG-1-1,
GTTTATCAGGCTTAGGAAGTAGAG-1-1,
GTTTATCAGGGCAGTCAAGTAGAG-1-1,
GTTTATCAGGTAATTGAAGTAGAG-1-1,TP53_CALR_het
GTTTATCAGTCACTATAAGTAGAG-1-1,
GTTTATCAGTCGCATCAAGTAGAG-1-1,
GTTTATCAGTTACCTGAAGTAGAG-1-1,
GTTTCACCAAACAAGAAAGTAGAG-1-1,
GTTTCACCAAATAAGGAAGTAGAG-1-1,TP53_EZH2_CALR_mut
GTTTCACCAAGATGCCAAGTAGAG-1-1,TP53_CALR_het
GTTTCACCACAGCAACAAGTAGAG-1-1,TP53_CALR_het
GTTTCACCAGCACTAAAAGTAGAG-1-1,
GTTTCACCATGACCAAAAGTAGAG-1-1,
GTTTCACCATGGCTTTAAGTAGAG-1-1,TP53_EZH2_CALR_mut
GTTTGAGCAAACTTCCAAGTAGAG-1-1,
GTTTGAGCAACTAAGTAAGTAGAG-1-1,
GTTTGAGCAATGGCCGAAGTAGAG-1-1,
GTTTGAGCACTATGTCAAGTAGAG-1-1,TP53_CALR_het
GTTTGAGCACTCAATCAAGTAGAG-1-1,TP53_CALR_het
GTTTGAGCAGTTATGGAAGTAGAG-1-1,
GTTTGAGCATGAGCTAAAGTAGAG-1-1,
GTTTGAGCATTTGGCTAAGTAGAG-1-1,
GTTTGCATCAATACAGAAGTAGAG-1-1,TP53_EZH2_CALR_mut
GTTTGCATCACTCGCGAAGTAGAG-1-1,
GTTTGCATCATTATGCAAGTAGAG-1-1,TP53_CALR_het
GTTTGCATCATTTGCGAAGTAGAG-1-1,
GTTTGCATCCATGATTAAGTAGAG-1-1,TP53_CALR_het
GTTTGCATCGAACGTGAAGTAGAG-1-1,TP53_CALR_het
GTTTGCATCGGTCAAGAAGTAGAG-1-1,
GTTTGCATCTCCATCTAAGTAGAG-1-1,
GTTTGGACAACCCTATAAGTAGAG-1-1,TP53_EZH2_CALR_mut
GTTTGGACAACCGGATAAGTAGAG-1-1,
GTTTGGACACAATACGAAGTAGAG-1-1,TP53_CALR_het
GTTTGGACACATTCGTAAGTAGAG-1-1,TP53_EZH2_CALR_mut
GTTTGGACACCAACAAAAGTAGAG-1-1,ZRSR2_CALR_mut
GTTTGGACACCTAAAGAAGTAGAG-1-1,
GTTTGGGAGAAGCATCAAGTAGAG-1-1,ZRSR2_CALR_mut
GTTTGGGAGCCGCTATAAGTAGAG-1-1,TP53_CALR_het
GTTTGGGAGCCTCTAAAAGTAGAG-1-1,
GTTTGGGAGCTAAGTAAAGTAGAG-1-1,TP53_CALR_het
GTTTGGGAGGCGATATAAGTAGAG-1-1,
GTTTGGGAGGGTTTGGAAGTAGAG-1-1,ZRSR2_CALR_mut
GTTTGGTGTAATGCCTAAGTAGAG-1-1,
GTTTGGTGTCATCCCTAAGTAGAG-1-1,
GTTTGGTGTCCAGCTAAAGTAGAG-1-1,
GTTTGGTGTGACATGAAAGTAGAG-1-1,
GTTTGGTGTGATGCAAAAGTAGAG-1-1,TP53_EZH2_CALR_mut
GTTTGGTGTGCTTCGAAAGTAGAG-1-1,TP53_CALR_het
GTTTGGTGTTCTCAAAAAGTAGAG-1-1,
GTTTGGTGTTGAGTCTAAGTAGAG-1-1,TP53_EZH2_CALR_mut
GTTTGGTGTTTACGACAAGTAGAG-1-1,TP53_EZH2_CALR_mut
GTTTGTAGTCATCATAAAGTAGAG-1-1,
GTTTGTAGTCGTAAAGAAGTAGAG-1-1,
GTTTGTAGTCTAACCGAAGTAGAG-1-1,TP53_CALR_het
GTTTGTAGTCTTACTTAAGTAGAG-1-1,TP53_CALR_het
GTTTGTAGTGATTAGGAAGTAGAG-1-1,TP53_CALR_het
GTTTGTAGTGTGTCGCAAGTAGAG-1-1,
GTTTGTAGTTGCGGCTAAGTAGAG-1-1,
GTTTGTAGTTGGCGAGAAGTAGAG-1-1,ZRSR2_CALR_mut
GTTTGTCCAAACGGTCAAGTAGAG-1-1,
GTTTGTCCAAAGAACAAAGTAGAG-1-1,TP53_EZH2_CALR_mut
GTTTGTCCAGCAATTGAAGTAGAG-1-1,TP53_CALR_het
GTTTGTCCAGTTAAACAAGTAGAG-1-1,TP53_EZH2_CALR_mut
TAAACCCGTAAAGCGCAAGTAGAG-1-1,TP53_CALR_het
TAAACCCGTAATTGCCAAGTAGAG-1-1,
TAAACCCGTATGGTAGAAGTAGAG-1-1,
TAAACCCGTATTCAGCAAGTAGAG-1-1,TP53_EZH2_CALR_mut
TAAACCCGTCATGAAGAAGTAGAG-1-1,ZRSR2_CALR_mut
TAAACCCGTCATTACAAAGTAGAG-1-1,
TAAACCCGTCGAATCTAAGTAGAG-1-1,
TAAACCCGTCGGTTATAAGTAGAG-1-1,TP53_EZH2_CALR_mut
TAAACCCGTGTGGCTCAAGTAGAG-1-1,
TAAACCCGTTAGTAGGAAGTAGAG-1-1,TP53_CALR_het
TAAACCCGTTCTGGCAAAGTAGAG-1-1,
TAAACCCGTTCTTACTAAGTAGAG-1-1,
TAAACCCGTTGCTGTGAAGTAGAG-1-1,
TAAACGGGTACACCCAAAGTAGAG-1-1,TP53_EZH2_CALR_mut
TAAACGGGTACCGCACAAGTAGAG-1-1,
TAAACGGGTACCTTAAAAGTAGAG-1-1,
TAAACGGGTATTTACGAAGTAGAG-1-1,TP53_CALR_het
TAAACGGGTCCAGCTAAAGTAGAG-1-1,
TAAACGGGTCGAATCTAAGTAGAG-1-1,
TAAACGGGTGGGAACTAAGTAGAG-1-1,
TAAACTGAGAAGGTTCAAGTAGAG-1-1,
TAAACTGAGAGGAAATAAGTAGAG-1-1,TP53_EZH2_CALR_mut
TAAACTGAGATAATCGAAGTAGAG-1-1,
TAAACTGAGGATGAAGAAGTAGAG-1-1,
TAAACTGAGGTGAGGGAAGTAGAG-1-1,
TAAACTGAGGTTGGGCAAGTAGAG-1-1,TP53_CALR_het
TAAACTGAGTAAACCAAAGTAGAG-1-1,
TAAACTGAGTGATGGTAAGTAGAG-1-1,
TAAAGCCAGACCAGGCAAGTAGAG-1-1,TP53_CALR_het
TAAAGCCAGCCATAAAAAGTAGAG-1-1,TP53_EZH2_CALR_mut
TAAAGCCAGGTGAGTTAAGTAGAG-1-1,TP53_CALR_het
TAAAGCCAGTCCTCAAAAGTAGAG-1-1,
TAAAGGCTCATGACAAAAGTAGAG-1-1,
TAAAGGCTCCACAATTAAGTAGAG-1-1,
TAAAGGCTCGCCTAACAAGTAGAG-1-1,
TAAAGGCTCGCGTTCGAAGTAGAG-1-1,TP53_CALR_het
TAAAGGCTCTAATGAGAAGTAGAG-1-1,
TAAAGGGAGATGCCTCAAGTAGAG-1-1,
TAAAGGGAGCACGTTCAAGTAGAG-1-1,TP53_EZH2_CALR_mut
TAAAGGGAGCGAGTTGAAGTAGAG-1-1,
TAAAGGGAGCTCGATCAAGTAGAG-1-1,ZRSR2_CALR_mut
TAAAGGGAGGATTAGCAAGTAGAG-1-1,
TAAAGGGAGGCGCATAAAGTAGAG-1-1,TP53_EZH2_CALR_mut
TAAAGGGAGGTGAATCAAGTAGAG-1-1,
TAAAGGGAGGTTCCGTAAGTAGAG-1-1,TP53_CALR_het
TAAAGGGAGGTTTCCAAAGTAGAG-1-1,
TAAAGGGAGTACCAGGAAGTAGAG-1-1,
TAAATCGAGAGCCGGTAAGTAGAG-1-1,TP53_EZH2_CALR_mut
TAAATCGAGGCTCCATAAGTAGAG-1-1,
TAAATCGAGGCTTAGGAAGTAGAG-1-1,TP53_CALR_het
TAAATCGAGGTCTTTGAAGTAGAG-1-1,TP53_CALR_het
TAAATCGAGGTTTCGCAAGTAGAG-1-1,TP53_CALR_het
TAACACGCAACTAAACAAGTAGAG-1-1,
TAACACGCAAGAACAAAAGTAGAG-1-1,
TAACACGCAGGTGACTAAGTAGAG-1-1,TP53_CALR_het
TAACACGCATAAGCTGAAGTAGAG-1-1,TP53_CALR_het
TAACACGCATTTAGCCAAGTAGAG-1-1,
TAACAGGGTAATGCCTAAGTAGAG-1-1,
TAACAGGGTATGGTAGAAGTAGAG-1-1,
TAACAGGGTATTCGACAAGTAGAG-1-1,ZRSR2_CALR_mut
TAACAGGGTATTCGTAAAGTAGAG-1-1,
TAACAGGGTGACCTTGAAGTAGAG-1-1,TP53_EZH2_CALR_mut
TAACAGGGTGTTTGCGAAGTAGAG-1-1,
TAACAGGGTTGTTCCCAAGTAGAG-1-1,TP53_EZH2_CALR_mut
TAACAGGGTTGTTGGTAAGTAGAG-1-1,
TAACCAAAGACAACACAAGTAGAG-1-1,TP53_CALR_het
TAACCAAAGACCAGGCAAGTAGAG-1-1,
TAACCAAAGCAGGTTGAAGTAGAG-1-1,TP53_CALR_het
TAACCAAAGGATCCCTAAGTAGAG-1-1,TP53_EZH2_CALR_mut
TAACCAAAGGGCGGTTAAGTAGAG-1-1,TP53_EZH2_CALR_mut
TAACCACGTAAGGTTGAAGTAGAG-1-1,TP53_CALR_het
TAACCACGTCACTATAAAGTAGAG-1-1,TP53_CALR_het
TAACCACGTCATTACAAAGTAGAG-1-1,
TAACCACGTCGTAAAGAAGTAGAG-1-1,TP53_CALR_het
TAACCACGTCGTTCGAAAGTAGAG-1-1,
TAACCCTCAAACTTCCAAGTAGAG-1-1,
TAACCCTCAATAGCTGAAGTAGAG-1-1,
TAACCCTCAATATGCGAAGTAGAG-1-1,
TAACCCTCACATAAACAAGTAGAG-1-1,TP53_CALR_het
TAACCCTCACGTGCTCAAGTAGAG-1-1,TP53_CALR_het
TAACCCTCAGAGGCTTAAGTAGAG-1-1,
TAACCCTCAGGCTTAAAAGTAGAG-1-1,
TAACCCTCATAAGTCGAAGTAGAG-1-1,TP53_CALR_het
TAACCCTCATCAAGCAAAGTAGAG-1-1,TP53_EZH2_CALR_mut
TAACCCTCATCAAGTGAAGTAGAG-1-1,TP53_CALR_het
TAACCCTCATGCGGATAAGTAGAG-1-1,
TAACCCTCATTCAGGAAAGTAGAG-1-1,
TAACCCTCATTCTGTAAAGTAGAG-1-1,
TAACCGCTCACCACACAAGTAGAG-1-1,
TAACCGCTCATAGGTAAAGTAGAG-1-1,
TAACCGCTCCAGCTTAAAGTAGAG-1-1,
TAACCGCTCGAACGTGAAGTAGAG-1-1,
TAACCGCTCTAACCATAAGTAGAG-1-1,
TAACCGTGTATGGGACAAGTAGAG-1-1,
TAACCGTGTATGGTGAAAGTAGAG-1-1,TP53_EZH2_CALR_mut
TAACCGTGTCAACTACAAGTAGAG-1-1,
TAACCGTGTCAATTGCAAGTAGAG-1-1,
TAACCGTGTGACATTCAAGTAGAG-1-1,
TAACCGTGTGCGATAAAAGTAGAG-1-1,
TAACCGTGTGGCTCACAAGTAGAG-1-1,TP53_EZH2_CALR_mut
TAACCGTGTTAAGTCCAAGTAGAG-1-1,
TAACCGTGTTCACTCCAAGTAGAG-1-1,TP53_CALR_het
TAACCGTGTTGGATAGAAGTAGAG-1-1,TP53_EZH2_CALR_mut
TAACCGTGTTTCACCCAAGTAGAG-1-1,
TAACCTGTCCTCCCACAAGTAGAG-1-1,
TAACCTGTCGACCCATAAGTAGAG-1-1,
TAACCTTAGAGGTTCGAAGTAGAG-1-1,
TAACCTTAGCCATCACAAGTAGAG-1-1,
TAACCTTAGCTGATTTAAGTAGAG-1-1,
TAACCTTAGGTTCTTGAAGTAGAG-1-1,TP53_CALR_het
TAACCTTAGTAAGCACAAGTAGAG-1-1,
TAACCTTAGTAGCTAAAAGTAGAG-1-1,TP53_EZH2_CALR_mut
TAACCTTAGTTATTGCAAGTAGAG-1-1,
TAACCTTAGTTGACGGAAGTAGAG-1-1,
TAACGAATCAGTAGGTAAGTAGAG-1-1,TP53_CALR_het
TAACGAATCATGAGGTAAGTAGAG-1-1,
TAACGAATCCGCCCAAAAGTAGAG-1-1,
TAACGAATCCGTCCAGAAGTAGAG-1-1,
TAACGAATCTAATCGTAAGTAGAG-1-1,
TAACGAATCTGTGCACAAGTAGAG-1-1,ZRSR2_CALR_mut
TAACGCCTCAGGTAGTAAGTAGAG-1-1,
TAACGCCTCATTGCATAAGTAGAG-1-1,
TAACGCCTCCAATACTAAGTAGAG-1-1,
TAACGCCTCCATCCGGAAGTAGAG-1-1,TP53_CALR_het
TAACGCCTCCTTTGGAAAGTAGAG-1-1,
TAACGCCTCGTAGTTTAAGTAGAG-1-1,TP53_CALR_het
TAACGCCTCGTGATTTAAGTAGAG-1-1,TP53_EZH2_CALR_mut
TAACGCCTCTAATTGCAAGTAGAG-1-1,
TAACGCCTCTCACTAGAAGTAGAG-1-1,TP53_CALR_het
TAACGCCTCTCAGCTAAAGTAGAG-1-1,
TAACGTTTCACATTCGAAGTAGAG-1-1,
TAACGTTTCACCAGCTAAGTAGAG-1-1,ZRSR2_CALR_mut
TAACGTTTCAGGTTAAAAGTAGAG-1-1,TP53_CALR_het
TAACGTTTCATAGGCGAAGTAGAG-1-1,
TAACGTTTCATGCCTAAAGTAGAG-1-1,TP53_CALR_het
TAACGTTTCCAAAGACAAGTAGAG-1-1,
TAACGTTTCCAGCTACAAGTAGAG-1-1,
TAACGTTTCCATGATTAAGTAGAG-1-1,
TAACGTTTCCTTTGTCAAGTAGAG-1-1,
TAACTGTTCACCAGCTAAGTAGAG-1-1,
TAACTGTTCAGCACGAAAGTAGAG-1-1,
TAACTGTTCATCCAGCAAGTAGAG-1-1,
TAACTGTTCCAAATAGAAGTAGAG-1-1,
TAACTGTTCCACAATTAAGTAGAG-1-1,
TAACTGTTCCTAAAGAAAGTAGAG-1-1,
TAACTGTTCCTGCCAGAAGTAGAG-1-1,TP53_EZH2_CALR_mut
TAACTGTTCGACTCACAAGTAGAG-1-1,
TAACTGTTCTCAAACTAAGTAGAG-1-1,TP53_CALR_het
TAACTTGGTAAGCTAGAAGTAGAG-1-1,TP53_EZH2_CALR_mut
TAACTTGGTCAACATCAAGTAGAG-1-1,TP53_CALR_het
TAACTTGGTCGTCCAAAAGTAGAG-1-1,TP53_CALR_het
TAACTTGGTGACCTGCAAGTAGAG-1-1,TP53_CALR_het
TAACTTGGTGATAAACAAGTAGAG-1-1,
TAACTTGGTGCGGCTTAAGTAGAG-1-1,TP53_EZH2_CALR_mut
TAACTTGGTTCAAGCTAAGTAGAG-1-1,
TAACTTGGTTCCGGGTAAGTAGAG-1-1,
TAACTTGGTTGCCTGAAAGTAGAG-1-1,TP53_CALR_het
TAAGAAGCAAGCTAATAAGTAGAG-1-1,TP53_EZH2_CALR_mut
TAAGAAGCAGCTCGAGAAGTAGAG-1-1,
TAAGAAGCAGGATTGCAAGTAGAG-1-1,
TAAGAAGCAGTGAGAGAAGTAGAG-1-1,
TAAGAAGCATATAGGTAAGTAGAG-1-1,
TAAGAAGCATCGTTCGAAGTAGAG-1-1,
TAAGCTAAGACAACACAAGTAGAG-1-1,TP53_EZH2_CALR_mut
TAAGCTAAGCAAAGCTAAGTAGAG-1-1,TP53_EZH2_CALR_mut
TAAGCTAAGCAATCGGAAGTAGAG-1-1,
TAAGCTAAGCACTAGGAAGTAGAG-1-1,
TAAGCTAAGCATTACTAAGTAGAG-1-1,
TAAGCTAAGGTAATTGAAGTAGAG-1-1,TP53_CALR_het
TAAGCTAAGGTCTTGCAAGTAGAG-1-1,
TAAGCTAAGGTTAGCGAAGTAGAG-1-1,
TAAGCTAAGTCAACAAAAGTAGAG-1-1,TP53_CALR_het
TAAGCTAAGTGAGGAAAAGTAGAG-1-1,
TAAGCTTTCCCAGACTAAGTAGAG-1-1,
TAAGCTTTCGAGCTAGAAGTAGAG-1-1,TP53_CALR_het
TAAGCTTTCGCCTGCAAAGTAGAG-1-1,
TAAGCTTTCGCGGAACAAGTAGAG-1-1,
TAAGCTTTCGCTTGCGAAGTAGAG-1-1,TP53_CALR_het
TAAGCTTTCGGTACGAAAGTAGAG-1-1,
TAAGCTTTCTAATGGAAAGTAGAG-1-1,TP53_CALR_het
TAAGCTTTCTCAGCTAAAGTAGAG-1-1,ZRSR2_CALR_mut
TAAGCTTTCTCCATCTAAGTAGAG-1-1,TP53_CALR_het
TAAGCTTTCTCGCCTCAAGTAGAG-1-1,
TAAGCTTTCTGGCCATAAGTAGAG-1-1,TP53_EZH2_CALR_mut
TAAGGCTAGACTAACAAAGTAGAG-1-1,TP53_EZH2_CALR_mut
TAAGGCTAGCAAATCAAAGTAGAG-1-1,TP53_CALR_het
TAAGGCTAGCACTACCAAGTAGAG-1-1,
TAAGGCTAGCTCGACTAAGTAGAG-1-1,
TAAGGCTAGGCCATGAAAGTAGAG-1-1,TP53_EZH2_CALR_mut
TAAGGCTAGGCTAGATAAGTAGAG-1-1,TP53_CALR_het
TAAGGCTAGGGTTTGGAAGTAGAG-1-1,
TAAGGCTAGGTTGCTCAAGTAGAG-1-1,
TAAGGCTAGTAATTGGAAGTAGAG-1-1,
TAAGGCTAGTGCAACGAAGTAGAG-1-1,TP53_CALR_het
TAAGGCTAGTTTGAGAAAGTAGAG-1-1,
TAAGGTTCAACATGATAAGTAGAG-1-1,
TAAGGTTCAATCAAACAAGTAGAG-1-1,ZRSR2_CALR_mut
TAAGGTTCACGGTTCCAAGTAGAG-1-1,
TAAGGTTCAGAAACTTAAGTAGAG-1-1,
TAAGGTTCATAGGGTCAAGTAGAG-1-1,
TAAGGTTCATATGGTGAAGTAGAG-1-1,TP53_CALR_het
TAAGGTTCATCACAGAAAGTAGAG-1-1,
TAAGTACCAACAGAGGAAGTAGAG-1-1,
TAAGTACCAACCTCGCAAGTAGAG-1-1,TP53_CALR_het
TAAGTACCAATCGTTCAAGTAGAG-1-1,TP53_CALR_het
TAAGTACCAGCCAGCAAAGTAGAG-1-1,ZRSR2_CALR_mut
TAATAGCCAATGAATCAAGTAGAG-1-1,TP53_EZH2_CALR_mut
TAATAGCCACAACATGAAGTAGAG-1-1,TP53_CALR_het
TAATAGCCACGGGCTAAAGTAGAG-1-1,ZRSR2_CALR_mut
TAATAGCCACGTAGTAAAGTAGAG-1-1,
TAATAGCCATAGCGACAAGTAGAG-1-1,ZRSR2_CALR_mut
TAATAGCCATGGCTTTAAGTAGAG-1-1,TP53_EZH2_CALR_mut
TAATAGGTCAATGTTCAAGTAGAG-1-1,
TAATAGGTCAGGCCAAAAGTAGAG-1-1,
TAATAGGTCAGTCTATAAGTAGAG-1-1,TP53_EZH2_CALR_mut
TAATAGGTCCTGGTTAAAGTAGAG-1-1,TP53_EZH2_CALR_mut
TAATAGGTCTCTATGGAAGTAGAG-1-1,TP53_CALR_het
TAATAGGTCTGCAACCAAGTAGAG-1-1,
TAATAGGTCTTCGCTTAAGTAGAG-1-1,
TAATGCGCAAACCTGAAAGTAGAG-1-1,
TAATGCGCAAAGTGCCAAGTAGAG-1-1,ZRSR2_CALR_mut
TAATGCGCAAGTTGGCAAGTAGAG-1-1,
TAATGCGCAATGAAGAAAGTAGAG-1-1,TP53_CALR_het
TAATGCGCAATGAGCCAAGTAGAG-1-1,TP53_EZH2_CALR_mut
TAATGCGCAATGGGAGAAGTAGAG-1-1,
TAATGCGCACACTAAGAAGTAGAG-1-1,
TAATGCGCACCTCGACAAGTAGAG-1-1,TP53_EZH2_CALR_mut
TAATGCGCAGCCATTTAAGTAGAG-1-1,TP53_CALR_het
TAATGCGCATCAGGTAAAGTAGAG-1-1,
TAATGTGAGAACCTAAAAGTAGAG-1-1,TP53_CALR_het
TAATGTGAGCCATAAAAAGTAGAG-1-1,
TAATGTGAGGCCATTCAAGTAGAG-1-1,ZRSR2_CALR_mut
TACAAACCAACCGTAAAAGTAGAG-1-1,TP53_EZH2_CALR_mut
TACAAACCAACGTTAGAAGTAGAG-1-1,TP53_CALR_het
TACAAACCAAGTAAGAAAGTAGAG-1-1,
TACAAACCACATGCTTAAGTAGAG-1-1,
TACAAACCAGAGGCTTAAGTAGAG-1-1,
TACAAACCAGCACCTCAAGTAGAG-1-1,
TACAAACCAGTTATGGAAGTAGAG-1-1,
TACAACAAGAGAGCAAAAGTAGAG-1-1,
TACAACAAGCAAATTGAAGTAGAG-1-1,
TACAACAAGCACTAGGAAGTAGAG-1-1,TP53_CALR_het
TACAACAAGCCATAAAAAGTAGAG-1-1,
TACAACAAGCCCTGATAAGTAGAG-1-1,TP53_CALR_het
TACAACAAGGGCGGTTAAGTAGAG-1-1,TP53_CALR_het
TACAACAAGTGGCTTCAAGTAGAG-1-1,
TACAACAAGTGTTTCGAAGTAGAG-1-1,
TACAATGAGACCTTGCAAGTAGAG-1-1,TP53_EZH2_CALR_mut
TACAATGAGAGCAACTAAGTAGAG-1-1,
TACAATGAGGATGAAGAAGTAGAG-1-1,TP53_EZH2_CALR_mut
TACAATGAGGTAATTGAAGTAGAG-1-1,
TACAATGAGGTGAGCCAAGTAGAG-1-1,
TACAATGAGTCCTGACAAGTAGAG-1-1,TP53_CALR_het
TACAATGAGTGTCCACAAGTAGAG-1-1,
TACAATGAGTTACTCGAAGTAGAG-1-1,
TACACCGGTACCGTTGAAGTAGAG-1-1,
TACACCGGTACCTCAGAAGTAGAG-1-1,ZRSR2_CALR_mut
TACACCGGTATGTTTGAAGTAGAG-1-1,TP53_CALR_het
TACACCGGTGGCTTTGAAGTAGAG-1-1,
TACACCGGTTATGTGCAAGTAGAG-1-1,
TACACCGGTTTGTGACAAGTAGAG-1-1,
TACAGAATCAAGCCAGAAGTAGAG-1-1,
TACAGAATCAATACAGAAGTAGAG-1-1,
TACAGAATCAGCGATGAAGTAGAG-1-1,TP53_EZH2_CALR_mut
TACAGAATCATGATGAAAGTAGAG-1-1,
TACAGAATCATGCCTAAAGTAGAG-1-1,
TACAGAATCATTGAGAAAGTAGAG-1-1,
TACAGAATCCATCCTTAAGTAGAG-1-1,
TACAGAATCCCATTGAAAGTAGAG-1-1,
TACAGAATCCTGCAACAAGTAGAG-1-1,TP53_EZH2_CALR_mut
TACAGAATCCTTATGGAAGTAGAG-1-1,
TACAGAATCTATCACGAAGTAGAG-1-1,
TACAGGTAGAGCAATCAAGTAGAG-1-1,
TACAGGTAGAGGCGGAAAGTAGAG-1-1,TP53_EZH2_CALR_mut
TACAGGTAGTGATCAAAAGTAGAG-1-1,
TACAGGTAGTGGCTTCAAGTAGAG-1-1,
TACAGGTAGTGTGAGTAAGTAGAG-1-1,
TACAGGTAGTTTCACGAAGTAGAG-1-1,ZRSR2_CALR_mut
TACATACTCAAGGTGTAAGTAGAG-1-1,TP53_CALR_het
TACATACTCCAACATTAAGTAGAG-1-1,TP53_CALR_het
TACATACTCCATTAGTAAGTAGAG-1-1,ZRSR2_CALR_mut
TACATACTCTGGCCCAAAGTAGAG-1-1,
TACATACTCTTCGCCCAAGTAGAG-1-1,
TACCAGCTCAAGCCAGAAGTAGAG-1-1,
TACCAGCTCAATGTGAAAGTAGAG-1-1,TP53_CALR_het
TACCAGCTCACTAGGGAAGTAGAG-1-1,
TACCAGCTCAGCGGGTAAGTAGAG-1-1,TP53_EZH2_CALR_mut
TACCAGCTCAGTAGCGAAGTAGAG-1-1,TP53_EZH2_CALR_mut
TACCAGCTCGCTATATAAGTAGAG-1-1,
TACCATCCACAACAATAAGTAGAG-1-1,
TACCATCCACCTAACTAAGTAGAG-1-1,
TACCATCCAGTTGCCCAAGTAGAG-1-1,TP53_CALR_het
TACCATCCATGCCTCAAAGTAGAG-1-1,TP53_EZH2_CALR_mut
TACCCGGTCACCAGCTAAGTAGAG-1-1,
TACCCGGTCACGTTATAAGTAGAG-1-1,TP53_CALR_het
TACCCGGTCAGGCAATAAGTAGAG-1-1,
TACCCGGTCATCGATTAAGTAGAG-1-1,TP53_EZH2_CALR_mut
TACCCGGTCCATAGGGAAGTAGAG-1-1,
TACCCGGTCTAAGTAGAAGTAGAG-1-1,TP53_EZH2_CALR_mut
TACCCGGTCTCAAACTAAGTAGAG-1-1,TP53_EZH2_CALR_mut
TACCCGGTCTCAGCACAAGTAGAG-1-1,TP53_CALR_het
TACCCGGTCTGGAACGAAGTAGAG-1-1,ZRSR2_CALR_mut
TACCGAACAAACGGGAAAGTAGAG-1-1,
TACCGAACAATCGTTCAAGTAGAG-1-1,TP53_CALR_het
TACCGAACAATGGATTAAGTAGAG-1-1,TP53_CALR_het
TACCGAACAGCTTTCGAAGTAGAG-1-1,
TACCGAACATCAATCCAAGTAGAG-1-1,TP53_EZH2_CALR_mut
TACCGAACATCATGCTAAGTAGAG-1-1,
TACCGAACATTGCATCAAGTAGAG-1-1,
TACCGAACATTTGGCTAAGTAGAG-1-1,
TACCGCCCAAATAACCAAGTAGAG-1-1,ZRSR2_CALR_mut
TACCGCCCACATAAACAAGTAGAG-1-1,TP53_CALR_het
TACCGCCCACCAGCCTAAGTAGAG-1-1,TP53_CALR_het
TACCGCCCACCATCCAAAGTAGAG-1-1,TP53_EZH2_CALR_mut
TACCGCCCACCTTCAGAAGTAGAG-1-1,TP53_CALR_het
TACCGCCCACGTAATGAAGTAGAG-1-1,TP53_CALR_het
TACCGCCCACTTTACAAAGTAGAG-1-1,
TACCGCCCAGCGATCGAAGTAGAG-1-1,
TACCGCCCAGCTCGCTAAGTAGAG-1-1,TP53_EZH2_CALR_mut
TACCGGCGTAAGCTAGAAGTAGAG-1-1,TP53_EZH2_CALR_mut
TACCGGCGTACTTCAAAAGTAGAG-1-1,TP53_CALR_het
TACCGGCGTAGCCATTAAGTAGAG-1-1,
TACCGGCGTATTCGACAAGTAGAG-1-1,
TACCGGCGTCGTAACTAAGTAGAG-1-1,
TACCGGCGTGATTACCAAGTAGAG-1-1,ZRSR2_CALR_mut
TACCGGCGTGTGAGGTAAGTAGAG-1-1,
TACCGGCGTTACCGTGAAGTAGAG-1-1,
TACCGGCGTTATGAGGAAGTAGAG-1-1,TP53_EZH2_CALR_mut
TACCGGGCAAGCCTCCAAGTAGAG-1-1,
TACCGGGCACAACATGAAGTAGAG-1-1,
TACCGGGCACTATGGAAAGTAGAG-1-1,
TACCGGGCAGAATCGCAAGTAGAG-1-1,
TACCGGGCAGCCATTTAAGTAGAG-1-1,ZRSR2_CALR_mut
TACCGGGCAGGGATGAAAGTAGAG-1-1,TP53_EZH2_CALR_mut
TACCGGGCAGTTAAACAAGTAGAG-1-1,
TACCGTTCAAACCCAAAAGTAGAG-1-1,
TACCGTTCAAGCTAATAAGTAGAG-1-1,
TACCGTTCACCTAAGAAAGTAGAG-1-1,
TACCGTTCAGTTATCCAAGTAGAG-1-1,
TACCGTTCATAGGCGTAAGTAGAG-1-1,ZRSR2_CALR_mut
TACCTGCAGAAGGTCTAAGTAGAG-1-1,
TACCTGCAGAGGAAATAAGTAGAG-1-1,TP53_EZH2_CALR_mut
TACCTGCAGCCTAAGGAAGTAGAG-1-1,
TACCTGCAGCGAATACAAGTAGAG-1-1,TP53_CALR_het
TACCTGCAGGCCATGAAAGTAGAG-1-1,
TACCTGCAGGCCCATTAAGTAGAG-1-1,
TACCTGCAGGCTACTCAAGTAGAG-1-1,
TACCTGCAGGGCCTTTAAGTAGAG-1-1,
TACCTGCAGGGCGGAAAAGTAGAG-1-1,
TACCTTTGTAAATAGCAAGTAGAG-1-1,TP53_EZH2_CALR_mut
TACCTTTGTCAGGGCAAAGTAGAG-1-1,
TACCTTTGTTGGATAGAAGTAGAG-1-1,
TACCTTTGTTTGTCAAAAGTAGAG-1-1,
TACGCAACAAGATGCCAAGTAGAG-1-1,TP53_EZH2_CALR_mut
TACGCAACACGGTTCCAAGTAGAG-1-1,ZRSR2_CALR_mut
TACGCAACACGTAATGAAGTAGAG-1-1,TP53_EZH2_CALR_mut
TACGCAACAGCTAAGCAAGTAGAG-1-1,TP53_EZH2_CALR_het
TACGCAACATTAGCGAAAGTAGAG-1-1,ZRSR2_CALR_mut
TACGCCTAGAATGGCTAAGTAGAG-1-1,ZRSR2_CALR_mut
TACGCCTAGCATCTATAAGTAGAG-1-1,
TACGCCTAGCTACGTCAAGTAGAG-1-1,TP53_CALR_het
TACGCCTAGCTCAAGGAAGTAGAG-1-1,ZRSR2_CALR_mut
TACGCCTAGCTTACATAAGTAGAG-1-1,TP53_EZH2_CALR_mut
TACGCCTAGCTTCCTTAAGTAGAG-1-1,
TACGCCTAGGAACCGCAAGTAGAG-1-1,TP53_CALR_het
TACGCCTAGGTTCTTGAAGTAGAG-1-1,TP53_CALR_het
TACGCCTAGGTTGCTCAAGTAGAG-1-1,
TACGCCTAGGTTGTAAAAGTAGAG-1-1,
TACGCCTAGTTTGGTTAAGTAGAG-1-1,TP53_CALR_het
TACGGACCAAACACGCAAGTAGAG-1-1,
TACGGACCAACAGGGAAAGTAGAG-1-1,
TACGGACCAAGGGTCTAAGTAGAG-1-1,TP53_EZH2_CALR_mut
TACGGACCACATGAATAAGTAGAG-1-1,TP53_CALR_het
TACGGACCACCGGCAAAAGTAGAG-1-1,TP53_EZH2_CALR_mut
TACGGACCATTACACCAAGTAGAG-1-1,
TACGGGCAGACTCCTAAAGTAGAG-1-1,
TACGGGCAGCGAAGCCAAGTAGAG-1-1,TP53_EZH2_CALR_mut
TACGGGCAGCGAGGGAAAGTAGAG-1-1,
TACGGGCAGGACACGCAAGTAGAG-1-1,
TACGGGCAGGTGCACAAAGTAGAG-1-1,
TACGGGCAGGTTGTGGAAGTAGAG-1-1,TP53_EZH2_CALR_mut
TACGGGCAGTTTGCTGAAGTAGAG-1-1,TP53_EZH2_CALR_mut
TACGGGTCAACAGCTAAAGTAGAG-1-1,
TACGGGTCAATCAAACAAGTAGAG-1-1,TP53_EZH2_CALR_mut
TACGGGTCACGATTAGAAGTAGAG-1-1,
TACGGGTCAGCATTTCAAGTAGAG-1-1,TP53_EZH2_CALR_mut
TACGGGTCATGGGTTAAAGTAGAG-1-1,
TACGTCCAGACCTTGCAAGTAGAG-1-1,TP53_EZH2_CALR_mut
TACGTCCAGACTGAGTAAGTAGAG-1-1,TP53_EZH2_CALR_mut
TACGTCCAGCAAACCGAAGTAGAG-1-1,TP53_CALR_het
TACGTCCAGGAACCTGAAGTAGAG-1-1,TP53_CALR_het
TACGTCCAGGAGGCCTAAGTAGAG-1-1,
TACGTCCAGGCGAGTCAAGTAGAG-1-1,
TACGTCCAGGCTCCATAAGTAGAG-1-1,
TACGTCCAGGGCGGTTAAGTAGAG-1-1,
TACGTCCAGGGTCTAGAAGTAGAG-1-1,TP53_EZH2_CALR_mut
TACGTCCAGTCTACCAAAGTAGAG-1-1,TP53_EZH2_CALR_mut
TACGTCCAGTTTGACTAAGTAGAG-1-1,
TACGTTAGTCAAAGGCAAGTAGAG-1-1,ZRSR2_CALR_mut
TACGTTAGTCGAAGGTAAGTAGAG-1-1,
TACGTTAGTCGCAATTAAGTAGAG-1-1,
TACGTTAGTGCCCGATAAGTAGAG-1-1,
TACGTTAGTGGGTGTGAAGTAGAG-1-1,
TACGTTAGTTAGTGGAAAGTAGAG-1-1,ZRSR2_CALR_mut
TACGTTAGTTTGACTAAAGTAGAG-1-1,
TACGTTAGTTTGTGACAAGTAGAG-1-1,ZRSR2_CALR_mut
TACGTTCCAACCGTAAAAGTAGAG-1-1,TP53_EZH2_CALR_mut
TACGTTCCAACTAAGTAAGTAGAG-1-1,
TACGTTCCAAGATGCCAAGTAGAG-1-1,
TACGTTCCAATCGTGAAAGTAGAG-1-1,
TACGTTCCAATGAAGAAAGTAGAG-1-1,
TACGTTCCACAACAATAAGTAGAG-1-1,TP53_CALR_het
TACGTTCCACCATACTAAGTAGAG-1-1,
TACGTTCCAGTGAGAGAAGTAGAG-1-1,
TACGTTCCATTCCTTTAAGTAGAG-1-1,
TACTAGTTCACAGGATAAGTAGAG-1-1,ZRSR2_CALR_mut
TACTAGTTCCAAATAGAAGTAGAG-1-1,
TACTAGTTCCTCAATGAAGTAGAG-1-1,TP53_EZH2_CALR_mut
TACTCACCAACCTCGCAAGTAGAG-1-1,ZRSR2_CALR_mut
TACTCACCAAGATGCCAAGTAGAG-1-1,TP53_EZH2_CALR_mut
TACTCACCACATTGTCAAGTAGAG-1-1,
TACTCACCACCATCATAAGTAGAG-1-1,
TACTCACCACCTAAAGAAGTAGAG-1-1,
TACTCACCACGGTTCCAAGTAGAG-1-1,TP53_EZH2_CALR_mut
TACTCACCACTCAGTTAAGTAGAG-1-1,
TACTCACCAGAGGCTTAAGTAGAG-1-1,
TACTTTCGTAATCCTAAAGTAGAG-1-1,TP53_CALR_het
TACTTTCGTCCAGCTAAAGTAGAG-1-1,
TACTTTCGTCCGCTAAAAGTAGAG-1-1,
TACTTTCGTTAACGAGAAGTAGAG-1-1,
TACTTTCGTTAACGTCAAGTAGAG-1-1,
TACTTTCGTTAAGCTCAAGTAGAG-1-1,
TACTTTCGTTCCTTTGAAGTAGAG-1-1,
TACTTTCGTTGTTGTAAAGTAGAG-1-1,
TACTTTCGTTTACGACAAGTAGAG-1-1,TP53_CALR_het
TAGAAACGTAAGTCGAAAGTAGAG-1-1,
TAGAAACGTACAAACGAAGTAGAG-1-1,TP53_EZH2_CALR_mut
TAGAAACGTACAAAGTAAGTAGAG-1-1,
TAGAAACGTATTGTCAAAGTAGAG-1-1,TP53_EZH2_CALR_mut
TAGAAACGTCAATTCAAAGTAGAG-1-1,TP53_CALR_het
TAGAAACGTGACCTTGAAGTAGAG-1-1,TP53_CALR_het
TAGAAACGTGTTAGTCAAGTAGAG-1-1,
TAGAAAGCACATTGAGAAGTAGAG-1-1,TP53_CALR_het
TAGAAAGCACCGTTTGAAGTAGAG-1-1,
TAGAAAGCACTTCGATAAGTAGAG-1-1,TP53_CALR_het
TAGAAAGCAGCACTAAAAGTAGAG-1-1,
TAGAAAGCAGCCATTTAAGTAGAG-1-1,TP53_EZH2_CALR_mut
TAGAAAGCAGCCCTTAAAGTAGAG-1-1,TP53_CALR_het
TAGAAAGCATCCGCTAAAGTAGAG-1-1,
TAGAAAGCATGGCTTTAAGTAGAG-1-1,TP53_EZH2_CALR_mut
TAGAAAGCATTTAGCCAAGTAGAG-1-1,TP53_CALR_het
TAGAGGCGTAACCCATAAGTAGAG-1-1,TP53_CALR_het
TAGAGGCGTAATGCCTAAGTAGAG-1-1,
TAGAGGCGTACAAAGTAAGTAGAG-1-1,
TAGAGGCGTATTACCAAAGTAGAG-1-1,
TAGAGGCGTGCACTATAAGTAGAG-1-1,
TAGAGGCGTGCGATAAAAGTAGAG-1-1,
TAGAGGCGTTAGTAGGAAGTAGAG-1-1,
TAGAGGCGTTCCGTGAAAGTAGAG-1-1,
TAGAGGCGTTTACCGGAAGTAGAG-1-1,
TAGAGGTTCAATTGGAAAGTAGAG-1-1,
TAGAGGTTCACCCTGGAAGTAGAG-1-1,
TAGAGGTTCAGCACAGAAGTAGAG-1-1,
TAGAGGTTCAGCCTTAAAGTAGAG-1-1,
TAGCAAATCACCAGCTAAGTAGAG-1-1,
TAGCAAATCACTGTCAAAGTAGAG-1-1,
TAGCAAATCCGCCACAAAGTAGAG-1-1,
TAGCAAATCTATGGCCAAGTAGAG-1-1,TP53_CALR_het
TAGCAAGGTCCATCCTAAGTAGAG-1-1,TP53_CALR_het
TAGCAAGGTGACATGAAAGTAGAG-1-1,
TAGCAAGGTTAGGTGAAAGTAGAG-1-1,
TAGCAGGTCCAACATTAAGTAGAG-1-1,TP53_CALR_het
TAGCAGGTCGCCTCTCAAGTAGAG-1-1,
TAGCAGGTCGCGGATAAAGTAGAG-1-1,
TAGCAGGTCTGGCTACAAGTAGAG-1-1,TP53_CALR_het
TAGCCAGAGAAACCCGAAGTAGAG-1-1,TP53_EZH2_CALR_het
TAGCCAGAGGCGATATAAGTAGAG-1-1,
TAGCCAGAGGCGCATAAAGTAGAG-1-1,
TAGCCAGAGGGCGGTTAAGTAGAG-1-1,TP53_EZH2_CALR_mut
TAGCCAGAGGTAACTAAAGTAGAG-1-1,
TAGCCAGAGGTTAGCGAAGTAGAG-1-1,TP53_CALR_het
TAGCCAGAGGTTTCCAAAGTAGAG-1-1,
TAGCCAGAGTAACGTAAAGTAGAG-1-1,
TAGCCAGAGTCAATGAAAGTAGAG-1-1,TP53_CALR_het
TAGCCAGAGTGCAACGAAGTAGAG-1-1,TP53_CALR_het
TAGCCCGTCAAGGGCCAAGTAGAG-1-1,
TAGCCCGTCACTCGCGAAGTAGAG-1-1,TP53_EZH2_CALR_mut
TAGCCCGTCACTTGATAAGTAGAG-1-1,
TAGCCCGTCATTGAGAAAGTAGAG-1-1,
TAGCCCGTCCAAAGGTAAGTAGAG-1-1,
TAGCCCGTCCACTAATAAGTAGAG-1-1,TP53_EZH2_CALR_mut
TAGCCCGTCGCCTAGTAAGTAGAG-1-1,
TAGCCCGTCGCTCAGTAAGTAGAG-1-1,
TAGCCCGTCTTTGGATAAGTAGAG-1-1,
TAGCCTATCAGTAAGCAAGTAGAG-1-1,ZRSR2_CALR_mut
TAGCCTATCAGTCTATAAGTAGAG-1-1,TP53_EZH2_CALR_mut
TAGCCTATCCTCACGGAAGTAGAG-1-1,TP53_CALR_het
TAGCCTATCGCCTATAAAGTAGAG-1-1,
TAGCCTATCGCCTCTCAAGTAGAG-1-1,TP53_EZH2_CALR_mut
TAGCCTATCGCTTCGGAAGTAGAG-1-1,
TAGCCTATCGCTTGCGAAGTAGAG-1-1,
TAGCCTATCGGTAACGAAGTAGAG-1-1,
TAGCCTGGTAAGCTAGAAGTAGAG-1-1,TP53_CALR_het
TAGCCTGGTACGTAAGAAGTAGAG-1-1,
TAGCCTGGTACGTTCGAAGTAGAG-1-1,TP53_CALR_het
TAGCCTGGTCCTTAGGAAGTAGAG-1-1,
TAGCCTTCAAACTGGCAAGTAGAG-1-1,TP53_CALR_het
TAGCCTTCAATCAAACAAGTAGAG-1-1,
TAGCCTTCACATGCTTAAGTAGAG-1-1,
TAGCCTTCAGCCCTTAAAGTAGAG-1-1,
TAGCCTTCATCAAGCAAAGTAGAG-1-1,
TAGCGCGCAACTAGTGAAGTAGAG-1-1,TP53_CALR_het
TAGCGCGCACAGCCAGAAGTAGAG-1-1,
TAGCGCGCATCTATCAAAGTAGAG-1-1,
TAGCGCGCATTTGGAGAAGTAGAG-1-1,TP53_EZH2_CALR_het
TAGCGGATCAGCATGGAAGTAGAG-1-1,
TAGCGGATCATGATGAAAGTAGAG-1-1,TP53_CALR_het
TAGCGGATCATTTGCGAAGTAGAG-1-1,TP53_CALR_het
TAGCGGATCTCAAACTAAGTAGAG-1-1,
TAGCGGATCTCTATGGAAGTAGAG-1-1,TP53_CALR_het
TAGCGGATCTTAAGGAAAGTAGAG-1-1,
TAGCGGATCTTAATGCAAGTAGAG-1-1,TP53_CALR_het
TAGCGGTCAATAAGGAAAGTAGAG-1-1,
TAGCGGTCACATGAATAAGTAGAG-1-1,TP53_EZH2_CALR_mut
TAGCGGTCACCATCATAAGTAGAG-1-1,ZRSR2_CALR_mut
TAGCGGTCACGGGCTAAAGTAGAG-1-1,TP53_CALR_het
TAGCGGTCAGAATGAAAAGTAGAG-1-1,
TAGCGGTCATAATGACAAGTAGAG-1-1,
TAGCTAAAGAGGAGTAAAGTAGAG-1-1,
TAGCTAAAGATTGAGCAAGTAGAG-1-1,
TAGCTAAAGCTATATCAAGTAGAG-1-1,TP53_CALR_het
TAGCTAAAGGTAGTTAAAGTAGAG-1-1,TP53_EZH2_CALR_mut
TAGCTAAAGTCCTCAAAAGTAGAG-1-1,
TAGCTACGTAGCCACCAAGTAGAG-1-1,TP53_EZH2_CALR_mut
TAGCTACGTCCACAATAAGTAGAG-1-1,
TAGCTACGTGCGCATCAAGTAGAG-1-1,ZRSR2_CALR_mut
TAGCTACGTGGGAACTAAGTAGAG-1-1,ZRSR2_CALR_mut
TAGCTACGTTGCACGCAAGTAGAG-1-1,
TAGCTGCTCAACTGGGAAGTAGAG-1-1,
TAGCTGCTCAGGCCTTAAGTAGAG-1-1,TP53_EZH2_CALR_mut
TAGCTGCTCATAGGCGAAGTAGAG-1-1,
TAGCTGCTCTGGTCTAAAGTAGAG-1-1,TP53_EZH2_CALR_mut
TAGCTGCTCTGTGCACAAGTAGAG-1-1,ZRSR2_CALR_mut
TAGCTTCCAAACGGTCAAGTAGAG-1-1,TP53_EZH2_CALR_mut
TAGCTTCCAAGAACAAAAGTAGAG-1-1,
TAGCTTCCAAGGGTCTAAGTAGAG-1-1,ZRSR2_CALR_mut
TAGCTTCCAAGTTTCCAAGTAGAG-1-1,
TAGCTTCCACACTAAGAAGTAGAG-1-1,TP53_CALR_het
TAGCTTCCACAGGCTGAAGTAGAG-1-1,TP53_CALR_het
TAGCTTCCACATAAGTAAGTAGAG-1-1,
TAGCTTCCATAAGCTGAAGTAGAG-1-1,TP53_CALR_het
TAGCTTCCATAGCCGGAAGTAGAG-1-1,TP53_CALR_het
TAGCTTGTCAACCTCAAAGTAGAG-1-1,
TAGCTTGTCAATGGGTAAGTAGAG-1-1,TP53_EZH2_CALR_mut
TAGCTTGTCACAAAGCAAGTAGAG-1-1,
TAGCTTGTCAGCCCTGAAGTAGAG-1-1,TP53_EZH2_CALR_mut
TAGCTTGTCAGGTAACAAGTAGAG-1-1,ZRSR2_CALR_mut
TAGCTTGTCCAACATTAAGTAGAG-1-1,TP53_CALR_het
TAGCTTGTCGACTTGCAAGTAGAG-1-1,
TAGCTTGTCGCAGCAAAAGTAGAG-1-1,
TAGCTTGTCGCTCAACAAGTAGAG-1-1,TP53_EZH2_CALR_mut
TAGCTTGTCTGCCATAAAGTAGAG-1-1,ZRSR2_CALR_mut
TAGCTTGTCTGGTCTAAAGTAGAG-1-1,TP53_CALR_het
TAGCTTTAGACAACTAAAGTAGAG-1-1,TP53_CALR_het
TAGCTTTAGATGGATCAAGTAGAG-1-1,
TAGCTTTAGCCACTCGAAGTAGAG-1-1,
TAGCTTTAGCTTGAGGAAGTAGAG-1-1,
TAGCTTTAGGAGTCATAAGTAGAG-1-1,
TAGCTTTAGGTAAGCTAAGTAGAG-1-1,TP53_CALR_het
TAGCTTTAGGTGAATCAAGTAGAG-1-1,TP53_CALR_het
TAGCTTTAGTACCAGGAAGTAGAG-1-1,TP53_CALR_het
TAGCTTTAGTAGCTAAAAGTAGAG-1-1,
TAGCTTTAGTCCTGCGAAGTAGAG-1-1,
TAGGAGGCAAACCGTAAAGTAGAG-1-1,TP53_CALR_het
TAGGAGGCAAATAGGAAAGTAGAG-1-1,
TAGGAGGCAACTAAGTAAGTAGAG-1-1,TP53_EZH2_CALR_mut
TAGGAGGCAATCGTTCAAGTAGAG-1-1,
TAGGAGGCACATGCTTAAGTAGAG-1-1,
TAGGAGGCACCTCGACAAGTAGAG-1-1,ZRSR2_CALR_mut
TAGGAGGCACGTAGTAAAGTAGAG-1-1,TP53_EZH2_CALR_mut
TAGGAGGCACTTCGATAAGTAGAG-1-1,TP53_CALR_het
TAGGAGGCAGAATGAAAAGTAGAG-1-1,
TAGGAGGCAGGATTGCAAGTAGAG-1-1,
TAGGAGGCAGGCTTAAAAGTAGAG-1-1,TP53_EZH2_CALR_mut
TAGGAGGCAGTAAGGGAAGTAGAG-1-1,
TAGGAGGCATCCACCAAAGTAGAG-1-1,TP53_CALR_het
TAGGAGGCATGAAGCCAAGTAGAG-1-1,
TAGGCGCAGCTCCCTCAAGTAGAG-1-1,TP53_EZH2_CALR_mut
TAGGCGCAGGAGCCGTAAGTAGAG-1-1,
TAGGCGCAGGCTACTCAAGTAGAG-1-1,TP53_EZH2_CALR_mut
TAGGCGCAGGTAATTGAAGTAGAG-1-1,
TAGGCGCAGTCTTGCAAAGTAGAG-1-1,TP53_EZH2_CALR_mut
TAGGCTGAGACTAACAAAGTAGAG-1-1,
TAGGCTGAGACTTAAGAAGTAGAG-1-1,TP53_CALR_het
TAGGCTGAGAGGCGTCAAGTAGAG-1-1,
TAGGCTGAGATGGATCAAGTAGAG-1-1,TP53_CALR_het
TAGGCTGAGCAAACCGAAGTAGAG-1-1,TP53_CALR_het
TAGGCTGAGCAGGTTGAAGTAGAG-1-1,
TAGGCTGAGCCTAAGGAAGTAGAG-1-1,
TAGGCTGAGCTATTACAAGTAGAG-1-1,
TAGGCTGAGGGCACTAAAGTAGAG-1-1,
TAGGCTGAGGGTTTGGAAGTAGAG-1-1,TP53_CALR_het
TAGGCTGAGTCATAAGAAGTAGAG-1-1,
TAGGCTGAGTGATTAGAAGTAGAG-1-1,TP53_CALR_het
TAGGCTGAGTGTGAGTAAGTAGAG-1-1,TP53_CALR_het
TAGGCTGAGTGTGCAGAAGTAGAG-1-1,
TAGGCTGAGTTTACCGAAGTAGAG-1-1,
TAGGCTTGTATTTACGAAGTAGAG-1-1,TP53_CALR_het
TAGGCTTGTCAAAGGCAAGTAGAG-1-1,
TAGGCTTGTCGAAGGTAAGTAGAG-1-1,
TAGGCTTGTCTGTGATAAGTAGAG-1-1,
TAGGCTTGTTCGAATCAAGTAGAG-1-1,TP53_CALR_het
TAGGCTTGTTCTCAAAAAGTAGAG-1-1,TP53_EZH2_CALR_mut
TAGGTCGAGAGCAACTAAGTAGAG-1-1,ZRSR2_CALR_mut
TAGGTCGAGCATCCCGAAGTAGAG-1-1,
TAGGTCGAGCGCCTTGAAGTAGAG-1-1,
TAGGTCGAGCTAGATAAAGTAGAG-1-1,
TAGGTCGAGGGTTGGCAAGTAGAG-1-1,TP53_CALR_het
TAGGTCGAGTAAGCACAAGTAGAG-1-1,TP53_CALR_het
TAGGTCGAGTTACCTGAAGTAGAG-1-1,TP53_EZH2_CALR_mut
TAGGTTAAGATGGATCAAGTAGAG-1-1,TP53_EZH2_CALR_mut
TAGGTTAAGCCATAAAAAGTAGAG-1-1,TP53_CALR_het
TAGGTTAAGCGAGCTAAAGTAGAG-1-1,
TAGGTTAAGCTCCCTCAAGTAGAG-1-1,
TAGGTTAAGCTGATGGAAGTAGAG-1-1,
TAGGTTAAGCTGATTTAAGTAGAG-1-1,ZRSR2_CALR_mut
TAGGTTAAGGGCCTTTAAGTAGAG-1-1,
TAGGTTAAGGTGAATCAAGTAGAG-1-1,TP53_EZH2_CALR_mut
TAGGTTAAGGTTATCTAAGTAGAG-1-1,
TAGGTTAAGTCCTGCGAAGTAGAG-1-1,
TAGGTTAAGTCTATGTAAGTAGAG-1-1,TP53_CALR_het
TAGGTTAAGTGAGTCGAAGTAGAG-1-1,TP53_CALR_het
TAGGTTAAGTGCCCTGAAGTAGAG-1-1,
TAGGTTCGTACTGCCAAAGTAGAG-1-1,
TAGGTTCGTCATCAGTAAGTAGAG-1-1,
TAGGTTCGTCGTAACTAAGTAGAG-1-1,
TAGGTTCGTTGCCTGAAAGTAGAG-1-1,TP53_EZH2_CALR_mut
TAGGTTGCAAGAACAAAAGTAGAG-1-1,TP53_CALR_het
TAGGTTGCAAGCTTTCAAGTAGAG-1-1,TP53_EZH2_CALR_mut
TAGGTTGCAAGTCGCGAAGTAGAG-1-1,TP53_EZH2_CALR_mut
TAGGTTGCAGGATCCGAAGTAGAG-1-1,
TAGGTTGCAGGATTATAAGTAGAG-1-1,
TAGGTTGCAGTGAGGAAAGTAGAG-1-1,TP53_EZH2_CALR_mut
TAGTAGTCAAACAATCAAGTAGAG-1-1,
TAGTAGTCAAACCGTAAAGTAGAG-1-1,
TAGTAGTCAAGATAAGAAGTAGAG-1-1,TP53_EZH2_CALR_mut
TAGTAGTCACAATGGCAAGTAGAG-1-1,TP53_CALR_het
TAGTAGTCAGATTCGAAAGTAGAG-1-1,
TAGTAGTCAGCACCTCAAGTAGAG-1-1,TP53_CALR_het
TAGTAGTCAGGTAGCTAAGTAGAG-1-1,TP53_EZH2_CALR_mut
TAGTAGTCATCCGTCAAAGTAGAG-1-1,
TAGTCCTCAAATAACCAAGTAGAG-1-1,TP53_EZH2_CALR_mut
TAGTCCTCAACGACTAAAGTAGAG-1-1,
TAGTCCTCAATATGCGAAGTAGAG-1-1,TP53_CALR_het
TAGTCCTCACCTTACGAAGTAGAG-1-1,
TAGTCCTCAGCTAGACAAGTAGAG-1-1,
TAGTCCTCAGCTGCTCAAGTAGAG-1-1,TP53_CALR_het
TAGTCTCCAAGAACAAAAGTAGAG-1-1,TP53_EZH2_CALR_mut
TAGTCTCCAAGCCACGAAGTAGAG-1-1,TP53_EZH2_CALR_mut
TAGTCTCCAATCGTGAAAGTAGAG-1-1,TP53_EZH2_CALR_mut
TAGTCTCCACTAACAGAAGTAGAG-1-1,
TAGTCTCCAGGCCTCTAAGTAGAG-1-1,TP53_CALR_het
TAGTCTCCATTGGGTAAAGTAGAG-1-1,
TAGTGAGGTAAGGCCGAAGTAGAG-1-1,TP53_CALR_het
TAGTGAGGTACTTCAAAAGTAGAG-1-1,
TAGTGAGGTATTTACGAAGTAGAG-1-1,
TAGTGAGGTCAATCGTAAGTAGAG-1-1,
TAGTGAGGTCAGGATAAAGTAGAG-1-1,TP53_CALR_het
TAGTGAGGTCGTTATAAAGTAGAG-1-1,
TAGTGAGGTGAGAAGGAAGTAGAG-1-1,
TAGTGAGGTGCATTACAAGTAGAG-1-1,TP53_EZH2_CALR_mut
TAGTGAGGTTAACGAGAAGTAGAG-1-1,
TAGTGATCAAACTTGGAAGTAGAG-1-1,ZRSR2_CALR_mut
TAGTGATCAACAGCTAAAGTAGAG-1-1,TP53_EZH2_CALR_mut
TAGTGATCAAGTAAGAAAGTAGAG-1-1,
TAGTGATCAAGTTCCTAAGTAGAG-1-1,
TAGTGATCACGCCACTAAGTAGAG-1-1,TP53_CALR_het
TAGTGATCAGGATGCTAAGTAGAG-1-1,
TAGTGATCAGGATTGCAAGTAGAG-1-1,TP53_EZH2_CALR_mut
TAGTGATCATGTGGCGAAGTAGAG-1-1,
TAGTGATCATTGTGTCAAGTAGAG-1-1,TP53_CALR_het
TAGTGCACATAGACGCAAGTAGAG-1-1,TP53_CALR_het
TAGTGCTGTCACACCAAAGTAGAG-1-1,
TAGTGCTGTGTGACCCAAGTAGAG-1-1,TP53_CALR_het
TAGTGCTGTTGGCCACAAGTAGAG-1-1,
TAGTGCTGTTTACCGGAAGTAGAG-1-1,TP53_CALR_het
TAGTGGCCAAATAAGGAAGTAGAG-1-1,TP53_EZH2_CALR_mut
TAGTGGCCAAGTTGCAAAGTAGAG-1-1,
TAGTGGCCACCAGCTCAAGTAGAG-1-1,
TAGTGGCCACTTTATGAAGTAGAG-1-1,
TAGTGGCCAGTGAGAGAAGTAGAG-1-1,
TAGTGTGCAACTAGTGAAGTAGAG-1-1,
TAGTGTGCAATGGGAGAAGTAGAG-1-1,TP53_EZH2_CALR_mut
TAGTGTGCACCATACTAAGTAGAG-1-1,
TAGTGTGCACGCAATAAAGTAGAG-1-1,ZRSR2_CALR_mut
TAGTGTGCACTAAGCAAAGTAGAG-1-1,
TAGTGTGCACTGTCATAAGTAGAG-1-1,TP53_EZH2_CALR_mut
TAGTGTGCAGCGGATTAAGTAGAG-1-1,
TAGTGTGCATGGCCGAAAGTAGAG-1-1,TP53_EZH2_CALR_mut
TAGTGTGCATTTGGAGAAGTAGAG-1-1,TP53_EZH2_CALR_mut
TAGTTACTCAGCGATGAAGTAGAG-1-1,
TAGTTACTCATGGTCCAAGTAGAG-1-1,TP53_EZH2_CALR_mut
TAGTTACTCCCTGGATAAGTAGAG-1-1,ZRSR2_CALR_mut
TAGTTACTCCTGACTAAAGTAGAG-1-1,
TAGTTACTCCTTTGAGAAGTAGAG-1-1,
TAGTTACTCGAGGCACAAGTAGAG-1-1,
TAGTTACTCGCCTAACAAGTAGAG-1-1,TP53_CALR_het
TAGTTACTCGTGATGGAAGTAGAG-1-1,TP53_CALR_het
TAGTTACTCGTTATGTAAGTAGAG-1-1,
TAGTTACTCTAATGAGAAGTAGAG-1-1,TP53_CALR_het
TAGTTACTCTGGAACGAAGTAGAG-1-1,
TAGTTGAAGAAGTAGGAAGTAGAG-1-1,TP53_EZH2_CALR_mut
TAGTTGAAGATGAAGGAAGTAGAG-1-1,
TAGTTGAAGCCATCACAAGTAGAG-1-1,TP53_EZH2_CALR_mut
TAGTTGAAGCTAAGTAAAGTAGAG-1-1,
TAGTTGAAGGCGCGATAAGTAGAG-1-1,
TAGTTGAAGGTTAGGTAAGTAGAG-1-1,TP53_EZH2_CALR_mut
TAGTTGAAGTACCCACAAGTAGAG-1-1,
TAGTTGAAGTCGAAGTAAGTAGAG-1-1,
TAGTTGAAGTGATTTCAAGTAGAG-1-1,
TAGTTGAAGTGTGAGTAAGTAGAG-1-1,
TAGTTGAAGTTGCGGAAAGTAGAG-1-1,TP53_EZH2_CALR_mut
TAGTTGAAGTTTCACGAAGTAGAG-1-1,TP53_CALR_het
TAGTTGCGTAATAGGTAAGTAGAG-1-1,
TAGTTGCGTACGAACAAAGTAGAG-1-1,
TAGTTGCGTAGTAGCAAAGTAGAG-1-1,TP53_CALR_het
TAGTTGCGTCTACCTCAAGTAGAG-1-1,ZRSR2_CALR_mut
TAGTTGCGTGTTCCAGAAGTAGAG-1-1,
TAGTTGCGTTAACGAGAAGTAGAG-1-1,
TAGTTGCGTTGCACGCAAGTAGAG-1-1,TP53_CALR_het
TAGTTGCGTTGCTCCTAAGTAGAG-1-1,TP53_EZH2_CALR_mut
TAGTTGTTCAGCGATGAAGTAGAG-1-1,TP53_CALR_het
TAGTTGTTCCATAGAAAAGTAGAG-1-1,TP53_EZH2_CALR_het
TAGTTGTTCGAACGTGAAGTAGAG-1-1,
TAGTTGTTCGATTACTAAGTAGAG-1-1,
TAGTTTCAGACTGAGTAAGTAGAG-1-1,TP53_CALR_het
TAGTTTCAGAGGCGAGAAGTAGAG-1-1,
TAGTTTCAGAGGCGTCAAGTAGAG-1-1,
TAGTTTCAGATGCCTCAAGTAGAG-1-1,TP53_CALR_het
TAGTTTCAGCAACATAAAGTAGAG-1-1,
TAGTTTCAGCGAATGTAAGTAGAG-1-1,TP53_CALR_het
TAGTTTCAGGAACCGCAAGTAGAG-1-1,
TAGTTTCAGGCGATATAAGTAGAG-1-1,TP53_CALR_het
TAGTTTCAGGTTATCTAAGTAGAG-1-1,
TAGTTTCAGTAAACCAAAGTAGAG-1-1,TP53_CALR_het
TAGTTTCAGTCCTGACAAGTAGAG-1-1,ZRSR2_CALR_mut
TAGTTTCAGTTATTGCAAGTAGAG-1-1,
TAGTTTGGTAATGCCTAAGTAGAG-1-1,ZRSR2_CALR_mut
TAGTTTGGTAGCGGATAAGTAGAG-1-1,TP53_CALR_het
TAGTTTGGTATGGGACAAGTAGAG-1-1,
TAGTTTGGTTAAGTCCAAGTAGAG-1-1,TP53_EZH2_CALR_mut
TAGTTTGGTTGCCTGAAAGTAGAG-1-1,
TATAACGAGACAGACTAAGTAGAG-1-1,
TATAACGAGCATCTTGAAGTAGAG-1-1,
TATAACGAGCCTTAATAAGTAGAG-1-1,
TATAACGAGCGAATGTAAGTAGAG-1-1,
TATAACGAGCTTTACGAAGTAGAG-1-1,TP53_EZH2_CALR_mut
TATAACGAGGAAACTCAAGTAGAG-1-1,
TATAACGAGGCAATCGAAGTAGAG-1-1,
TATAACGAGGCACAATAAGTAGAG-1-1,TP53_EZH2_CALR_mut
TATAACGAGGCTCCATAAGTAGAG-1-1,
TATAACGAGGGTCTAGAAGTAGAG-1-1,TP53_CALR_het
TATAACGAGTCTAATCAAGTAGAG-1-1,
TATAACGAGTCTACCAAAGTAGAG-1-1,TP53_CALR_het
TATACCTAGCAGCCAAAAGTAGAG-1-1,
TATACCTAGCTGATTTAAGTAGAG-1-1,TP53_CALR_het
TATACCTAGCTTCCTTAAGTAGAG-1-1,TP53_CALR_het
TATACCTAGTATGGTAAAGTAGAG-1-1,TP53_CALR_het
TATACCTAGTCAACTTAAGTAGAG-1-1,TP53_CALR_het
TATACCTAGTCTAATCAAGTAGAG-1-1,TP53_CALR_het
TATATCCAGACTATTCAAGTAGAG-1-1,TP53_EZH2_CALR_mut
TATATCCAGCTTATCGAAGTAGAG-1-1,
TATATCCAGGCTAGATAAGTAGAG-1-1,TP53_EZH2_CALR_mut
TATATCCAGGTATTTCAAGTAGAG-1-1,TP53_CALR_het
TATATCCAGGTTGTAAAAGTAGAG-1-1,
TATATCCAGTCAACTTAAGTAGAG-1-1,
TATATCCAGTGTTTGTAAGTAGAG-1-1,TP53_EZH2_CALR_mut
TATATGCTCAGCCTTAAAGTAGAG-1-1,TP53_CALR_het
TATATGCTCCCACATAAAGTAGAG-1-1,
TATATGCTCCCTCTCAAAGTAGAG-1-1,TP53_EZH2_CALR_mut
TATATGCTCCGAATTTAAGTAGAG-1-1,
TATATGCTCCTGACTAAAGTAGAG-1-1,TP53_EZH2_CALR_mut
TATATGCTCGACTTGCAAGTAGAG-1-1,
TATATGCTCGATTATCAAGTAGAG-1-1,
TATATGCTCGTTATGTAAGTAGAG-1-1,
TATATGCTCTAATTGCAAGTAGAG-1-1,
TATATGCTCTCAAGAAAAGTAGAG-1-1,ZRSR2_CALR_mut
TATATGCTCTTCGCTTAAGTAGAG-1-1,
TATATGCTCTTGAATCAAGTAGAG-1-1,
TATCCTGAGCAAACCGAAGTAGAG-1-1,TP53_CALR_het
TATCCTGAGCACCTTAAAGTAGAG-1-1,
TATCCTGAGCACTACCAAGTAGAG-1-1,
TATCCTGAGGAACTTAAAGTAGAG-1-1,
TATCCTGAGTAGCGCAAAGTAGAG-1-1,
TATCCTGAGTTACTCGAAGTAGAG-1-1,ZRSR2_CALR_mut
TATCGAGCAACCGTAAAAGTAGAG-1-1,
TATCGAGCAAGCCAGTAAGTAGAG-1-1,TP53_CALR_het
TATCGAGCAATAAGCTAAGTAGAG-1-1,
TATCGAGCAATCATCCAAGTAGAG-1-1,
TATCGAGCACCATCATAAGTAGAG-1-1,
TATCGAGCACCTATCGAAGTAGAG-1-1,TP53_EZH2_CALR_mut
TATCGAGCAGGAATAAAAGTAGAG-1-1,
TATCGAGCAGGCTTAAAAGTAGAG-1-1,TP53_EZH2_CALR_mut
TATCGAGCATCAAGTGAAGTAGAG-1-1,
TATCGAGCATCTATGCAAGTAGAG-1-1,
TATCGATTCAAAGGGAAAGTAGAG-1-1,
TATCGATTCATTTGCGAAGTAGAG-1-1,
TATCGATTCCCTCAAAAAGTAGAG-1-1,TP53_CALR_het
TATCGATTCGGTAAGTAAGTAGAG-1-1,
TATCGCATCAACCGGAAAGTAGAG-1-1,TP53_CALR_het
TATCGCATCACAAATGAAGTAGAG-1-1,
TATCGCATCACAGCCTAAGTAGAG-1-1,
TATCGCATCAGCGGGTAAGTAGAG-1-1,TP53_EZH2_CALR_mut
TATCGCATCCAACTATAAGTAGAG-1-1,
TATCGCATCCTTTCTAAAGTAGAG-1-1,TP53_EZH2_CALR_mut
TATCGCATCGACCGTTAAGTAGAG-1-1,ZRSR2_CALR_mut
TATCGCATCGCAACGAAAGTAGAG-1-1,TP53_CALR_het
TATCGCATCTGCAACCAAGTAGAG-1-1,TP53_EZH2_CALR_mut
TATCGCTCAATCCACTAAGTAGAG-1-1,
TATCGCTCACGGTAACAAGTAGAG-1-1,
TATCGCTCACTAGCGGAAGTAGAG-1-1,
TATCGCTCAGGATGCTAAGTAGAG-1-1,
TATCGCTCATAGACCAAAGTAGAG-1-1,TP53_CALR_het
TATCGCTCATAGACGCAAGTAGAG-1-1,TP53_EZH2_CALR_mut
TATCGCTCATCAATCCAAGTAGAG-1-1,TP53_CALR_het
TATCGCTCATGTGGGTAAGTAGAG-1-1,TP53_EZH2_CALR_mut
TATCTTGCAAAGTGCCAAGTAGAG-1-1,TP53_EZH2_CALR_het
TATCTTGCAATATGGTAAGTAGAG-1-1,TP53_CALR_het
TATCTTGCACTAGCGGAAGTAGAG-1-1,
TATCTTGCATGAGCTAAAGTAGAG-1-1,
TATCTTGCATGCCTCAAAGTAGAG-1-1,
TATGACTTCAAGCCAGAAGTAGAG-1-1,TP53_CALR_het
TATGACTTCATCAGCCAAGTAGAG-1-1,TP53_CALR_het
TATGACTTCCAAAGACAAGTAGAG-1-1,TP53_EZH2_CALR_mut
TATGACTTCCTTTGAGAAGTAGAG-1-1,TP53_CALR_het
TATGACTTCCTTTGTCAAGTAGAG-1-1,
TATGACTTCGGTCAAGAAGTAGAG-1-1,TP53_EZH2_CALR_mut
TATGACTTCGTGATGGAAGTAGAG-1-1,
TATGACTTCTCACCTTAAGTAGAG-1-1,TP53_EZH2_CALR_mut
TATGACTTCTGGCTACAAGTAGAG-1-1,TP53_EZH2_CALR_mut
TATGAGCAGCATCCCGAAGTAGAG-1-1,
TATGAGCAGCATTTCGAAGTAGAG-1-1,ZRSR2_CALR_mut
TATGAGCAGCTATCCAAAGTAGAG-1-1,TP53_EZH2_CALR_mut
TATGAGCAGGGCACTAAAGTAGAG-1-1,TP53_CALR_het
TATGAGCAGGTCGAGCAAGTAGAG-1-1,TP53_EZH2_CALR_mut
TATGAGCAGTCACCTAAAGTAGAG-1-1,TP53_EZH2_CALR_mut
TATGAGCAGTTAACAGAAGTAGAG-1-1,TP53_EZH2_CALR_mut
TATGAGGGTAAAGGCCAAGTAGAG-1-1,TP53_EZH2_CALR_mut
TATGAGGGTACGTTCGAAGTAGAG-1-1,
TATGAGGGTATTTACGAAGTAGAG-1-1,
TATGAGGGTGCACTATAAGTAGAG-1-1,TP53_EZH2_CALR_mut
TATGAGGGTGCATTACAAGTAGAG-1-1,
TATGAGGGTGCTTCTCAAGTAGAG-1-1,ZRSR2_CALR_mut
TATGAGGGTTAGGCTTAAGTAGAG-1-1,
TATGAGGGTTCCTTCAAAGTAGAG-1-1,TP53_CALR_het
TATGATGAGACAAAGGAAGTAGAG-1-1,TP53_EZH2_CALR_mut
TATGATGAGAGCAACTAAGTAGAG-1-1,TP53_EZH2_CALR_mut
TATGATGAGAGGAAATAAGTAGAG-1-1,
TATGATGAGAGGCGGAAAGTAGAG-1-1,TP53_CALR_het
TATGATGAGCCACTCGAAGTAGAG-1-1,
TATGATGAGCGATGGCAAGTAGAG-1-1,
TATGATGAGCTTACCAAAGTAGAG-1-1,TP53_CALR_het
TATGATGAGCTTATCGAAGTAGAG-1-1,
TATGATGAGGTTCTTGAAGTAGAG-1-1,TP53_CALR_het
TATGCATTCAACCGCTAAGTAGAG-1-1,TP53_EZH2_CALR_mut
TATGCATTCACAGCCTAAGTAGAG-1-1,TP53_CALR_het
TATGCATTCATGACAAAAGTAGAG-1-1,
TATGCATTCCAAATAGAAGTAGAG-1-1,
TATGCATTCCAATAGAAAGTAGAG-1-1,TP53_EZH2_CALR_mut
TATGCATTCCAGGAATAAGTAGAG-1-1,ZRSR2_CALR_mut
TATGCATTCCATTAACAAGTAGAG-1-1,ZRSR2_CALR_mut
TATGCATTCCGGACAAAAGTAGAG-1-1,
TATGCATTCGCCTGCAAAGTAGAG-1-1,
TATGCATTCTAAGTAGAAGTAGAG-1-1,TP53_CALR_het
TATGCATTCTATCACGAAGTAGAG-1-1,TP53_EZH2_CALR_mut
TATGCATTCTGGGAATAAGTAGAG-1-1,TP53_CALR_het
TATGGGAGTAAGGCCGAAGTAGAG-1-1,TP53_EZH2_CALR_mut
TATGGGAGTACAAACGAAGTAGAG-1-1,
TATGGGAGTATTCAGCAAGTAGAG-1-1,
TATGGGAGTCGTAACTAAGTAGAG-1-1,TP53_CALR_het
TATGGGAGTGCGGCAAAAGTAGAG-1-1,
TATGGGAGTGCTTCTCAAGTAGAG-1-1,
TATGGTAAGAAGGTTCAAGTAGAG-1-1,
TATGGTAAGAATGGCTAAGTAGAG-1-1,TP53_CALR_het
TATGGTAAGACTGAGTAAGTAGAG-1-1,
TATGGTAAGAGGAGGTAAGTAGAG-1-1,TP53_CALR_het
TATGGTAAGAGGTTCGAAGTAGAG-1-1,TP53_CALR_het
TATGGTAAGATAACCAAAGTAGAG-1-1,TP53_CALR_het
TATGGTAAGCCATTTGAAGTAGAG-1-1,
TATGGTAAGGACAACTAAGTAGAG-1-1,TP53_CALR_het
TATGGTAAGGCGCAGTAAGTAGAG-1-1,TP53_CALR_het
TATGGTAAGTGCCCTGAAGTAGAG-1-1,TP53_CALR_het
TATGGTGCAAACGGTCAAGTAGAG-1-1,
TATGGTGCAAATACCGAAGTAGAG-1-1,TP53_EZH2_CALR_mut
TATGGTGCAAGGTTATAAGTAGAG-1-1,
TATGGTGCAATATGGTAAGTAGAG-1-1,
TATGGTGCACATGCTTAAGTAGAG-1-1,TP53_CALR_het
TATGGTGCACTCAAAGAAGTAGAG-1-1,
TATGGTGCAGAAAGGTAAGTAGAG-1-1,
TATGTCCCAAACCCAAAAGTAGAG-1-1,
TATGTCCCAAATAACCAAGTAGAG-1-1,
TATGTCCCAACCTCGCAAGTAGAG-1-1,TP53_CALR_het
TATGTCCCAAGCTATGAAGTAGAG-1-1,
TATGTCCCACGGTCGAAAGTAGAG-1-1,TP53_EZH2_CALR_mut
TATGTCCCATAGCGCGAAGTAGAG-1-1,TP53_EZH2_CALR_mut
TATGTCCCATCACTCGAAGTAGAG-1-1,
TATGTCCCATGACCAAAAGTAGAG-1-1,
TATGTCCCATGGTCAAAAGTAGAG-1-1,TP53_EZH2_CALR_mut
TATGTCCCATTGAAGTAAGTAGAG-1-1,
TATGTCCCATTTCATGAAGTAGAG-1-1,
TATGTTGGTAACTACCAAGTAGAG-1-1,
TATGTTGGTATAGCGAAAGTAGAG-1-1,TP53_CALR_het
TATGTTGGTATCCGCAAAGTAGAG-1-1,TP53_CALR_het
TATGTTGGTATTTACGAAGTAGAG-1-1,
TATGTTGGTCATTATGAAGTAGAG-1-1,
TATGTTGGTTCTCAAAAAGTAGAG-1-1,
TATGTTGGTTTGTAGCAAGTAGAG-1-1,TP53_EZH2_CALR_mut
TATTACCAGCAAACTAAAGTAGAG-1-1,
TATTACCAGCCTGCCAAAGTAGAG-1-1,TP53_CALR_het
TATTACCAGGCGAGTCAAGTAGAG-1-1,TP53_CALR_het
TATTACCAGTCATAAGAAGTAGAG-1-1,TP53_EZH2_CALR_mut
TATTACCAGTCTATGTAAGTAGAG-1-1,TP53_EZH2_CALR_mut
TATTACCAGTTTGGTTAAGTAGAG-1-1,
TATTAGGAGATGCCTCAAGTAGAG-1-1,TP53_EZH2_CALR_mut
TATTAGGAGCAAATTGAAGTAGAG-1-1,TP53_CALR_het
TATTAGGAGCTATCCAAAGTAGAG-1-1,TP53_CALR_het
TATTAGGAGCTCAACCAAGTAGAG-1-1,ZRSR2_CALR_mut
TATTAGGAGGATGCATAAGTAGAG-1-1,
TATTAGGAGGCGATATAAGTAGAG-1-1,
TATTAGGAGTCAAACAAAGTAGAG-1-1,
TATTCCTGTAGCCTTGAAGTAGAG-1-1,ZRSR2_CALR_mut
TATTCCTGTCCAGCTAAAGTAGAG-1-1,TP53_CALR_het
TATTCCTGTCTCACTCAAGTAGAG-1-1,TP53_CALR_het
TATTCCTGTGTAATGGAAGTAGAG-1-1,
TATTCCTGTTATGTGCAAGTAGAG-1-1,
TATTCGGTCAACCAAAAAGTAGAG-1-1,TP53_CALR_het
TATTCGGTCAAGCCAGAAGTAGAG-1-1,
TATTCGGTCATAATGGAAGTAGAG-1-1,
TATTCGGTCCCGCTGAAAGTAGAG-1-1,TP53_EZH2_CALR_mut
TATTCGGTCCCTCGCTAAGTAGAG-1-1,TP53_EZH2_CALR_mut
TATTCGGTCGACCCATAAGTAGAG-1-1,TP53_EZH2_CALR_mut
TATTCGGTCGATTGAAAAGTAGAG-1-1,TP53_EZH2_CALR_mut
TATTCGGTCGCGAAATAAGTAGAG-1-1,
TATTCGGTCGCGTTCGAAGTAGAG-1-1,TP53_EZH2_CALR_mut
TATTCGGTCTGCAACCAAGTAGAG-1-1,
TATTCGGTCTGGTCTAAAGTAGAG-1-1,TP53_CALR_het
TATTCGGTCTTTGGTGAAGTAGAG-1-1,TP53_CALR_het
TATTGACTCAAAGGGAAAGTAGAG-1-1,TP53_EZH2_CALR_mut
TATTGACTCAATTGGAAAGTAGAG-1-1,TP53_CALR_het
TATTGACTCACCAGCTAAGTAGAG-1-1,ZRSR2_CALR_mut
TATTGACTCCAGGAATAAGTAGAG-1-1,
TATTGACTCCTTTAGGAAGTAGAG-1-1,ZRSR2_CALR_mut
TATTGACTCGCTCAGTAAGTAGAG-1-1,
TATTGACTCGGTAAACAAGTAGAG-1-1,
TATTGACTCTATTCGGAAGTAGAG-1-1,TP53_CALR_het
TATTGCAGTAAGTCGAAAGTAGAG-1-1,TP53_CALR_het
TATTGCAGTACTTAGCAAGTAGAG-1-1,
TATTGCAGTCGAAGCGAAGTAGAG-1-1,
TATTGCAGTGACACAAAAGTAGAG-1-1,TP53_CALR_het
TATTGCAGTTAAGCCTAAGTAGAG-1-1,TP53_CALR_het
TATTGCAGTTAGGCGGAAGTAGAG-1-1,
TATTGCAGTTCGAATCAAGTAGAG-1-1,
TATTGCAGTTTGCAACAAGTAGAG-1-1,ZRSR2_CALR_mut
TATTGCCCAAAGCTCAAAGTAGAG-1-1,
TATTGCCCAAGGCGTTAAGTAGAG-1-1,TP53_CALR_het
TATTGCCCACGTGCTCAAGTAGAG-1-1,TP53_CALR_het
TATTGCCCACTTTACAAAGTAGAG-1-1,TP53_CALR_het
TATTGCCCAGATTCGAAAGTAGAG-1-1,
TATTGCCCAGCCATTTAAGTAGAG-1-1,
TATTGCCCAGGATTATAAGTAGAG-1-1,
TATTGCCCAGGTATATAAGTAGAG-1-1,
TATTGCCCATCTATCAAAGTAGAG-1-1,
TATTGCCCATTACTCAAAGTAGAG-1-1,
TATTGCCCATTGAGATAAGTAGAG-1-1,TP53_CALR_het
TATTGCCCATTTGCTAAAGTAGAG-1-1,TP53_EZH2_CALR_mut
TATTGGCGTCAGGGCAAAGTAGAG-1-1,ZRSR2_CALR_mut
TATTGGCGTCCGTGACAAGTAGAG-1-1,
TATTGGCGTCGAAGTAAAGTAGAG-1-1,TP53_EZH2_CALR_mut
TATTGGCGTGACATTCAAGTAGAG-1-1,
TATTGGCGTGCACAAAAAGTAGAG-1-1,
TATTGGCGTTAGACTCAAGTAGAG-1-1,TP53_EZH2_CALR_mut
TATTGGCGTTAGGCGGAAGTAGAG-1-1,
TATTGGCGTTGCCTGAAAGTAGAG-1-1,TP53_CALR_het
TATTGGCGTTGGTTTAAAGTAGAG-1-1,
TATTGGGCAAACACGCAAGTAGAG-1-1,
TATTGGGCAAATAGGAAAGTAGAG-1-1,TP53_CALR_het
TATTGGGCAACATAGTAAGTAGAG-1-1,
TATTGGGCAAGTAAGAAAGTAGAG-1-1,
TATTGGGCACGGTAACAAGTAGAG-1-1,TP53_CALR_het
TATTGGGCACTAGTCTAAGTAGAG-1-1,
TATTGGGCATTTGCTAAAGTAGAG-1-1,
TATTTGCAGATTGAGCAAGTAGAG-1-1,TP53_CALR_het
TATTTGCAGCCATAAAAAGTAGAG-1-1,TP53_EZH2_CALR_het
TATTTGCAGCGCTCCAAAGTAGAG-1-1,
TATTTGCAGCTTCCTTAAGTAGAG-1-1,TP53_CALR_het
TATTTGCAGGTATAGCAAGTAGAG-1-1,ZRSR2_CALR_mut
TATTTGCAGGTTATGAAAGTAGAG-1-1,TP53_CALR_het
TCAAACCGTCACAGGGAAGTAGAG-1-1,TP53_EZH2_CALR_mut
TCAAACCGTCGTAATCAAGTAGAG-1-1,TP53_EZH2_CALR_mut
TCAAACCGTCGTTGCAAAGTAGAG-1-1,
TCAAACCGTGAGAAGGAAGTAGAG-1-1,
TCAAACCGTGATCCTGAAGTAGAG-1-1,TP53_EZH2_CALR_mut
TCAAACCGTGGTTAAGAAGTAGAG-1-1,TP53_EZH2_CALR_mut
TCAAACCGTTAACCACAAGTAGAG-1-1,
TCAACAAAGCAACATAAAGTAGAG-1-1,TP53_CALR_het
TCAACAAAGCGAGGGAAAGTAGAG-1-1,
TCAACAAAGGAGGATAAAGTAGAG-1-1,TP53_CALR_het
TCAACAAAGGCGGATCAAGTAGAG-1-1,
TCAACAAAGGCTGGTAAAGTAGAG-1-1,
TCAACAAAGGGTTAACAAGTAGAG-1-1,
TCAACAAAGGTAACTAAAGTAGAG-1-1,TP53_EZH2_CALR_mut
TCAACAAAGGTGAATCAAGTAGAG-1-1,TP53_CALR_het
TCAACAAAGGTTATGAAAGTAGAG-1-1,TP53_EZH2_CALR_mut
TCAACAAAGGTTCGAGAAGTAGAG-1-1,ZRSR2_CALR_mut
TCAACAAAGTTACATCAAGTAGAG-1-1,ZRSR2_CALR_mut
TCAACATTCATAGGCGAAGTAGAG-1-1,TP53_CALR_het
TCAACATTCATGTCATAAGTAGAG-1-1,
TCAACATTCCCTCAAAAAGTAGAG-1-1,
TCAACATTCCGTGACTAAGTAGAG-1-1,TP53_EZH2_CALR_mut
TCAACATTCCTGGAAGAAGTAGAG-1-1,TP53_CALR_het
TCAACATTCGAACCTCAAGTAGAG-1-1,
TCAACATTCGTTGCACAAGTAGAG-1-1,
TCAACATTCTCAAGAAAAGTAGAG-1-1,
TCAACATTCTGTCAATAAGTAGAG-1-1,
TCAACCATCAGCCTTAAAGTAGAG-1-1,
TCAACCATCCCATTGAAAGTAGAG-1-1,TP53_EZH2_CALR_mut
TCAACCATCTGTCAGCAAGTAGAG-1-1,
TCAACCGGTACGTAAGAAGTAGAG-1-1,TP53_CALR_het
TCAACCGGTATTCGTAAAGTAGAG-1-1,
TCAACCGGTCCACAATAAGTAGAG-1-1,
TCAACCGGTGATTAGGAAGTAGAG-1-1,
TCAACCGGTGTTTGGTAAGTAGAG-1-1,TP53_EZH2_CALR_mut
TCAACCTCACATGAATAAGTAGAG-1-1,TP53_CALR_het
TCAACCTCATACCTTAAAGTAGAG-1-1,
TCAACCTCATCCCTCTAAGTAGAG-1-1,
TCAACCTCATTTCGACAAGTAGAG-1-1,
TCAACTAGTAACGTGAAAGTAGAG-1-1,
TCAACTAGTCTACCTCAAGTAGAG-1-1,TP53_EZH2_CALR_mut
TCAACTAGTGCTCCTTAAGTAGAG-1-1,TP53_EZH2_CALR_mut
TCAACTAGTGCTGATTAAGTAGAG-1-1,TP53_EZH2_CALR_mut
TCAACTAGTTCTTACTAAGTAGAG-1-1,
TCAACTGTCGCCTAACAAGTAGAG-1-1,
TCAACTGTCTTGATCGAAGTAGAG-1-1,TP53_EZH2_CALR_mut
TCAAGCGAGTTACAGAAAGTAGAG-1-1,
TCAAGGTAGAATGGGAAAGTAGAG-1-1,
TCAAGGTAGACCAGGCAAGTAGAG-1-1,
TCAAGGTAGATGCAACAAGTAGAG-1-1,
TCAAGGTAGATTATCCAAGTAGAG-1-1,TP53_CALR_het
TCAAGGTAGCATTACTAAGTAGAG-1-1,ZRSR2_CALR_mut
TCAAGGTAGGGTTGCAAAGTAGAG-1-1,
TCAAGGTAGGTAGTTAAAGTAGAG-1-1,TP53_CALR_het
TCAAGGTAGGTCACAGAAGTAGAG-1-1,TP53_EZH2_CALR_mut
TCAAGGTAGGTTAGACAAGTAGAG-1-1,
TCAAGGTAGTAAGCTAAAGTAGAG-1-1,
TCAAGGTAGTCTATGTAAGTAGAG-1-1,
TCAAGTGCAAAGGTAAAAGTAGAG-1-1,
TCAAGTGCAATATGCGAAGTAGAG-1-1,
TCAAGTGCAATTAGACAAGTAGAG-1-1,
TCAAGTGCACCACAAAAAGTAGAG-1-1,
TCAAGTGCACCTATCGAAGTAGAG-1-1,ZRSR2_CALR_mut
TCAAGTGCACTCCCAAAAGTAGAG-1-1,TP53_CALR_het
TCAAGTGCATCCAAGAAAGTAGAG-1-1,
TCAAGTTTCAAAGGCTAAGTAGAG-1-1,
TCAAGTTTCAAGTTTCAAGTAGAG-1-1,
TCAAGTTTCACTAATCAAGTAGAG-1-1,TP53_EZH2_CALR_mut
TCAAGTTTCAGCGAATAAGTAGAG-1-1,
TCAAGTTTCAGTTAGAAAGTAGAG-1-1,TP53_CALR_het
TCAAGTTTCCGCAATCAAGTAGAG-1-1,TP53_CALR_het
TCAAGTTTCGACCGTTAAGTAGAG-1-1,
TCAAGTTTCGATTGGGAAGTAGAG-1-1,TP53_CALR_het
TCAAGTTTCGGCTAAGAAGTAGAG-1-1,
TCAAGTTTCTCACAATAAGTAGAG-1-1,
TCAAGTTTCTGTGCACAAGTAGAG-1-1,
TCAATCTAGAGGTTTAAAGTAGAG-1-1,TP53_EZH2_CALR_mut
TCAATCTAGATTGAGCAAGTAGAG-1-1,TP53_EZH2_CALR_mut
TCAATCTAGGCGAGAGAAGTAGAG-1-1,
TCAATCTAGGGCAGTCAAGTAGAG-1-1,TP53_CALR_het
TCAATCTAGGTCTTGCAAGTAGAG-1-1,
TCAATCTAGGTGAATCAAGTAGAG-1-1,
TCAATCTAGTCGCGAAAAGTAGAG-1-1,ZRSR2_CALR_mut
TCAATGGCAAACTGGCAAGTAGAG-1-1,
TCAATGGCAATACCCTAAGTAGAG-1-1,TP53_CALR_het
TCAATGGCAATGTGGCAAGTAGAG-1-1,TP53_CALR_het
TCAATGGCAGGACTACAAGTAGAG-1-1,TP53_CALR_het
TCAATGGCAGGCTGTGAAGTAGAG-1-1,TP53_EZH2_CALR_mut
TCAATGGCATCATGTCAAGTAGAG-1-1,
TCAATGGCATGTGGCGAAGTAGAG-1-1,ZRSR2_CALR_mut
TCAATGTTCACGTTCAAAGTAGAG-1-1,
TCAATGTTCACTCGCGAAGTAGAG-1-1,TP53_CALR_het
TCAATGTTCATGACAAAAGTAGAG-1-1,TP53_CALR_het
TCAATGTTCATTGCATAAGTAGAG-1-1,
TCAATGTTCCATAGAAAAGTAGAG-1-1,
TCAATGTTCCGCTATAAAGTAGAG-1-1,ZRSR2_CALR_mut
TCAATGTTCCTGGTTAAAGTAGAG-1-1,
TCAATGTTCGAGCTAGAAGTAGAG-1-1,TP53_EZH2_CALR_mut
TCAATGTTCGCTATATAAGTAGAG-1-1,TP53_EZH2_CALR_mut
TCAATGTTCTCACAATAAGTAGAG-1-1,TP53_EZH2_CALR_mut
TCAATGTTCTCACCTTAAGTAGAG-1-1,ZRSR2_CALR_mut
TCAATGTTCTGGTCTAAAGTAGAG-1-1,
TCAATTGGTACCGCACAAGTAGAG-1-1,
TCAATTGGTGCACTATAAGTAGAG-1-1,
TCAATTGGTGTTGCTGAAGTAGAG-1-1,TP53_CALR_het
TCAATTGGTTAAGTCCAAGTAGAG-1-1,
TCAATTGGTTGGTTACAAGTAGAG-1-1,ZRSR2_CALR_mut
TCACAAGCAATCCACTAAGTAGAG-1-1,TP53_EZH2_CALR_mut
TCACAAGCACAACAATAAGTAGAG-1-1,TP53_EZH2_CALR_mut
TCACAAGCACTTAACCAAGTAGAG-1-1,
TCACAAGCAGGCTAACAAGTAGAG-1-1,
TCACAAGCATAAGCTGAAGTAGAG-1-1,
TCACAAGCATAGACCAAAGTAGAG-1-1,TP53_CALR_het
TCACAAGCATGCTCCAAAGTAGAG-1-1,
TCACAAGCATTGTACCAAGTAGAG-1-1,TP53_EZH2_CALR_mut
TCACCAATCAGGCATGAAGTAGAG-1-1,TP53_CALR_het
TCACCAATCATCCCAAAAGTAGAG-1-1,
TCACCAATCCAGAAACAAGTAGAG-1-1,ZRSR2_CALR_mut
TCACCAATCCATAGGGAAGTAGAG-1-1,TP53_EZH2_CALR_mut
TCACCAATCCATCCGGAAGTAGAG-1-1,ZRSR2_CALR_mut
TCACCAATCCCAGACTAAGTAGAG-1-1,
TCACCAATCGATATGAAAGTAGAG-1-1,
TCACCAATCGTTATGTAAGTAGAG-1-1,
TCACCAATCTCACTAGAAGTAGAG-1-1,TP53_CALR_het
TCACCATCAACAGGCTAAGTAGAG-1-1,TP53_CALR_het
TCACCATCAATCATCCAAGTAGAG-1-1,TP53_CALR_het
TCACCATCACCTATCGAAGTAGAG-1-1,
TCACCATCACGCCACTAAGTAGAG-1-1,TP53_EZH2_CALR_mut
TCACCATCACTAGTAGAAGTAGAG-1-1,
TCACCATCAGGCCTCTAAGTAGAG-1-1,
TCACCATCATAAGTCGAAGTAGAG-1-1,TP53_EZH2_CALR_mut
TCACCATCATCACAGAAAGTAGAG-1-1,ZRSR2_CALR_mut
TCACCATCATCCGGAGAAGTAGAG-1-1,ZRSR2_CALR_mut
TCACCATCATGAGGGAAAGTAGAG-1-1,
TCACCCACAAACTTCCAAGTAGAG-1-1,
TCACCCACAACCCTATAAGTAGAG-1-1,TP53_CALR_het
TCACCCACACAACAATAAGTAGAG-1-1,TP53_CALR_het
TCACCCACACTGACAAAAGTAGAG-1-1,
TCACCCACAGCTAAGCAAGTAGAG-1-1,TP53_CALR_het
TCACCCACATCAATCCAAGTAGAG-1-1,TP53_EZH2_CALR_mut
TCACCCACATTGGGTAAAGTAGAG-1-1,
TCACCCTGTACCTTAAAAGTAGAG-1-1,TP53_EZH2_CALR_mut
TCACCCTGTACGAATGAAGTAGAG-1-1,
TCACCCTGTAGCTTGTAAGTAGAG-1-1,TP53_CALR_het
TCACCCTGTATTGGGAAAGTAGAG-1-1,TP53_EZH2_CALR_mut
TCACCCTGTCCTTCGTAAGTAGAG-1-1,TP53_EZH2_CALR_mut
TCACCCTGTGTAATGGAAGTAGAG-1-1,
TCACCCTGTTCAAGCTAAGTAGAG-1-1,
TCACCCTGTTCATTGAAAGTAGAG-1-1,
TCACCCTGTTGTTTAGAAGTAGAG-1-1,TP53_EZH2_CALR_mut
TCACCCTGTTTGTCAAAAGTAGAG-1-1,
TCACCTAAGGACAAGAAAGTAGAG-1-1,TP53_CALR_het
TCACCTAAGGAGCCGTAAGTAGAG-1-1,TP53_CALR_het
TCACGTTCAAACAAGAAAGTAGAG-1-1,
TCACGTTCAGCTTAAGAAGTAGAG-1-1,
TCACGTTCAGTTATCCAAGTAGAG-1-1,
TCACGTTCAGTTGCCCAAGTAGAG-1-1,
TCACGTTCATAAGTCGAAGTAGAG-1-1,TP53_CALR_het
TCACGTTCATGCAATGAAGTAGAG-1-1,TP53_EZH2_CALR_mut
TCACTCGCAAACCCAAAAGTAGAG-1-1,
TCACTCGCACATACCTAAGTAGAG-1-1,
TCACTCGCACTCAGTTAAGTAGAG-1-1,
TCACTCGCACTGTCATAAGTAGAG-1-1,
TCACTCGCAGCAATTGAAGTAGAG-1-1,
TCACTCGCATTCAGGAAAGTAGAG-1-1,
TCACTCGCATTGACTCAAGTAGAG-1-1,TP53_CALR_het
TCACTCGCATTGCCGCAAGTAGAG-1-1,TP53_CALR_het
TCACTCGCATTTGTTGAAGTAGAG-1-1,
TCACTGTCAAAGGTAAAAGTAGAG-1-1,ZRSR2_CALR_mut
TCACTGTCACATTCGTAAGTAGAG-1-1,
TCACTGTCACCTAACTAAGTAGAG-1-1,
TCACTGTCATAAGTCGAAGTAGAG-1-1,TP53_EZH2_CALR_mut
TCACTTTGTCACACCAAAGTAGAG-1-1,TP53_CALR_het
TCACTTTGTCCGGGTTAAGTAGAG-1-1,TP53_CALR_het
TCACTTTGTCCTCCATAAGTAGAG-1-1,ZRSR2_CALR_mut
TCACTTTGTCCTTCTAAAGTAGAG-1-1,
TCACTTTGTCTTTATCAAGTAGAG-1-1,TP53_EZH2_CALR_mut
TCACTTTGTGCGGAATAAGTAGAG-1-1,
TCACTTTGTTAATGCCAAGTAGAG-1-1,
TCACTTTGTTGTCAGTAAGTAGAG-1-1,
TCACTTTGTTTCACCCAAGTAGAG-1-1,
TCACTTTGTTTGTGACAAGTAGAG-1-1,TP53_EZH2_CALR_mut
TCAGCCAGTCTTACTTAAGTAGAG-1-1,
TCAGCCAGTGAAGCACAAGTAGAG-1-1,
TCAGCCAGTGACATGAAAGTAGAG-1-1,
TCAGCCAGTGCTCATGAAGTAGAG-1-1,TP53_CALR_het
TCAGCCAGTGGACACGAAGTAGAG-1-1,TP53_EZH2_CALR_mut
TCAGCCAGTTAAGGCAAAGTAGAG-1-1,
TCAGCCAGTTCTGGCAAAGTAGAG-1-1,TP53_EZH2_CALR_mut
TCAGGCAAGACAGACTAAGTAGAG-1-1,ZRSR2_CALR_mut
TCAGGCAAGAGGCGAGAAGTAGAG-1-1,
TCAGGCAAGCACGCAAAAGTAGAG-1-1,TP53_CALR_het
TCAGGCAAGCTTAGTTAAGTAGAG-1-1,TP53_CALR_het
TCAGGCAAGGAGGCCTAAGTAGAG-1-1,TP53_EZH2_CALR_mut
TCAGGCAAGTCTAACTAAGTAGAG-1-1,TP53_EZH2_CALR_mut
TCAGGCTTCACTAGGGAAGTAGAG-1-1,
TCAGGCTTCATAATGGAAGTAGAG-1-1,TP53_CALR_het
TCAGGCTTCATGACCCAAGTAGAG-1-1,
TCAGGCTTCATGCATTAAGTAGAG-1-1,TP53_CALR_het
TCAGGCTTCGTCAATTAAGTAGAG-1-1,
TCAGGGATCAAGCCAGAAGTAGAG-1-1,
TCAGGGATCATGCATTAAGTAGAG-1-1,
TCAGGGATCATTTGCGAAGTAGAG-1-1,
TCAGGGATCTCTCGCCAAGTAGAG-1-1,TP53_CALR_het
TCAGGTTGTAGGTGACAAGTAGAG-1-1,TP53_CALR_het
TCAGGTTGTGCATTACAAGTAGAG-1-1,
TCAGGTTGTGGACCCTAAGTAGAG-1-1,
TCAGGTTGTGGTTCGCAAGTAGAG-1-1,
TCAGGTTGTTAGTGAGAAGTAGAG-1-1,TP53_CALR_het
TCAGGTTGTTGACCCAAAGTAGAG-1-1,TP53_EZH2_CALR_mut
TCAGGTTGTTGGGTTTAAGTAGAG-1-1,
TCAGGTTGTTGTTGTAAAGTAGAG-1-1,TP53_CALR_het
TCAGGTTGTTGTTTAGAAGTAGAG-1-1,ZRSR2_CALR_mut
TCAGTAAAGCTCAACCAAGTAGAG-1-1,
TCAGTAAAGGGTTACGAAGTAGAG-1-1,TP53_CALR_het
TCAGTAAAGGTCTTTGAAGTAGAG-1-1,ZRSR2_CALR_mut
TCAGTAAAGTGTCCACAAGTAGAG-1-1,TP53_CALR_het
TCAGTAAAGTTACCCAAAGTAGAG-1-1,TP53_CALR_het
TCATAGGCAAACCTGAAAGTAGAG-1-1,
TCATAGGCAAGACATTAAGTAGAG-1-1,ZRSR2_CALR_mut
TCATAGGCAAGGTTATAAGTAGAG-1-1,TP53_CALR_het
TCATAGGCAATATGGTAAGTAGAG-1-1,
TCATAGGCAATGTTCCAAGTAGAG-1-1,
TCATAGGCACCGTTTGAAGTAGAG-1-1,
TCATAGGCAGAGAGCAAAGTAGAG-1-1,
TCATAGGCAGGCTAACAAGTAGAG-1-1,
TCATAGGCAGGGCTATAAGTAGAG-1-1,
TCATAGGCATGCGCAGAAGTAGAG-1-1,
TCATAGGCATGTTTCAAAGTAGAG-1-1,TP53_CALR_het
TCATAGGCATTGAAGTAAGTAGAG-1-1,
TCATAGGCATTGGGTAAAGTAGAG-1-1,
TCATCAGTCAGTTTACAAGTAGAG-1-1,
TCATCAGTCCATTAACAAGTAGAG-1-1,
TCATCAGTCCTCTAAGAAGTAGAG-1-1,TP53_EZH2_CALR_mut
TCATCAGTCCTTTCTAAAGTAGAG-1-1,TP53_EZH2_CALR_mut
TCATCAGTCTCAGCTAAAGTAGAG-1-1,TP53_EZH2_CALR_mut
TCATCAGTCTTTGGATAAGTAGAG-1-1,
TCATGAAAGACCAGGCAAGTAGAG-1-1,
TCATGAAAGAGCCGGTAAGTAGAG-1-1,
TCATGAAAGGACTTAAAAGTAGAG-1-1,TP53_CALR_het
TCATGAAAGGGAGGATAAGTAGAG-1-1,
TCATGAAAGTGATTAGAAGTAGAG-1-1,ZRSR2_CALR_mut
TCATGAAAGTTACTCGAAGTAGAG-1-1,TP53_CALR_het
TCATGAGCACATACCTAAGTAGAG-1-1,TP53_CALR_het
TCATGAGCACCTTCTCAAGTAGAG-1-1,ZRSR2_CALR_mut
TCATGAGCACTAACAGAAGTAGAG-1-1,TP53_EZH2_CALR_mut
TCATGAGCACTAACTCAAGTAGAG-1-1,TP53_CALR_het
TCATGAGCAGCCCTTAAAGTAGAG-1-1,
TCATGAGCATGCAATGAAGTAGAG-1-1,ZRSR2_CALR_mut
TCATGCCAGAGCAATCAAGTAGAG-1-1,TP53_CALR_het
TCATGCCAGATAACGCAAGTAGAG-1-1,ZRSR2_CALR_mut
TCATGCCAGATATTGGAAGTAGAG-1-1,TP53_CALR_het
TCATGCCAGCGTGCTTAAGTAGAG-1-1,TP53_CALR_het
TCATGCCAGGAAGCAAAAGTAGAG-1-1,
TCATGCCAGGTCTTTGAAGTAGAG-1-1,TP53_CALR_het
TCATGCCAGGTTTCCAAAGTAGAG-1-1,TP53_EZH2_CALR_mut
TCATGCCAGTCGAAGTAAGTAGAG-1-1,TP53_CALR_het
TCATGGTGTACAGCAAAAGTAGAG-1-1,
TCATGGTGTCCAATACAAGTAGAG-1-1,
TCATGGTGTCCATCAGAAGTAGAG-1-1,ZRSR2_CALR_mut
TCATTACAGACTTAAGAAGTAGAG-1-1,
TCATTACAGCGATAACAAGTAGAG-1-1,
TCATTACAGCTAGCCTAAGTAGAG-1-1,TP53_EZH2_CALR_mut
TCATTACAGGATCCCTAAGTAGAG-1-1,TP53_EZH2_CALR_mut
TCATTACAGTGTGCAGAAGTAGAG-1-1,
TCATTTGCAAATAAGGAAGTAGAG-1-1,ZRSR2_CALR_mut
TCATTTGCAAGTTAACAAGTAGAG-1-1,TP53_EZH2_CALR_mut
TCATTTGCAATAGCTGAAGTAGAG-1-1,TP53_EZH2_CALR_mut
TCATTTGCAGCGATCGAAGTAGAG-1-1,TP53_CALR_het
TCATTTGCAGGACTACAAGTAGAG-1-1,ZRSR2_CALR_mut
TCATTTGCAGGTTTCTAAGTAGAG-1-1,TP53_CALR_het
TCATTTGCATAGTCAGAAGTAGAG-1-1,TP53_CALR_het
TCATTTGCATCCCAATAAGTAGAG-1-1,TP53_CALR_het
TCATTTGCATTACTCAAAGTAGAG-1-1,TP53_EZH2_CALR_mut
TCCAAGTGTACTTAGCAAGTAGAG-1-1,TP53_CALR_het
TCCAAGTGTAGCTTGTAAGTAGAG-1-1,
TCCAAGTGTGACCTATAAGTAGAG-1-1,TP53_EZH2_CALR_mut
TCCAAGTGTGCTTCTCAAGTAGAG-1-1,
TCCAAGTGTGTGAGGTAAGTAGAG-1-1,
TCCAAGTGTTTGTAGCAAGTAGAG-1-1,TP53_EZH2_CALR_mut
TCCAAGTGTTTGTTTCAAGTAGAG-1-1,
TCCAATAGTAATTGCCAAGTAGAG-1-1,
TCCAATAGTCCAGCACAAGTAGAG-1-1,
TCCAATAGTCGCAACCAAGTAGAG-1-1,
TCCAATAGTCGTTCGAAAGTAGAG-1-1,TP53_CALR_het
TCCAATAGTCTCACTCAAGTAGAG-1-1,
TCCAATAGTGGCTTTGAAGTAGAG-1-1,
TCCAATAGTTGCACTGAAGTAGAG-1-1,
TCCACCCTCACCCTCCAAGTAGAG-1-1,
TCCACCCTCACTATGTAAGTAGAG-1-1,TP53_CALR_het
TCCACCCTCATGCGTCAAGTAGAG-1-1,
TCCACCCTCCAATTACAAGTAGAG-1-1,TP53_CALR_het
TCCACCCTCCATAAAGAAGTAGAG-1-1,
TCCACCCTCCGGACAAAAGTAGAG-1-1,TP53_EZH2_CALR_mut
TCCACCCTCGGGCAACAAGTAGAG-1-1,TP53_CALR_het
TCCACCCTCGGTACCTAAGTAGAG-1-1,TP53_EZH2_CALR_mut
TCCACCCTCTGCAACCAAGTAGAG-1-1,
TCCACCCTCTTTGGATAAGTAGAG-1-1,TP53_CALR_het
TCCACCTGTCCTCCTGAAGTAGAG-1-1,TP53_EZH2_CALR_mut
TCCACCTGTCGAAGGTAAGTAGAG-1-1,TP53_CALR_het
TCCACCTGTGCACTATAAGTAGAG-1-1,TP53_CALR_het
TCCACCTGTGCTGATTAAGTAGAG-1-1,
TCCACCTGTTAAGCTCAAGTAGAG-1-1,TP53_CALR_het
TCCACCTGTTAGCGCCAAGTAGAG-1-1,
TCCACTAAGACTATTCAAGTAGAG-1-1,
TCCACTAAGCCATAAAAAGTAGAG-1-1,
TCCACTAAGCGATAACAAGTAGAG-1-1,ZRSR2_CALR_mut
TCCACTAAGCTCGATCAAGTAGAG-1-1,TP53_CALR_het
TCCACTAAGGCAGGCTAAGTAGAG-1-1,TP53_EZH2_CALR_mut
TCCACTAAGGCTTAGGAAGTAGAG-1-1,TP53_EZH2_CALR_mut
TCCACTAAGGTTATCTAAGTAGAG-1-1,
TCCACTAAGGTTCCGTAAGTAGAG-1-1,
TCCACTAAGTCATAAGAAGTAGAG-1-1,TP53_CALR_het
TCCACTAAGTTAGGCGAAGTAGAG-1-1,TP53_CALR_het
TCCACTAAGTTTGACTAAGTAGAG-1-1,
TCCAGCTAGCACTAGGAAGTAGAG-1-1,
TCCAGCTAGCCTGGTTAAGTAGAG-1-1,
TCCAGCTAGCTTAAAGAAGTAGAG-1-1,
TCCAGCTAGGTGAGTTAAGTAGAG-1-1,
TCCAGGAAGCACCTTAAAGTAGAG-1-1,TP53_CALR_het
TCCAGGAAGCCATCACAAGTAGAG-1-1,TP53_CALR_het
TCCAGGAAGCCTGCCAAAGTAGAG-1-1,TP53_CALR_het
TCCAGGAAGCGAATCGAAGTAGAG-1-1,
TCCAGGAAGCTATCCAAAGTAGAG-1-1,
TCCAGGAAGGACAAGAAAGTAGAG-1-1,
TCCAGGAAGGCAATCGAAGTAGAG-1-1,TP53_CALR_het
TCCAGGAAGGTCGAGCAAGTAGAG-1-1,TP53_CALR_het
TCCAGGAAGTCACACCAAGTAGAG-1-1,TP53_CALR_het
TCCAGGAAGTCGAAGTAAGTAGAG-1-1,
TCCAGGAAGTCTTGCAAAGTAGAG-1-1,TP53_EZH2_CALR_mut
TCCAGGAAGTTACATCAAGTAGAG-1-1,TP53_CALR_het
TCCAGGAAGTTATGGAAAGTAGAG-1-1,TP53_CALR_het
TCCAGGAAGTTTGAGAAAGTAGAG-1-1,
TCCATTACAACAGCTAAAGTAGAG-1-1,TP53_CALR_het
TCCATTACAACATGATAAGTAGAG-1-1,
TCCATTACACATGAATAAGTAGAG-1-1,
TCCATTACACCTAAAGAAGTAGAG-1-1,
TCCATTACACGTAAATAAGTAGAG-1-1,
TCCATTACAGTAATACAAGTAGAG-1-1,TP53_CALR_het
TCCATTACATCACGAAAAGTAGAG-1-1,
TCCATTTGTATATTCGAAGTAGAG-1-1,TP53_CALR_het
TCCATTTGTATTCGGTAAGTAGAG-1-1,
TCCATTTGTCAAACTCAAGTAGAG-1-1,ZRSR2_CALR_mut
TCCATTTGTGCGCATCAAGTAGAG-1-1,
TCCATTTGTGCGGCAAAAGTAGAG-1-1,
TCCATTTGTGCTTCTCAAGTAGAG-1-1,
TCCATTTGTGTTTGGTAAGTAGAG-1-1,
TCCCATAAGACCATGGAAGTAGAG-1-1,
TCCCATAAGCAATCGGAAGTAGAG-1-1,TP53_CALR_het
TCCCATAAGCATCTATAAGTAGAG-1-1,TP53_CALR_het
TCCCATAAGCCCTTGGAAGTAGAG-1-1,TP53_CALR_het
TCCCATAAGGAGCCGTAAGTAGAG-1-1,TP53_EZH2_CALR_mut
TCCCATAAGGTAGTTAAAGTAGAG-1-1,TP53_EZH2_CALR_mut
TCCCGCAAGGATCCCTAAGTAGAG-1-1,
TCCCGCAAGGTATGGTAAGTAGAG-1-1,
TCCCGCAAGTCCTCAAAAGTAGAG-1-1,
TCCCGCAAGTGAGGAAAAGTAGAG-1-1,
TCCCGCAAGTGAGTTAAAGTAGAG-1-1,
TCCCGCAAGTTGGATAAAGTAGAG-1-1,TP53_EZH2_CALR_mut
TCCCGTTGTATTCGGTAAGTAGAG-1-1,TP53_EZH2_CALR_mut
TCCCGTTGTATTGACCAAGTAGAG-1-1,
TCCCGTTGTCCTCCTGAAGTAGAG-1-1,TP53_EZH2_CALR_mut
TCCCGTTGTCGAAGGTAAGTAGAG-1-1,
TCCCGTTGTGGATGGTAAGTAGAG-1-1,
TCCCTCATCACAAAGCAAGTAGAG-1-1,TP53_EZH2_CALR_mut
TCCCTCATCACGTTCAAAGTAGAG-1-1,TP53_CALR_het
TCCCTCATCATAACCTAAGTAGAG-1-1,
TCCCTCATCCAGATAAAAGTAGAG-1-1,TP53_CALR_het
TCCCTCATCCAGCTTAAAGTAGAG-1-1,
TCCCTCATCCTTTCTAAAGTAGAG-1-1,
TCCCTCATCGCCTATAAAGTAGAG-1-1,
TCCCTCATCTAAGTCTAAGTAGAG-1-1,
TCCCTCATCTCACCTTAAGTAGAG-1-1,
TCCCTTTAGAGGAGGTAAGTAGAG-1-1,
TCCCTTTAGAGGCGAGAAGTAGAG-1-1,
TCCCTTTAGCCTAGTCAAGTAGAG-1-1,
TCCCTTTAGCTTATCGAAGTAGAG-1-1,
TCCCTTTAGGAACCTGAAGTAGAG-1-1,
TCCCTTTAGGTTGCAGAAGTAGAG-1-1,
TCCCTTTAGTCATCATAAGTAGAG-1-1,TP53_CALR_het
TCCCTTTAGTGTTTGTAAGTAGAG-1-1,
TCCGAATGTGCACTATAAGTAGAG-1-1,
TCCGAATGTGTAATGGAAGTAGAG-1-1,
TCCGAATGTTCTCAAAAAGTAGAG-1-1,ZRSR2_CALR_mut
TCCGAATGTTTGTTTCAAGTAGAG-1-1,TP53_CALR_het
TCCGGAGCAAACCTGAAAGTAGAG-1-1,TP53_EZH2_CALR_mut
TCCGGAGCAAAGGGATAAGTAGAG-1-1,ZRSR2_CALR_mut
TCCGGAGCAACTAAGTAAGTAGAG-1-1,TP53_EZH2_CALR_mut
TCCGGAGCACCACAAAAAGTAGAG-1-1,
TCCGGAGCACCTAAAGAAGTAGAG-1-1,ZRSR2_CALR_mut
TCCGGAGCACCTTACGAAGTAGAG-1-1,
TCCGGAGCACGTAGGTAAGTAGAG-1-1,TP53_CALR_het
TCCGGAGCAGGCTAACAAGTAGAG-1-1,
TCCGGAGCATCCAAGAAAGTAGAG-1-1,TP53_EZH2_CALR_mut
TCCGGAGCATCCTTGGAAGTAGAG-1-1,TP53_CALR_het
TCCGTTAAGCCCGTTGAAGTAGAG-1-1,TP53_EZH2_CALR_mut
TCCGTTAAGCCTCTAAAAGTAGAG-1-1,
TCCGTTAAGCGATGGCAAGTAGAG-1-1,
TCCGTTAAGCTAAATGAAGTAGAG-1-1,TP53_CALR_het
TCCGTTAAGGCCTCTGAAGTAGAG-1-1,TP53_EZH2_CALR_mut
TCCGTTAAGTAAGCACAAGTAGAG-1-1,
TCCGTTAAGTACGGGCAAGTAGAG-1-1,
TCCGTTAAGTTTGCTGAAGTAGAG-1-1,ZRSR2_CALR_mut
TCCTAAGTCAAGGTACAAGTAGAG-1-1,TP53_CALR_het
TCCTAAGTCAATGTGAAAGTAGAG-1-1,TP53_EZH2_CALR_mut
TCCTAAGTCACCATATAAGTAGAG-1-1,
TCCTAAGTCAGGTTGGAAGTAGAG-1-1,
TCCTAAGTCCATAAAGAAGTAGAG-1-1,
TCCTAAGTCCGTCAACAAGTAGAG-1-1,TP53_CALR_het
TCCTAAGTCCTAAATCAAGTAGAG-1-1,
TCCTAAGTCCTGCAACAAGTAGAG-1-1,
TCCTAAGTCGACCCATAAGTAGAG-1-1,ZRSR2_CALR_mut
TCCTGGTAGAGCAACTAAGTAGAG-1-1,ZRSR2_CALR_mut
TCCTGGTAGATGGATCAAGTAGAG-1-1,TP53_EZH2_CALR_mut
TCCTGGTAGCGAATACAAGTAGAG-1-1,
TCCTGGTAGGATGGTTAAGTAGAG-1-1,TP53_CALR_het
TCCTGGTAGGCGCGATAAGTAGAG-1-1,
TCCTGGTAGGGTTAACAAGTAGAG-1-1,
TCCTGGTAGGTAATTGAAGTAGAG-1-1,
TCCTGGTAGGTCTTTGAAGTAGAG-1-1,
TCCTGGTAGTTACCTGAAGTAGAG-1-1,TP53_EZH2_CALR_mut
TCCTGGTAGTTACTCGAAGTAGAG-1-1,TP53_CALR_het
TCCTGGTAGTTGACCCAAGTAGAG-1-1,
TCCTTATGTGAGTAATAAGTAGAG-1-1,TP53_CALR_het
TCCTTATGTGATTACCAAGTAGAG-1-1,
TCCTTATGTGCTTCGAAAGTAGAG-1-1,
TCCTTATGTTGAGCTTAAGTAGAG-1-1,TP53_EZH2_CALR_mut
TCCTTATGTTGCATCGAAGTAGAG-1-1,
TCCTTATGTTGTTGGTAAGTAGAG-1-1,
TCCTTATGTTTGTAGCAAGTAGAG-1-1,TP53_CALR_het
TCCTTCTAGACAAAGGAAGTAGAG-1-1,
TCCTTCTAGACCATTTAAGTAGAG-1-1,
TCCTTCTAGACTGAGTAAGTAGAG-1-1,TP53_EZH2_CALR_mut
TCCTTCTAGCCCTGATAAGTAGAG-1-1,
TCCTTCTAGCGAGTTGAAGTAGAG-1-1,TP53_CALR_het
TCCTTCTAGCGCCTTGAAGTAGAG-1-1,
TCCTTCTAGGTTACTTAAGTAGAG-1-1,
TCCTTCTAGTATGGTAAAGTAGAG-1-1,TP53_EZH2_CALR_mut
TCCTTGAAGCACGTTCAAGTAGAG-1-1,
TCCTTGAAGCTATCCAAAGTAGAG-1-1,
TCCTTGAAGCTGATGGAAGTAGAG-1-1,TP53_CALR_het
TCCTTGAAGCTTACTGAAGTAGAG-1-1,
TCCTTGAAGGAACCATAAGTAGAG-1-1,
TCCTTGAAGGCGCGATAAGTAGAG-1-1,
TCCTTGAAGGCGGATCAAGTAGAG-1-1,TP53_EZH2_CALR_mut
TCCTTGAAGGTATAGCAAGTAGAG-1-1,
TCCTTGAAGGTGCACAAAGTAGAG-1-1,ZRSR2_CALR_mut
TCCTTGAAGTCATCATAAGTAGAG-1-1,
TCCTTGAAGTTTCACGAAGTAGAG-1-1,
TCCTTTCAGAAACTCAAAGTAGAG-1-1,TP53_EZH2_CALR_mut
TCCTTTCAGCACGCAAAAGTAGAG-1-1,TP53_CALR_het
TCCTTTCAGCGAGCTAAAGTAGAG-1-1,ZRSR2_CALR_mut
TCCTTTCAGCTATTACAAGTAGAG-1-1,TP53_CALR_het
TCCTTTCAGCTTGAAAAAGTAGAG-1-1,TP53_EZH2_CALR_mut
TCCTTTCAGGACAAAGAAGTAGAG-1-1,
TCCTTTCAGGACAAGAAAGTAGAG-1-1,TP53_EZH2_CALR_mut
TCCTTTCAGTGAGTTAAAGTAGAG-1-1,TP53_CALR_het
TCCTTTCAGTGATTAGAAGTAGAG-1-1,
TCGAACCTCAATCCTGAAGTAGAG-1-1,
TCGAACCTCACAGGATAAGTAGAG-1-1,TP53_CALR_het
TCGAACCTCAGCCCTGAAGTAGAG-1-1,TP53_CALR_het
TCGAACCTCATAACCTAAGTAGAG-1-1,
TCGAACCTCCATAGAAAAGTAGAG-1-1,ZRSR2_CALR_mut
TCGAACCTCCCAAATTAAGTAGAG-1-1,
TCGAACCTCGAGCTAGAAGTAGAG-1-1,
TCGAACCTCTGGCCATAAGTAGAG-1-1,
TCGAACCTCTGTGACCAAGTAGAG-1-1,
TCGAAGGTCCATAGGGAAGTAGAG-1-1,ZRSR2_CALR_mut
TCGAAGGTCCCATTGAAAGTAGAG-1-1,
TCGAAGGTCTATTGACAAGTAGAG-1-1,TP53_CALR_het
TCGAAGTAGAAGTAGGAAGTAGAG-1-1,
TCGAAGTAGCAAACCGAAGTAGAG-1-1,ZRSR2_CALR_mut
TCGAAGTAGCAAAGCTAAGTAGAG-1-1,
TCGAAGTAGCTATTACAAGTAGAG-1-1,TP53_CALR_het
TCGAAGTAGGAAGGTAAAGTAGAG-1-1,
TCGAAGTAGGCAAGCCAAGTAGAG-1-1,
TCGAAGTAGGCTTAAAAAGTAGAG-1-1,
TCGAAGTAGGCTTATTAAGTAGAG-1-1,TP53_EZH2_CALR_mut
TCGAAGTAGGTAAGCTAAGTAGAG-1-1,TP53_CALR_het
TCGAAGTAGTCACACCAAGTAGAG-1-1,
TCGAAGTAGTCGAAGTAAGTAGAG-1-1,
TCGACTCAGACAAGCTAAGTAGAG-1-1,TP53_CALR_het
TCGACTCAGAGGCGGAAAGTAGAG-1-1,
TCGACTCAGATTATCCAAGTAGAG-1-1,
TCGACTCAGCTAGATAAAGTAGAG-1-1,
TCGACTCAGCTTATCGAAGTAGAG-1-1,
TCGACTCAGGAAGCAAAAGTAGAG-1-1,TP53_EZH2_CALR_mut
TCGACTCAGGACAAAGAAGTAGAG-1-1,
TCGACTCAGGTAACTAAAGTAGAG-1-1,
TCGACTCAGGTCAAACAAGTAGAG-1-1,TP53_CALR_het
TCGACTCAGTAAGTGCAAGTAGAG-1-1,TP53_CALR_het
TCGATAAAGCAATCCCAAGTAGAG-1-1,
TCGATAAAGCATCTTGAAGTAGAG-1-1,
TCGATAAAGCCTAAGGAAGTAGAG-1-1,
TCGATAAAGCGAATACAAGTAGAG-1-1,TP53_EZH2_CALR_mut
TCGATAAAGGCCATGAAAGTAGAG-1-1,TP53_CALR_het
TCGATAAAGGTAAGTCAAGTAGAG-1-1,TP53_EZH2_CALR_mut
TCGATAAAGGTGAGCCAAGTAGAG-1-1,TP53_EZH2_CALR_mut
TCGATAAAGTTGACCCAAGTAGAG-1-1,
TCGATATTCAATTGGAAAGTAGAG-1-1,
TCGATATTCGAAGTTAAAGTAGAG-1-1,TP53_CALR_het
TCGATATTCGGTCAAGAAGTAGAG-1-1,TP53_EZH2_CALR_mut
TCGATATTCGTGATTTAAGTAGAG-1-1,
TCGATATTCTCCATCTAAGTAGAG-1-1,
TCGATATTCTTGATCGAAGTAGAG-1-1,
TCGATGACAAATACCGAAGTAGAG-1-1,TP53_CALR_het
TCGATGACAAATAGGAAAGTAGAG-1-1,TP53_CALR_het
TCGATGACAACTATCCAAGTAGAG-1-1,
TCGATGACAAGTAAGAAAGTAGAG-1-1,
TCGATGACAAGTTGCAAAGTAGAG-1-1,
TCGATGACACCTTTGGAAGTAGAG-1-1,TP53_EZH2_CALR_mut
TCGATGACACGGATACAAGTAGAG-1-1,TP53_EZH2_CALR_mut
TCGATGACAGCGATCGAAGTAGAG-1-1,TP53_CALR_het
TCGATGACATCAGGACAAGTAGAG-1-1,TP53_EZH2_CALR_mut
TCGATGACATTTCATGAAGTAGAG-1-1,TP53_EZH2_CALR_mut
TCGATGACATTTCGACAAGTAGAG-1-1,
TCGCATTCAATTCGGAAAGTAGAG-1-1,TP53_CALR_het
TCGCATTCAATTGAGTAAGTAGAG-1-1,
TCGCATTCACACCCACAAGTAGAG-1-1,
TCGCATTCACCAGCTCAAGTAGAG-1-1,TP53_EZH2_CALR_mut
TCGCATTCACTAAGCAAAGTAGAG-1-1,
TCGCATTCACTGACAAAAGTAGAG-1-1,
TCGCATTCAGCACTAAAAGTAGAG-1-1,ZRSR2_CALR_mut
TCGCATTCATGAAGCCAAGTAGAG-1-1,TP53_EZH2_CALR_mut
TCGCATTCATTTATCGAAGTAGAG-1-1,
TCGCATTCATTTCGCGAAGTAGAG-1-1,TP53_EZH2_CALR_mut
TCGCATTCATTTGGAGAAGTAGAG-1-1,TP53_CALR_het
TCGCCTCTCATCCCAAAAGTAGAG-1-1,
TCGCCTCTCATTAGTCAAGTAGAG-1-1,ZRSR2_CALR_mut
TCGCCTCTCCCATTGAAAGTAGAG-1-1,TP53_EZH2_CALR_mut
TCGCCTCTCGCAGGACAAGTAGAG-1-1,TP53_CALR_het
TCGCCTCTCGCGTTACAAGTAGAG-1-1,
TCGCCTCTCGGGACTAAAGTAGAG-1-1,
TCGCCTCTCGTAACTTAAGTAGAG-1-1,TP53_CALR_het
TCGCCTCTCGTCAACCAAGTAGAG-1-1,TP53_CALR_het
TCGCGCATCAGCACCTAAGTAGAG-1-1,TP53_EZH2_CALR_mut
TCGCGCATCCTTTGGAAAGTAGAG-1-1,
TCGCGCATCGTAAAGCAAGTAGAG-1-1,
TCGCGCTCAAACCCAAAAGTAGAG-1-1,
TCGCGCTCAAGGCCTGAAGTAGAG-1-1,TP53_CALR_het
TCGCGCTCACCACAAAAAGTAGAG-1-1,
TCGCGCTCACTAACTCAAGTAGAG-1-1,TP53_EZH2_CALR_mut
TCGCGGACAAACCGGTAAGTAGAG-1-1,TP53_EZH2_CALR_mut
TCGCGGACAAATCACGAAGTAGAG-1-1,
TCGCGGACAATGTGGCAAGTAGAG-1-1,
TCGCGGACAATGTTCCAAGTAGAG-1-1,TP53_CALR_het
TCGCGGACACCATACTAAGTAGAG-1-1,TP53_EZH2_CALR_mut
TCGCGGACACCATCCAAAGTAGAG-1-1,TP53_EZH2_CALR_mut
TCGCGGACACCGGTAGAAGTAGAG-1-1,
TCGCGGACACCTAAAGAAGTAGAG-1-1,
TCGCGGACACTTTATGAAGTAGAG-1-1,TP53_CALR_het
TCGCGGACAGGTATTGAAGTAGAG-1-1,
TCGCGGACATACTTGCAAGTAGAG-1-1,
TCGCGGACATAGGGTCAAGTAGAG-1-1,TP53_EZH2_CALR_mut
TCGCTCGAGAACCTCCAAGTAGAG-1-1,
TCGCTCGAGACAACACAAGTAGAG-1-1,
TCGCTCGAGACCATGGAAGTAGAG-1-1,
TCGCTCGAGACTAATGAAGTAGAG-1-1,
TCGCTCGAGACTCAAAAAGTAGAG-1-1,TP53_EZH2_CALR_mut
TCGCTCGAGAGGAGTAAAGTAGAG-1-1,
TCGCTCGAGCCATCGTAAGTAGAG-1-1,
TCGCTCGAGGGTTGGCAAGTAGAG-1-1,TP53_CALR_het
TCGCTTGCAATCTCTAAAGTAGAG-1-1,TP53_CALR_het
TCGCTTGCAGCAATTGAAGTAGAG-1-1,TP53_EZH2_CALR_mut
TCGCTTGCATGAAGCCAAGTAGAG-1-1,
TCGCTTGCATGACCAAAAGTAGAG-1-1,ZRSR2_CALR_mut
TCGGCCATCACAACAAAAGTAGAG-1-1,TP53_CALR_het
TCGGCCATCACGAACGAAGTAGAG-1-1,
TCGGCCATCAGGCATGAAGTAGAG-1-1,
TCGGCCATCCTCAAGCAAGTAGAG-1-1,
TCGGCCATCCTTTGGAAAGTAGAG-1-1,
TCGGCCATCGCATTTGAAGTAGAG-1-1,TP53_CALR_het
TCGGCCATCTCACCGGAAGTAGAG-1-1,
TCGGCCATCTGGCCCAAAGTAGAG-1-1,
TCGGCCATCTTGAAGAAAGTAGAG-1-1,TP53_EZH2_CALR_mut
TCGGCTAGTACCTAGTAAGTAGAG-1-1,
TCGGCTAGTAGACTGAAAGTAGAG-1-1,TP53_EZH2_CALR_mut
TCGGCTAGTCTCAGCAAAGTAGAG-1-1,
TCGGCTAGTCTGTCAGAAGTAGAG-1-1,ZRSR2_CALR_mut
TCGGCTAGTGCTCCAAAAGTAGAG-1-1,
TCGGCTAGTTTGTCCCAAGTAGAG-1-1,TP53_EZH2_CALR_mut
TCGGTTATCACAAATGAAGTAGAG-1-1,TP53_CALR_het
TCGGTTATCCCAGACTAAGTAGAG-1-1,
TCGGTTATCGAAGTTAAAGTAGAG-1-1,TP53_EZH2_CALR_mut
TCGGTTATCGATTGAAAAGTAGAG-1-1,TP53_CALR_het
TCGGTTATCGCAAATAAAGTAGAG-1-1,TP53_EZH2_CALR_mut
TCGGTTATCGCCTATAAAGTAGAG-1-1,
TCGGTTATCGCTCAGTAAGTAGAG-1-1,
TCGGTTATCGCTTGGTAAGTAGAG-1-1,TP53_CALR_het
TCGTCAATCAGCACAGAAGTAGAG-1-1,TP53_EZH2_CALR_mut
TCGTCAATCAGGTTAAAAGTAGAG-1-1,
TCGTCAATCCAAATAGAAGTAGAG-1-1,
TCGTCAATCCATCCAAAAGTAGAG-1-1,
TCGTCAATCTATCGGCAAGTAGAG-1-1,
TCGTCCCTCCCTCGTCAAGTAGAG-1-1,TP53_CALR_het
TCGTCCCTCCGCAACTAAGTAGAG-1-1,TP53_CALR_het
TCGTCCCTCCTTTGGAAAGTAGAG-1-1,TP53_EZH2_CALR_mut
TCGTCCCTCGCTTGCGAAGTAGAG-1-1,
TCGTCCCTCGGTAAGTAAGTAGAG-1-1,TP53_EZH2_CALR_mut
TCGTCCCTCTTCGCCCAAGTAGAG-1-1,
TCGTCCCTCTTGAATCAAGTAGAG-1-1,TP53_CALR_het
TCGTTAAGTAATGCGAAAGTAGAG-1-1,
TCGTTAAGTATAGTGGAAGTAGAG-1-1,TP53_CALR_het
TCGTTAAGTATCCGCAAAGTAGAG-1-1,
TCGTTAAGTATTGCGTAAGTAGAG-1-1,TP53_CALR_het
TCGTTAAGTGGATGGTAAGTAGAG-1-1,TP53_CALR_het
TCGTTATAGCAAAGCTAAGTAGAG-1-1,TP53_EZH2_CALR_mut
TCGTTATAGCCAGAGCAAGTAGAG-1-1,
TCGTTATAGCGAGCTAAAGTAGAG-1-1,
TCGTTATAGCTATCCAAAGTAGAG-1-1,
TCGTTATAGCTCGATCAAGTAGAG-1-1,TP53_EZH2_CALR_mut
TCGTTATAGGACAAGAAAGTAGAG-1-1,TP53_CALR_het
TCGTTATAGGACTTAAAAGTAGAG-1-1,TP53_EZH2_CALR_mut
TCGTTATAGGTATTTCAAGTAGAG-1-1,TP53_CALR_het
TCGTTATAGTACCCACAAGTAGAG-1-1,
TCGTTATAGTCGCGAAAAGTAGAG-1-1,
TCGTTATAGTTGGATAAAGTAGAG-1-1,TP53_CALR_het
TCGTTCGCAACCATTCAAGTAGAG-1-1,TP53_EZH2_CALR_mut
TCGTTCGCAAGTTTCCAAGTAGAG-1-1,TP53_CALR_het
TCGTTCGCACACTAAGAAGTAGAG-1-1,TP53_EZH2_CALR_mut
TCGTTCGCACCACAAAAAGTAGAG-1-1,
TCGTTCGCAGAAACTTAAGTAGAG-1-1,TP53_EZH2_CALR_mut
TCGTTCGCAGCACCTCAAGTAGAG-1-1,TP53_CALR_het
TCGTTCGCATTTGGGAAAGTAGAG-1-1,
TCGTTGCAGACAAAGGAAGTAGAG-1-1,
TCGTTGCAGCCTCTAAAAGTAGAG-1-1,
TCGTTGCAGCTAGCCTAAGTAGAG-1-1,TP53_CALR_het
TCGTTGCAGGGTGGGAAAGTAGAG-1-1,TP53_EZH2_CALR_mut
TCGTTGCAGGTGAGTTAAGTAGAG-1-1,
TCGTTGCAGTCACACCAAGTAGAG-1-1,TP53_EZH2_CALR_mut
TCTAACAGTACGAATGAAGTAGAG-1-1,TP53_CALR_het
TCTAACAGTCCGGTACAAGTAGAG-1-1,
TCTAACAGTCGAATCTAAGTAGAG-1-1,TP53_EZH2_CALR_mut
TCTAACAGTCTGTCAGAAGTAGAG-1-1,TP53_CALR_het
TCTAACAGTGAGAAGGAAGTAGAG-1-1,TP53_EZH2_CALR_mut
TCTAACAGTGTGTCGCAAGTAGAG-1-1,
TCTAACAGTTAATGCCAAGTAGAG-1-1,TP53_EZH2_CALR_mut
TCTAACAGTTGGCGAGAAGTAGAG-1-1,
TCTAACCCAAGGCGTTAAGTAGAG-1-1,
TCTAACCCAATCGTTCAAGTAGAG-1-1,TP53_EZH2_CALR_mut
TCTAACCCACTAACGAAAGTAGAG-1-1,TP53_EZH2_CALR_mut
TCTAACCCAGCTTTCGAAGTAGAG-1-1,
TCTAACCCAGGCTTAAAAGTAGAG-1-1,
TCTAACCCAGGTATTGAAGTAGAG-1-1,
TCTAACCCATCCGGAGAAGTAGAG-1-1,ZRSR2_CALR_mut
TCTAACTAGCAAATCAAAGTAGAG-1-1,TP53_EZH2_CALR_mut
TCTAACTAGCAGGTTGAAGTAGAG-1-1,ZRSR2_CALR_mut
TCTAACTAGGCGAGTCAAGTAGAG-1-1,
TCTAACTAGGTGAATCAAGTAGAG-1-1,TP53_EZH2_CALR_mut
TCTAACTAGTAAACCAAAGTAGAG-1-1,
TCTAACTAGTATGGTAAAGTAGAG-1-1,
TCTAACTAGTCAACTTAAGTAGAG-1-1,
TCTAACTAGTTATTGCAAGTAGAG-1-1,
TCTAACTAGTTTCAGTAAGTAGAG-1-1,
TCTAAGGCAAACCCAAAAGTAGAG-1-1,
TCTAAGGCAAACCGTAAAGTAGAG-1-1,TP53_EZH2_CALR_mut
TCTAAGGCAAACGGGAAAGTAGAG-1-1,
TCTAAGGCAACGTTAGAAGTAGAG-1-1,TP53_CALR_het
TCTAAGGCACATACCTAAGTAGAG-1-1,TP53_EZH2_CALR_mut
TCTAAGGCACCATCCAAAGTAGAG-1-1,TP53_CALR_het
TCTAAGGCACCTTACGAAGTAGAG-1-1,TP53_CALR_het
TCTAAGGCACTAACTCAAGTAGAG-1-1,TP53_EZH2_CALR_mut
TCTAAGGCAGAATCGCAAGTAGAG-1-1,TP53_EZH2_CALR_mut
TCTAAGGCATAGACGCAAGTAGAG-1-1,
TCTAAGGCATCCGGAGAAGTAGAG-1-1,
TCTAAGGCATGCGCAGAAGTAGAG-1-1,TP53_CALR_het
TCTAAGGCATGTGGGTAAGTAGAG-1-1,
TCTAAGGCATTTCTTCAAGTAGAG-1-1,
TCTAAGTTCAAACCGGAAGTAGAG-1-1,
TCTAAGTTCCAACATTAAGTAGAG-1-1,
TCTAAGTTCGAACGTGAAGTAGAG-1-1,TP53_EZH2_CALR_mut
TCTAAGTTCGATATTCAAGTAGAG-1-1,TP53_CALR_het
TCTAAGTTCGATTGAAAAGTAGAG-1-1,TP53_CALR_het
TCTAAGTTCTCCATCTAAGTAGAG-1-1,TP53_CALR_het
TCTAATCAGCGAATCGAAGTAGAG-1-1,TP53_EZH2_CALR_mut
TCTAATCAGGCCATGAAAGTAGAG-1-1,TP53_CALR_het
TCTAATCAGGCGCATAAAGTAGAG-1-1,
TCTAATCAGTCAATAGAAGTAGAG-1-1,TP53_CALR_het
TCTAATCAGTTTCGCAAAGTAGAG-1-1,TP53_EZH2_CALR_mut
TCTAATGGTACTTAGCAAGTAGAG-1-1,TP53_CALR_het
TCTAATGGTACTTCAAAAGTAGAG-1-1,
TCTAATGGTCCGTGACAAGTAGAG-1-1,
TCTAATGGTGGTTCTGAAGTAGAG-1-1,TP53_CALR_het
TCTAATGGTGTGAGACAAGTAGAG-1-1,ZRSR2_CALR_mut
TCTAATGGTTGTTCCCAAGTAGAG-1-1,TP53_EZH2_CALR_mut
TCTACCTTCAGGCATGAAGTAGAG-1-1,TP53_CALR_het
TCTACCTTCAGTAAGCAAGTAGAG-1-1,
TCTACCTTCAGTTTACAAGTAGAG-1-1,TP53_CALR_het
TCTACCTTCCAATGAAAAGTAGAG-1-1,
TCTACCTTCCTCACGGAAGTAGAG-1-1,
TCTACCTTCGAAGCATAAGTAGAG-1-1,
TCTACCTTCGAGGTTGAAGTAGAG-1-1,
TCTACCTTCGCCTGCAAAGTAGAG-1-1,
TCTACCTTCTATGGCCAAGTAGAG-1-1,
TCTACCTTCTCACCGGAAGTAGAG-1-1,
TCTAGTTAGACAACTAAAGTAGAG-1-1,
TCTAGTTAGAGGTTTAAAGTAGAG-1-1,
TCTAGTTAGATTGAGCAAGTAGAG-1-1,TP53_EZH2_CALR_mut
TCTAGTTAGCAGCTAGAAGTAGAG-1-1,TP53_EZH2_CALR_mut
TCTAGTTAGCTAGCCTAAGTAGAG-1-1,
TCTAGTTAGTCACCTAAAGTAGAG-1-1,
TCTAGTTAGTCTAATCAAGTAGAG-1-1,
TCTAGTTAGTGATTTCAAGTAGAG-1-1,
TCTATCGAGATTCCCAAAGTAGAG-1-1,
TCTATCGAGCATGTGGAAGTAGAG-1-1,TP53_CALR_het
TCTATCGAGCGAGCTAAAGTAGAG-1-1,
TCTATCGAGCGATGGCAAGTAGAG-1-1,
TCTATCGAGGCGCGATAAGTAGAG-1-1,
TCTATCTGTAAACCCTAAGTAGAG-1-1,TP53_CALR_het
TCTATCTGTAAGCTAGAAGTAGAG-1-1,
TCTATCTGTACCTTAAAAGTAGAG-1-1,TP53_EZH2_CALR_mut
TCTATCTGTAGTTGTCAAGTAGAG-1-1,TP53_CALR_het
TCTATCTGTCATCCTCAAGTAGAG-1-1,
TCTATCTGTCTATCTTAAGTAGAG-1-1,TP53_EZH2_CALR_mut
TCTATCTGTGGTTCTGAAGTAGAG-1-1,
TCTATCTGTTCCGGGTAAGTAGAG-1-1,TP53_CALR_het
TCTATCTGTTTCCTGCAAGTAGAG-1-1,TP53_CALR_het
TCTATGAGTCAAGCTTAAGTAGAG-1-1,TP53_EZH2_CALR_mut
TCTATGAGTCCATTAAAAGTAGAG-1-1,ZRSR2_CALR_mut
TCTATGAGTCTATCTTAAGTAGAG-1-1,TP53_CALR_het
TCTATGAGTGATCCTGAAGTAGAG-1-1,TP53_EZH2_CALR_mut
TCTATGAGTTCCTTTGAAGTAGAG-1-1,TP53_EZH2_CALR_mut
TCTATGAGTTTGTTGAAAGTAGAG-1-1,
TCTATTGCAAACAATCAAGTAGAG-1-1,TP53_EZH2_CALR_mut
TCTATTGCAAACCCAAAAGTAGAG-1-1,ZRSR2_CALR_mut
TCTATTGCAACGTTAGAAGTAGAG-1-1,TP53_EZH2_CALR_mut
TCTATTGCAACTTCGTAAGTAGAG-1-1,TP53_EZH2_CALR_mut
TCTATTGCAAGGAATAAAGTAGAG-1-1,TP53_CALR_het
TCTATTGCAATTAGGTAAGTAGAG-1-1,
TCTATTGCAATTGAACAAGTAGAG-1-1,TP53_CALR_het
TCTATTGCACGTGCTCAAGTAGAG-1-1,TP53_EZH2_CALR_mut
TCTATTGCAGCTACCCAAGTAGAG-1-1,
TCTATTGCATCACGCCAAGTAGAG-1-1,ZRSR2_CALR_mut
TCTATTGCATCGATAGAAGTAGAG-1-1,TP53_EZH2_CALR_mut
TCTATTGCATGAGTCAAAGTAGAG-1-1,TP53_CALR_het
TCTCAATAGGACTTAAAAGTAGAG-1-1,
TCTCAATAGGGTCTAGAAGTAGAG-1-1,TP53_EZH2_CALR_mut
TCTCAATAGGGTTAACAAGTAGAG-1-1,TP53_CALR_het
TCTCAATAGTGTGCAGAAGTAGAG-1-1,
TCTCAATAGTTATTGCAAGTAGAG-1-1,
TCTCGCCTCACCAGGAAAGTAGAG-1-1,ZRSR2_CALR_mut
TCTCGCCTCAGTTTACAAGTAGAG-1-1,
TCTCGCCTCATTGCATAAGTAGAG-1-1,TP53_CALR_het
TCTCGCCTCCAAATAGAAGTAGAG-1-1,
TCTCGCCTCCCGCTGAAAGTAGAG-1-1,
TCTCGCCTCCCTCGCTAAGTAGAG-1-1,
TCTCGCCTCCCTTTGTAAGTAGAG-1-1,TP53_CALR_het
TCTCGCCTCCTGGATCAAGTAGAG-1-1,
TCTCGCCTCGATATTCAAGTAGAG-1-1,
TCTCGCCTCGTGATGGAAGTAGAG-1-1,TP53_EZH2_CALR_mut
TCTCGCCTCTAAGTAGAAGTAGAG-1-1,ZRSR2_CALR_mut
TCTCGCCTCTGGAACGAAGTAGAG-1-1,
TCTCTATGTAGCCAAAAAGTAGAG-1-1,
TCTCTATGTCACGATTAAGTAGAG-1-1,TP53_EZH2_CALR_mut
TCTCTATGTGGTTCTGAAGTAGAG-1-1,
TCTCTATGTGTGAGTAAAGTAGAG-1-1,TP53_CALR_het
TCTCTATGTTACTTCTAAGTAGAG-1-1,
TCTCTATGTTGAGTCTAAGTAGAG-1-1,TP53_CALR_het
TCTCTATGTTTATGGCAAGTAGAG-1-1,TP53_CALR_het
TCTGCCACAAACTTGGAAGTAGAG-1-1,
TCTGCCACAAGATAAGAAGTAGAG-1-1,
TCTGCCACAAGGTGCTAAGTAGAG-1-1,TP53_EZH2_CALR_mut
TCTGCCACAATTAGGTAAGTAGAG-1-1,TP53_CALR_het
TCTGCCACACCAGCCTAAGTAGAG-1-1,TP53_EZH2_CALR_het
TCTGCCACACCATCCAAAGTAGAG-1-1,ZRSR2_CALR_mut
TCTGCCACACCGGTAGAAGTAGAG-1-1,TP53_CALR_het
TCTGCCACACCTGGTCAAGTAGAG-1-1,
TCTGCCACACTAACGAAAGTAGAG-1-1,TP53_CALR_het
TCTGCCACAGGGCTATAAGTAGAG-1-1,
TCTGCCACATGAAGCCAAGTAGAG-1-1,TP53_CALR_het
TCTGCCACATGAGGGAAAGTAGAG-1-1,TP53_CALR_het
TCTGCCACATGTTTCAAAGTAGAG-1-1,
TCTGGAACAACTTCGTAAGTAGAG-1-1,
TCTGGAACAATCTCTAAAGTAGAG-1-1,
TCTGGAACAATTAGACAAGTAGAG-1-1,TP53_CALR_het
TCTGGAACACTGACTTAAGTAGAG-1-1,TP53_CALR_het
TCTGGAACATAACCGAAAGTAGAG-1-1,ZRSR2_CALR_mut
TCTGGAACATAGCGACAAGTAGAG-1-1,
TCTGGAACATTTCGACAAGTAGAG-1-1,TP53_EZH2_CALR_mut
TCTGGCCCAAAGACCCAAGTAGAG-1-1,
TCTGGCCCAAGATGCCAAGTAGAG-1-1,
TCTGGCCCAAGGTTATAAGTAGAG-1-1,
TCTGGCCCAATGGGAGAAGTAGAG-1-1,TP53_EZH2_CALR_mut
TCTGGCCCACCAGCTCAAGTAGAG-1-1,
TCTGGCCCACGGTCGAAAGTAGAG-1-1,
TCTGGCCCACTCAAAGAAGTAGAG-1-1,
TCTGGCCCACTGACAAAAGTAGAG-1-1,TP53_CALR_het
TCTGGCCCAGCTAGCGAAGTAGAG-1-1,
TCTGGCCCAGTTATCCAAGTAGAG-1-1,TP53_CALR_het
TCTGGGCGTACAAAGTAAGTAGAG-1-1,
TCTGGGCGTACTTACAAAGTAGAG-1-1,TP53_CALR_het
TCTGGGCGTATTTGTGAAGTAGAG-1-1,
TCTGGGCGTCAAAGATAAGTAGAG-1-1,TP53_CALR_het
TCTGGGCGTCACACCAAAGTAGAG-1-1,
TCTGGGCGTCCGCTAAAAGTAGAG-1-1,TP53_CALR_het
TCTGGGCGTCGAATCTAAGTAGAG-1-1,TP53_CALR_het
TCTGGGCGTGCACAAAAAGTAGAG-1-1,
TCTGGGCGTGCGCATCAAGTAGAG-1-1,
TCTGGGCGTGCTTCTCAAGTAGAG-1-1,ZRSR2_CALR_mut
TCTGGGCGTTAAGCCTAAGTAGAG-1-1,
TCTGGGCGTTAGTGAGAAGTAGAG-1-1,TP53_EZH2_CALR_mut
TCTGTAAGTAATAGGTAAGTAGAG-1-1,TP53_EZH2_CALR_mut
TCTGTAAGTAGTCATCAAGTAGAG-1-1,
TCTGTAAGTCAATGTCAAGTAGAG-1-1,
TCTGTAAGTGCTTCTCAAGTAGAG-1-1,
TCTGTAAGTGGTGCAGAAGTAGAG-1-1,TP53_CALR_het
TCTGTAAGTTGCACTGAAGTAGAG-1-1,
TCTGTAAGTTGGGTTTAAGTAGAG-1-1,
TCTGTGATCAACCTCAAAGTAGAG-1-1,
TCTGTGATCAAGTTAGAAGTAGAG-1-1,
TCTGTGATCCAAATTCAAGTAGAG-1-1,ZRSR2_CALR_mut
TCTGTGATCCATAAAGAAGTAGAG-1-1,
TCTGTGATCCCGTTCCAAGTAGAG-1-1,TP53_EZH2_CALR_mut
TCTGTGATCCGCCCAAAAGTAGAG-1-1,ZRSR2_CALR_mut
TCTGTGCAGAGGAAATAAGTAGAG-1-1,
TCTGTGCAGCACGTTCAAGTAGAG-1-1,
TCTGTGCAGCACTACCAAGTAGAG-1-1,
TCTGTGCAGCCTGGTTAAGTAGAG-1-1,TP53_CALR_het
TCTGTGCAGGCCTTCGAAGTAGAG-1-1,TP53_CALR_het
TCTGTGCAGTAATGGCAAGTAGAG-1-1,
TCTGTGCAGTTACAGAAAGTAGAG-1-1,TP53_CALR_het
TCTTAAGGTACGATTCAAGTAGAG-1-1,TP53_CALR_het
TCTTAAGGTATTCGACAAGTAGAG-1-1,
TCTTAAGGTCGTAAAGAAGTAGAG-1-1,TP53_CALR_het
TCTTAAGGTGGGAACTAAGTAGAG-1-1,TP53_CALR_het
TCTTAAGGTTTCGCCTAAGTAGAG-1-1,
TCTTAAGGTTTGCAACAAGTAGAG-1-1,ZRSR2_CALR_mut
TCTTACTGTAAATAGCAAGTAGAG-1-1,TP53_CALR_het
TCTTACTGTACGAACAAAGTAGAG-1-1,TP53_CALR_het
TCTTACTGTACGATTCAAGTAGAG-1-1,
TCTTACTGTCCATAGTAAGTAGAG-1-1,
TCTTACTGTTCCGCAAAAGTAGAG-1-1,ZRSR2_CALR_mut
TCTTACTGTTGCGAAAAAGTAGAG-1-1,TP53_CALR_het
TCTTACTGTTGGATAGAAGTAGAG-1-1,
TCTTAGGTCAGCACGAAAGTAGAG-1-1,TP53_EZH2_CALR_mut
TCTTAGGTCCGCTATAAAGTAGAG-1-1,TP53_EZH2_CALR_mut
TCTTAGGTCGCCTAGTAAGTAGAG-1-1,TP53_CALR_het
TCTTAGGTCTTACTCCAAGTAGAG-1-1,TP53_CALR_het
TCTTCATGTACGAACAAAGTAGAG-1-1,TP53_CALR_het
TCTTCATGTAGTAGCAAAGTAGAG-1-1,TP53_CALR_het
TCTTCATGTAGTTGTCAAGTAGAG-1-1,
TCTTCATGTCCATAGTAAGTAGAG-1-1,
TCTTCATGTGATTAGGAAGTAGAG-1-1,
TCTTCATGTGCTGATTAAGTAGAG-1-1,
TCTTCATGTTAAGTCCAAGTAGAG-1-1,TP53_CALR_het
TCTTCATGTTCGGTATAAGTAGAG-1-1,
TCTTGACCAACAGGCTAAGTAGAG-1-1,
TCTTGACCAAGCTTTCAAGTAGAG-1-1,
TCTTGACCAAGGAATAAAGTAGAG-1-1,
TCTTGACCACATGCTTAAGTAGAG-1-1,
TCTTGACCAGCTAAGCAAGTAGAG-1-1,TP53_CALR_het
TCTTGACCAGTTAAACAAGTAGAG-1-1,
TCTTGACCATGGCCGAAAGTAGAG-1-1,
TCTTGCTTCAACTTGTAAGTAGAG-1-1,
TCTTGCTTCATGCCTAAAGTAGAG-1-1,
TCTTGCTTCCATCCAAAAGTAGAG-1-1,
TCTTGCTTCCCATTGAAAGTAGAG-1-1,
TCTTGCTTCGACCCATAAGTAGAG-1-1,TP53_CALR_het
TCTTGCTTCGCCTCTCAAGTAGAG-1-1,TP53_CALR_het
TCTTGCTTCGCGGATAAAGTAGAG-1-1,
TCTTGCTTCTGCCATAAAGTAGAG-1-1,TP53_EZH2_CALR_mut
TCTTGGATCAACCGCTAAGTAGAG-1-1,TP53_CALR_het
TCTTGGATCAACTGTTAAGTAGAG-1-1,
TCTTGGATCAAGTTTCAAGTAGAG-1-1,
TCTTGGATCACTAATCAAGTAGAG-1-1,
TCTTGGATCCAAATAGAAGTAGAG-1-1,
TCTTGGATCCGTGACTAAGTAGAG-1-1,
TCTTGGATCGAGCTAGAAGTAGAG-1-1,
TCTTGGATCGGCTAAGAAGTAGAG-1-1,TP53_CALR_het
TCTTGGATCTTTAAGCAAGTAGAG-1-1,
TCTTGGATCTTTGGATAAGTAGAG-1-1,
TCTTTAGCAACAAGCCAAGTAGAG-1-1,
TCTTTAGCAAGAACAAAAGTAGAG-1-1,
TCTTTAGCAAGGCCTGAAGTAGAG-1-1,
TCTTTAGCACGTAGGTAAGTAGAG-1-1,
TCTTTAGCACTCCCAAAAGTAGAG-1-1,
TCTTTAGCACTTTACAAAGTAGAG-1-1,
TCTTTAGCAGCTAAGCAAGTAGAG-1-1,ZRSR2_CALR_mut
TCTTTAGCAGGAATAAAAGTAGAG-1-1,
TCTTTAGCAGGTATTGAAGTAGAG-1-1,TP53_CALR_het
TCTTTAGCATGACATGAAGTAGAG-1-1,TP53_EZH2_CALR_het
TCTTTAGCATTGAGATAAGTAGAG-1-1,
TCTTTAGCATTTGGAGAAGTAGAG-1-1,ZRSR2_CALR_mut
TCTTTGGAGATGCCTCAAGTAGAG-1-1,TP53_CALR_het
TCTTTGGAGATTCGTTAAGTAGAG-1-1,TP53_CALR_het
TCTTTGGAGCGAAGTTAAGTAGAG-1-1,TP53_EZH2_CALR_mut
TCTTTGGAGGATGTTAAAGTAGAG-1-1,TP53_EZH2_CALR_mut
TCTTTGGAGTCAACTTAAGTAGAG-1-1,TP53_EZH2_CALR_mut
TCTTTGGAGTGCAACGAAGTAGAG-1-1,
TCTTTGTGTAAGCGTAAAGTAGAG-1-1,
TCTTTGTGTAGTAGCAAAGTAGAG-1-1,ZRSR2_CALR_mut
TCTTTGTGTATGTTTGAAGTAGAG-1-1,TP53_EZH2_CALR_mut
TCTTTGTGTCCTTAGGAAGTAGAG-1-1,
TCTTTGTGTGAACGACAAGTAGAG-1-1,
TCTTTGTGTGAGAAGGAAGTAGAG-1-1,ZRSR2_CALR_mut
TCTTTGTGTGAGTAATAAGTAGAG-1-1,ZRSR2_CALR_mut
TCTTTGTGTGGATGGTAAGTAGAG-1-1,
TGAAACTCAAAGAACAAAGTAGAG-1-1,ZRSR2_CALR_mut
TGAAACTCAACTTCGTAAGTAGAG-1-1,TP53_EZH2_CALR_mut
TGAAACTCAAGGAATAAAGTAGAG-1-1,
TGAAACTCAAGGCGTTAAGTAGAG-1-1,TP53_EZH2_CALR_mut
TGAAACTCAATGGATTAAGTAGAG-1-1,ZRSR2_CALR_mut
TGAAACTCACGTGCTCAAGTAGAG-1-1,TP53_EZH2_CALR_mut
TGAAACTCAGGCCTCTAAGTAGAG-1-1,
TGAAACTCAGTGAGGAAAGTAGAG-1-1,TP53_EZH2_CALR_mut
TGAAACTCATAAGCTGAAGTAGAG-1-1,TP53_EZH2_CALR_mut
TGAAACTCATCATGCTAAGTAGAG-1-1,
TGAAACTCATCGGGCAAAGTAGAG-1-1,
TGAAACTCATTTGTTGAAGTAGAG-1-1,
TGAAAGGAGGCCATTCAAGTAGAG-1-1,TP53_CALR_het
TGAAAGGAGGCTGGTAAAGTAGAG-1-1,TP53_CALR_het
TGAAAGGAGGGCGGTTAAGTAGAG-1-1,
TGAAAGGAGGGTCTAGAAGTAGAG-1-1,TP53_CALR_het
TGAAAGGAGGTGAATCAAGTAGAG-1-1,
TGAAAGGAGTTGACCCAAGTAGAG-1-1,TP53_CALR_het
TGAAAGGAGTTGCAAAAAGTAGAG-1-1,
TGAAAGGAGTTTACCGAAGTAGAG-1-1,
TGAACAGGTAAACCCTAAGTAGAG-1-1,TP53_CALR_het
TGAACAGGTACCTCAGAAGTAGAG-1-1,TP53_EZH2_CALR_mut
TGAACAGGTAGGTGACAAGTAGAG-1-1,TP53_CALR_het
TGAACAGGTCATCAGTAAGTAGAG-1-1,ZRSR2_CALR_mut
TGAACAGGTCCATCAGAAGTAGAG-1-1,TP53_EZH2_CALR_mut
TGAACAGGTGCGGCAAAAGTAGAG-1-1,TP53_EZH2_CALR_mut
TGAACAGGTGGACACGAAGTAGAG-1-1,TP53_EZH2_CALR_mut
TGAACAGGTGTTGCTGAAGTAGAG-1-1,ZRSR2_CALR_mut
TGAACAGGTTGGATGAAAGTAGAG-1-1,TP53_EZH2_CALR_mut
TGAACAGGTTTATGGCAAGTAGAG-1-1,TP53_CALR_het
TGAACCACAGAATCGCAAGTAGAG-1-1,
TGAACCACAGACTCAAAAGTAGAG-1-1,
TGAACCACATCACAGAAAGTAGAG-1-1,TP53_CALR_het
TGAACCACATTGAAGTAAGTAGAG-1-1,ZRSR2_CALR_mut
TGAACCTGTAAATAGCAAGTAGAG-1-1,TP53_CALR_het
TGAACCTGTCATGAAGAAGTAGAG-1-1,TP53_CALR_het
TGAACCTGTGGTTAAGAAGTAGAG-1-1,
TGAACCTGTTCAAGCTAAGTAGAG-1-1,TP53_CALR_het
TGAACCTGTTCTCAAAAAGTAGAG-1-1,
TGAACCTGTTGGGCGAAAGTAGAG-1-1,TP53_EZH2_CALR_mut
TGAACCTGTTTGACTAAAGTAGAG-1-1,
TGAAGGAAGATGATTGAAGTAGAG-1-1,ZRSR2_CALR_mut
TGAAGGAAGGAAGCCCAAGTAGAG-1-1,TP53_EZH2_CALR_mut
TGAAGGAAGGACAAAGAAGTAGAG-1-1,TP53_EZH2_CALR_mut
TGAAGGAAGTAATTGGAAGTAGAG-1-1,TP53_EZH2_CALR_mut
TGAAGGAAGTCTAATCAAGTAGAG-1-1,
TGAAGGAAGTGGACCAAAGTAGAG-1-1,
TGAAGGAAGTGTTTGTAAGTAGAG-1-1,ZRSR2_CALR_mut
TGAATAGTCCAATAGAAAGTAGAG-1-1,
TGAATAGTCCAGCTTAAAGTAGAG-1-1,TP53_EZH2_CALR_mut
TGAATAGTCGAAGCATAAGTAGAG-1-1,
TGAATAGTCGCAGCAAAAGTAGAG-1-1,ZRSR2_CALR_mut
TGAATAGTCTAGCCTAAAGTAGAG-1-1,ZRSR2_CALR_mut
TGAATAGTCTATCGGCAAGTAGAG-1-1,
TGAATAGTCTTACTCCAAGTAGAG-1-1,
TGAATCGCAACAAAGAAAGTAGAG-1-1,
TGAATCGCACGGTACGAAGTAGAG-1-1,TP53_CALR_het
TGAATCGCAGTTAAACAAGTAGAG-1-1,
TGAATCGCATGGGTTAAAGTAGAG-1-1,TP53_CALR_het
TGAATCGCATGTGGGTAAGTAGAG-1-1,ZRSR2_CALR_mut
TGAATCGCATTGCCCAAAGTAGAG-1-1,
TGAATCGCATTGCCTGAAGTAGAG-1-1,ZRSR2_CALR_mut
TGAATCTTCACTAGGGAAGTAGAG-1-1,TP53_CALR_het
TGAATCTTCACTTGATAAGTAGAG-1-1,
TGAATCTTCAGGTAACAAGTAGAG-1-1,
TGAATCTTCAGTCTATAAGTAGAG-1-1,
TGAATCTTCCTTTGAGAAGTAGAG-1-1,
TGAATCTTCGCCTGCAAAGTAGAG-1-1,TP53_EZH2_CALR_mut
TGAATCTTCGGTACGAAAGTAGAG-1-1,TP53_EZH2_CALR_mut
TGAATCTTCGGTCAAGAAGTAGAG-1-1,
TGAATCTTCGTAACCCAAGTAGAG-1-1,
TGAATGTCAATACCCTAAGTAGAG-1-1,
TGAATGTCAATGGATTAAGTAGAG-1-1,
TGAATGTCACTAAGCAAAGTAGAG-1-1,TP53_EZH2_CALR_mut
TGAATGTCAGAATGAAAAGTAGAG-1-1,
TGAATGTCAGTAATACAAGTAGAG-1-1,
TGAATGTCATAGGCGTAAGTAGAG-1-1,
TGACAACAGAAACTCAAAGTAGAG-1-1,
TGACAACAGACTAACAAAGTAGAG-1-1,TP53_CALR_het
TGACAACAGCAAGACTAAGTAGAG-1-1,
TGACAACAGGAACCTGAAGTAGAG-1-1,TP53_EZH2_CALR_mut
TGACAACAGGGAGGATAAGTAGAG-1-1,
TGACATAAGCCCGTTGAAGTAGAG-1-1,TP53_CALR_het
TGACATAAGCGAATACAAGTAGAG-1-1,
TGACATAAGCGCAAGCAAGTAGAG-1-1,
TGACATAAGGCACTAGAAGTAGAG-1-1,TP53_CALR_het
TGACATAAGGGAGGCAAAGTAGAG-1-1,TP53_EZH2_CALR_mut
TGACATAAGGTATGGTAAGTAGAG-1-1,ZRSR2_CALR_mut
TGACATAAGTCCTCAAAAGTAGAG-1-1,ZRSR2_CALR_mut
TGACATAAGTCTATGTAAGTAGAG-1-1,TP53_CALR_het
TGACATAAGTGATCAAAAGTAGAG-1-1,TP53_CALR_het
TGACATGCAGGCTAACAAGTAGAG-1-1,
TGACATGCATCGGGCAAAGTAGAG-1-1,
TGACCTATCAATGGGTAAGTAGAG-1-1,TP53_CALR_het
TGACCTATCACTTGATAAGTAGAG-1-1,TP53_CALR_het
TGACCTATCAGCCCTGAAGTAGAG-1-1,ZRSR2_CALR_mut
TGACCTATCATCCAGCAAGTAGAG-1-1,TP53_CALR_het
TGACCTATCATGGAACAAGTAGAG-1-1,TP53_CALR_het
TGACCTATCCCTCTCAAAGTAGAG-1-1,TP53_CALR_het
TGACCTATCCGTCAACAAGTAGAG-1-1,
TGACCTATCCGTTAGCAAGTAGAG-1-1,
TGACCTATCTAGTTACAAGTAGAG-1-1,TP53_CALR_het
TGACCTATCTCAGCACAAGTAGAG-1-1,
TGACCTATCTTGAGGGAAGTAGAG-1-1,TP53_EZH2_CALR_mut
TGACCTGGTAATGAACAAGTAGAG-1-1,
TGACCTGGTACGTCCAAAGTAGAG-1-1,TP53_EZH2_CALR_mut
TGACCTGGTAGTAGGCAAGTAGAG-1-1,
TGACCTGGTCATCATAAAGTAGAG-1-1,
TGACCTGGTGATAAACAAGTAGAG-1-1,
TGACCTGGTGGACCCTAAGTAGAG-1-1,
TGACCTGGTTGGCGAGAAGTAGAG-1-1,
TGACCTTCAAGTTCCTAAGTAGAG-1-1,
TGACCTTCAATGTTCCAAGTAGAG-1-1,TP53_CALR_het
TGACCTTCAATTCGGAAAGTAGAG-1-1,ZRSR2_CALR_mut
TGACCTTCACATAAGTAAGTAGAG-1-1,
TGACCTTCACCTTCAGAAGTAGAG-1-1,TP53_EZH2_CALR_mut
TGACCTTCAGTAATACAAGTAGAG-1-1,TP53_CALR_het
TGACCTTCATACTGAGAAGTAGAG-1-1,TP53_CALR_het
TGACGAAGTAACCCATAAGTAGAG-1-1,TP53_CALR_het
TGACGAAGTAACCGCCAAGTAGAG-1-1,
TGACGAAGTAATCCGTAAGTAGAG-1-1,TP53_EZH2_CALR_mut
TGACGAAGTACGGGCAAAGTAGAG-1-1,
TGACGAAGTAGCTTGTAAGTAGAG-1-1,TP53_EZH2_CALR_mut
TGACGAAGTAGGTGACAAGTAGAG-1-1,
TGACGAAGTGATAAACAAGTAGAG-1-1,TP53_EZH2_CALR_mut
TGACGAAGTGGCCCATAAGTAGAG-1-1,
TGACGAAGTTAAGCCTAAGTAGAG-1-1,
TGACGAAGTTGAGTCTAAGTAGAG-1-1,TP53_CALR_het
TGACGAAGTTTGCATAAAGTAGAG-1-1,TP53_CALR_het
TGACGGATCAACCAAAAAGTAGAG-1-1,TP53_CALR_het
TGACGGATCACCTTTCAAGTAGAG-1-1,TP53_CALR_het
TGACGGATCAGCACGAAAGTAGAG-1-1,TP53_EZH2_CALR_mut
TGACGGATCCGCACCAAAGTAGAG-1-1,TP53_CALR_het
TGACGGATCCTCCCACAAGTAGAG-1-1,TP53_CALR_het
TGACGGATCCTTTGTCAAGTAGAG-1-1,
TGACGGATCTGGCCCAAAGTAGAG-1-1,ZRSR2_CALR_mut
TGACGGATCTGGTCTAAAGTAGAG-1-1,
TGACGTACACGCAATAAAGTAGAG-1-1,TP53_CALR_het
TGACGTACAGCAATTGAAGTAGAG-1-1,TP53_CALR_het
TGACGTACAGTAAGTTAAGTAGAG-1-1,TP53_EZH2_CALR_mut
TGACTACGTAACCGCCAAGTAGAG-1-1,
TGACTACGTAACGGGTAAGTAGAG-1-1,
TGACTACGTAATTTCGAAGTAGAG-1-1,
TGACTACGTATTCAGCAAGTAGAG-1-1,TP53_CALR_het
TGACTACGTCTGTGATAAGTAGAG-1-1,TP53_CALR_het
TGACTACGTCTTACTTAAGTAGAG-1-1,TP53_EZH2_CALR_mut
TGACTACGTGAGAAGGAAGTAGAG-1-1,
TGACTACGTGGAAGCTAAGTAGAG-1-1,
TGACTATTCAACTTGTAAGTAGAG-1-1,TP53_EZH2_CALR_mut
TGACTATTCACCTAATAAGTAGAG-1-1,TP53_EZH2_CALR_mut
TGACTATTCAGCGAATAAGTAGAG-1-1,
TGACTATTCAGGCTGAAAGTAGAG-1-1,
TGACTATTCCTTTGAGAAGTAGAG-1-1,TP53_CALR_het
TGACTATTCGACCGTTAAGTAGAG-1-1,
TGACTATTCGATATGAAAGTAGAG-1-1,
TGACTATTCGATGAACAAGTAGAG-1-1,
TGACTATTCTACTACGAAGTAGAG-1-1,TP53_EZH2_CALR_mut
TGACTATTCTAGCCTAAAGTAGAG-1-1,TP53_EZH2_CALR_mut
TGACTATTCTCACCGGAAGTAGAG-1-1,
TGACTATTCTGCCATAAAGTAGAG-1-1,TP53_CALR_het
TGAGACTAGAACCTAAAAGTAGAG-1-1,
TGAGACTAGATAACGCAAGTAGAG-1-1,
TGAGACTAGCAAGACTAAGTAGAG-1-1,
TGAGACTAGCTTGAGGAAGTAGAG-1-1,TP53_EZH2_CALR_mut
TGAGACTAGTAAACCAAAGTAGAG-1-1,
TGAGACTAGTCATCATAAGTAGAG-1-1,
TGAGACTAGTGATGGTAAGTAGAG-1-1,
TGAGACTAGTTACATCAAGTAGAG-1-1,TP53_CALR_het
TGAGACTAGTTAGGCGAAGTAGAG-1-1,
TGAGCGATCAACCTATAAGTAGAG-1-1,
TGAGCGATCAATGGGTAAGTAGAG-1-1,TP53_EZH2_CALR_mut
TGAGCGATCAGCCTTAAAGTAGAG-1-1,TP53_CALR_het
TGAGCGATCATGCATTAAGTAGAG-1-1,
TGAGCGATCATTGCATAAGTAGAG-1-1,
TGAGCGATCCAATAGAAAGTAGAG-1-1,
TGAGCGATCCGGCTCAAAGTAGAG-1-1,
TGAGCGATCCTAAAGAAAGTAGAG-1-1,
TGAGCGATCGAACGTGAAGTAGAG-1-1,TP53_EZH2_CALR_mut
TGAGCGATCGACTCACAAGTAGAG-1-1,TP53_EZH2_CALR_mut
TGAGCGATCGTAGTTTAAGTAGAG-1-1,ZRSR2_CALR_mut
TGAGCGATCTGTGACCAAGTAGAG-1-1,TP53_EZH2_CALR_mut
TGAGCGGGTAAGAATCAAGTAGAG-1-1,
TGAGCGGGTGCAATAGAAGTAGAG-1-1,TP53_EZH2_CALR_mut
TGAGCGGGTGTTAGCTAAGTAGAG-1-1,TP53_CALR_het
TGAGCGGGTTAGGCGGAAGTAGAG-1-1,
TGAGCGGGTTGCATCGAAGTAGAG-1-1,ZRSR2_CALR_mut
TGAGCGGGTTGTCCAGAAGTAGAG-1-1,
TGAGCTTGTATTTACGAAGTAGAG-1-1,
TGAGCTTGTCAGGGCAAAGTAGAG-1-1,
TGAGCTTGTCGAAGTAAAGTAGAG-1-1,TP53_CALR_het
TGAGCTTGTGTCCTTCAAGTAGAG-1-1,
TGAGCTTGTGTTAGTCAAGTAGAG-1-1,
TGAGCTTGTTCTTACTAAGTAGAG-1-1,TP53_EZH2_CALR_mut
TGAGCTTGTTGGCGAGAAGTAGAG-1-1,
TGAGCTTGTTGTCAGTAAGTAGAG-1-1,
TGAGCTTGTTTCCTGCAAGTAGAG-1-1,TP53_EZH2_CALR_mut
TGAGGCGGTACGTTCGAAGTAGAG-1-1,ZRSR2_CALR_mut
TGAGGCGGTCAACTACAAGTAGAG-1-1,TP53_CALR_het
TGAGGCGGTCAAGCTTAAGTAGAG-1-1,TP53_EZH2_CALR_mut
TGAGGCGGTCCATCAGAAGTAGAG-1-1,TP53_EZH2_CALR_mut
TGAGGCGGTCGTAAAGAAGTAGAG-1-1,
TGAGGCGGTGTTGCTGAAGTAGAG-1-1,TP53_CALR_het
TGAGGCGGTTAACGTCAAGTAGAG-1-1,
TGAGGCGGTTGGCGAGAAGTAGAG-1-1,TP53_CALR_het
TGAGGTAGTATGGGACAAGTAGAG-1-1,
TGAGGTAGTGAACGACAAGTAGAG-1-1,
TGAGGTAGTTAACCACAAGTAGAG-1-1,
TGAGGTAGTTGGAGCGAAGTAGAG-1-1,
TGAGGTAGTTTATGGCAAGTAGAG-1-1,
TGAGGTCCAATAACCGAAGTAGAG-1-1,TP53_CALR_het
TGAGGTCCACATTGTCAAGTAGAG-1-1,TP53_CALR_het
TGAGGTCCACCTAACTAAGTAGAG-1-1,TP53_CALR_het
TGAGGTCCACGTAATGAAGTAGAG-1-1,
TGAGGTCCAGACTCAAAAGTAGAG-1-1,TP53_CALR_het
TGAGGTCCAGATTCGAAAGTAGAG-1-1,TP53_CALR_het
TGAGGTCCAGCCCTTAAAGTAGAG-1-1,
TGAGGTCCATCCTTGGAAGTAGAG-1-1,TP53_CALR_het
TGAGGTCCATGCAATGAAGTAGAG-1-1,TP53_EZH2_CALR_mut
TGAGGTCCATTGCATCAAGTAGAG-1-1,TP53_EZH2_CALR_mut
TGAGTCGAGACCTTTGAAGTAGAG-1-1,TP53_EZH2_CALR_mut
TGAGTCGAGCAACTTTAAGTAGAG-1-1,TP53_CALR_het
TGAGTCGAGCCATCGTAAGTAGAG-1-1,TP53_CALR_het
TGAGTCGAGCTAGATAAAGTAGAG-1-1,TP53_CALR_het
TGAGTCGAGGCAAGCCAAGTAGAG-1-1,TP53_EZH2_CALR_mut
TGAGTCGAGTAACTTCAAGTAGAG-1-1,TP53_CALR_het
TGAGTCGAGTCATAAGAAGTAGAG-1-1,TP53_EZH2_CALR_mut
TGAGTCGAGTCTATGTAAGTAGAG-1-1,
TGAGTCGAGTTTCCAGAAGTAGAG-1-1,TP53_EZH2_CALR_mut
TGAGTCTGTAAGGCTAAAGTAGAG-1-1,TP53_CALR_het
TGAGTCTGTAGCGCGAAAGTAGAG-1-1,TP53_CALR_het
TGAGTCTGTCAATTCAAAGTAGAG-1-1,
TGAGTCTGTCGCAATTAAGTAGAG-1-1,ZRSR2_CALR_mut
TGAGTCTGTTATGAGGAAGTAGAG-1-1,ZRSR2_CALR_mut
TGAGTCTGTTCACTCCAAGTAGAG-1-1,TP53_CALR_het
TGAGTCTGTTCCGTGAAAGTAGAG-1-1,
TGAGTCTGTTCGATGTAAGTAGAG-1-1,
TGAGTCTGTTGCTCCTAAGTAGAG-1-1,TP53_CALR_het
TGAGTCTGTTTGCATAAAGTAGAG-1-1,
TGAGTGAGTCAATTGCAAGTAGAG-1-1,TP53_EZH2_CALR_mut
TGAGTGAGTCGAGGCAAAGTAGAG-1-1,
TGAGTGAGTGGCCCATAAGTAGAG-1-1,TP53_EZH2_CALR_mut
TGAGTGAGTTACCGTGAAGTAGAG-1-1,TP53_EZH2_CALR_mut
TGAGTGAGTTCACTCCAAGTAGAG-1-1,TP53_EZH2_CALR_mut
TGATCTTAGAAGCATCAAGTAGAG-1-1,TP53_CALR_het
TGATCTTAGACAACTAAAGTAGAG-1-1,
TGATCTTAGAGGTTTAAAGTAGAG-1-1,TP53_CALR_het
TGATCTTAGCAAATCAAAGTAGAG-1-1,
TGATCTTAGCGATAACAAGTAGAG-1-1,TP53_CALR_het
TGATCTTAGGATTAGCAAGTAGAG-1-1,
TGATCTTAGTCATAAGAAGTAGAG-1-1,TP53_CALR_het
TGATGGCCAACAAGTTAAGTAGAG-1-1,TP53_CALR_het
TGATGGCCAACCTTGTAAGTAGAG-1-1,
TGATGGCCAAGGTGCTAAGTAGAG-1-1,
TGATGGCCAATTAGGTAAGTAGAG-1-1,
TGATGGCCACCAACAAAAGTAGAG-1-1,
TGATGGCCACGTAGGTAAGTAGAG-1-1,ZRSR2_CALR_mut
TGATGGCCAGGTTTCTAAGTAGAG-1-1,
TGATTACTCAGGCCAAAAGTAGAG-1-1,TP53_CALR_het
TGATTACTCAGGCCTTAAGTAGAG-1-1,
TGATTACTCATTACCGAAGTAGAG-1-1,
TGATTACTCGATTAAGAAGTAGAG-1-1,TP53_CALR_het
TGATTACTCGGGACTAAAGTAGAG-1-1,
TGATTACTCGGTACAGAAGTAGAG-1-1,TP53_CALR_het
TGATTACTCTGTGATTAAGTAGAG-1-1,
TGATTCAGTCAATACCAAGTAGAG-1-1,
TGATTCAGTCAATTGCAAGTAGAG-1-1,TP53_CALR_het
TGATTCAGTCAGGGCAAAGTAGAG-1-1,
TGATTCAGTCCATCAGAAGTAGAG-1-1,
TGATTCAGTCTGTCAGAAGTAGAG-1-1,
TGATTCAGTGCGGCAAAAGTAGAG-1-1,
TGATTCAGTTCGGTATAAGTAGAG-1-1,
TGATTGCGTAGCCACCAAGTAGAG-1-1,
TGATTGCGTATGGTGAAAGTAGAG-1-1,TP53_CALR_het
TGATTGCGTATTCGGTAAGTAGAG-1-1,ZRSR2_CALR_mut
TGATTGCGTCCATAGTAAGTAGAG-1-1,
TGATTGCGTGGAAGCTAAGTAGAG-1-1,
TGATTGCGTGTTAGTCAAGTAGAG-1-1,
TGATTGCGTTGCACGCAAGTAGAG-1-1,
TGATTGCGTTGCACTGAAGTAGAG-1-1,
TGATTGTTCAAGGGTTAAGTAGAG-1-1,TP53_CALR_het
TGATTGTTCACGTTATAAGTAGAG-1-1,TP53_CALR_het
TGATTGTTCAGGTTGGAAGTAGAG-1-1,
TGATTGTTCATGATGAAAGTAGAG-1-1,
TGATTGTTCATTATGCAAGTAGAG-1-1,
TGATTGTTCCAGATAAAAGTAGAG-1-1,TP53_CALR_het
TGATTGTTCCATAAAGAAGTAGAG-1-1,
TGATTGTTCCCGTTCCAAGTAGAG-1-1,TP53_EZH2_CALR_mut
TGATTGTTCCCTTTGTAAGTAGAG-1-1,
TGATTGTTCCGCCCAAAAGTAGAG-1-1,TP53_CALR_het
TGATTGTTCCGGCTCAAAGTAGAG-1-1,
TGATTGTTCGAACCGAAAGTAGAG-1-1,TP53_EZH2_CALR_mut
TGATTGTTCGACCGTTAAGTAGAG-1-1,
TGATTGTTCGATTGGGAAGTAGAG-1-1,
TGATTGTTCGCGGAACAAGTAGAG-1-1,
TGATTGTTCGCTCAACAAGTAGAG-1-1,
TGATTGTTCTCAGCACAAGTAGAG-1-1,ZRSR2_CALR_mut
TGATTTGGTAAGAATCAAGTAGAG-1-1,ZRSR2_CALR_mut
TGATTTGGTACTTCCCAAGTAGAG-1-1,
TGATTTGGTAGCCCGTAAGTAGAG-1-1,ZRSR2_CALR_mut
TGATTTGGTAGCCTTGAAGTAGAG-1-1,ZRSR2_CALR_mut
TGATTTGGTCATCCTCAAGTAGAG-1-1,
TGATTTGGTCCAGCACAAGTAGAG-1-1,TP53_CALR_het
TGATTTGGTGCAATAGAAGTAGAG-1-1,
TGATTTGGTGGGAACTAAGTAGAG-1-1,
TGATTTGGTGGTGAGTAAGTAGAG-1-1,
TGATTTGGTTAAGGATAAGTAGAG-1-1,TP53_CALR_het
TGATTTGGTTCCAGCAAAGTAGAG-1-1,TP53_EZH2_CALR_mut
TGATTTGGTTTGCATAAAGTAGAG-1-1,
TGCAAATCAAACTTCCAAGTAGAG-1-1,TP53_CALR_het
TGCAAATCAAGATGCCAAGTAGAG-1-1,TP53_CALR_het
TGCAAATCACAATAGTAAGTAGAG-1-1,TP53_EZH2_CALR_mut
TGCAAATCACTCAAAGAAGTAGAG-1-1,
TGCAAATCAGGATTGCAAGTAGAG-1-1,
TGCAAGCCACGTAAATAAGTAGAG-1-1,
TGCAAGCCACTATCACAAGTAGAG-1-1,TP53_CALR_het
TGCAAGCCATAGACCAAAGTAGAG-1-1,
TGCAAGCCATCACGCCAAGTAGAG-1-1,TP53_EZH2_CALR_mut
TGCAATAAGCCATCGTAAGTAGAG-1-1,
TGCAATAAGCGAGGGAAAGTAGAG-1-1,
TGCAATAAGCTACGTCAAGTAGAG-1-1,
TGCAATAAGCTTAGTTAAGTAGAG-1-1,TP53_CALR_het
TGCAATAAGGAAACCTAAGTAGAG-1-1,TP53_EZH2_CALR_het
TGCAATAAGGACTTAAAAGTAGAG-1-1,
TGCAATAAGGGCGGTTAAGTAGAG-1-1,
TGCAATAAGGTCAATAAAGTAGAG-1-1,TP53_EZH2_CALR_mut
TGCAATAAGGTGTCCTAAGTAGAG-1-1,
TGCAATAAGGTTACTTAAGTAGAG-1-1,
TGCAATAAGTAATTGGAAGTAGAG-1-1,
TGCAATAAGTGCAACGAAGTAGAG-1-1,TP53_CALR_het
TGCAATAAGTTTGGTTAAGTAGAG-1-1,TP53_CALR_het
TGCACACTCAAACCAAAAGTAGAG-1-1,TP53_CALR_het
TGCACACTCACAGGATAAGTAGAG-1-1,
TGCACACTCACATTACAAGTAGAG-1-1,
TGCACACTCACCTTTCAAGTAGAG-1-1,
TGCACACTCAGGAGCCAAGTAGAG-1-1,
TGCACACTCATAATCCAAGTAGAG-1-1,TP53_CALR_het
TGCACACTCCAAACAAAAGTAGAG-1-1,TP53_EZH2_CALR_mut
TGCACACTCCCATTGAAAGTAGAG-1-1,
TGCACACTCCGCCACAAAGTAGAG-1-1,
TGCACACTCCTAAAGAAAGTAGAG-1-1,
TGCACACTCCTTATGGAAGTAGAG-1-1,ZRSR2_CALR_mut
TGCACACTCTAATCACAAGTAGAG-1-1,
TGCACACTCTCACAATAAGTAGAG-1-1,
TGCACACTCTCACTAGAAGTAGAG-1-1,TP53_EZH2_CALR_mut
TGCACGTTCCGCTATAAAGTAGAG-1-1,TP53_EZH2_CALR_mut
TGCACGTTCGATATTCAAGTAGAG-1-1,
TGCACGTTCGCCTGCAAAGTAGAG-1-1,
TGCACGTTCGGTACAGAAGTAGAG-1-1,TP53_CALR_het
TGCACGTTCGGTTCACAAGTAGAG-1-1,ZRSR2_CALR_mut
TGCACGTTCTCAAGAAAAGTAGAG-1-1,
TGCACGTTCTCGCCTCAAGTAGAG-1-1,
TGCACGTTCTCTCGCCAAGTAGAG-1-1,TP53_CALR_het
TGCAGCAAGATAACCAAAGTAGAG-1-1,
TGCAGCAAGATATTGGAAGTAGAG-1-1,TP53_CALR_het
TGCAGCAAGATGCCTCAAGTAGAG-1-1,ZRSR2_CALR_mut
TGCAGCAAGCTCCCTCAAGTAGAG-1-1,ZRSR2_CALR_mut
TGCAGCAAGGTCAAGTAAGTAGAG-1-1,TP53_EZH2_CALR_mut
TGCAGCAAGGTGGATTAAGTAGAG-1-1,TP53_EZH2_CALR_mut
TGCAGCAAGTAAGTGCAAGTAGAG-1-1,TP53_CALR_het
TGCAGCAAGTCACTATAAGTAGAG-1-1,
TGCAGCAAGTGAGGAAAAGTAGAG-1-1,
TGCAGCAAGTGATCAAAAGTAGAG-1-1,
TGCAGCAAGTTAGGGTAAGTAGAG-1-1,TP53_CALR_het
TGCAGGATCAAGGTACAAGTAGAG-1-1,
TGCAGGATCAGCTACCAAGTAGAG-1-1,TP53_EZH2_CALR_mut
TGCAGGATCATGACAAAAGTAGAG-1-1,
TGCAGGATCATGATGAAAGTAGAG-1-1,
TGCAGGATCCTAAATCAAGTAGAG-1-1,
TGCAGGATCCTCAATGAAGTAGAG-1-1,TP53_EZH2_CALR_mut
TGCAGGATCCTCACTTAAGTAGAG-1-1,TP53_CALR_het
TGCAGGATCGCCTATAAAGTAGAG-1-1,
TGCAGGATCGCCTCGAAAGTAGAG-1-1,
TGCAGGATCGTCCCGAAAGTAGAG-1-1,TP53_EZH2_CALR_mut
TGCAGGATCGTGATTTAAGTAGAG-1-1,ZRSR2_CALR_mut
TGCAGGATCTAGCGGAAAGTAGAG-1-1,TP53_EZH2_CALR_mut
TGCAGGTCACAGCCAGAAGTAGAG-1-1,TP53_CALR_het
TGCAGGTCACATAAGTAAGTAGAG-1-1,
TGCAGGTCAGCTAGCGAAGTAGAG-1-1,TP53_CALR_het
TGCAGGTCAGGCAACTAAGTAGAG-1-1,TP53_CALR_het
TGCAGGTCAGGTATTGAAGTAGAG-1-1,TP53_EZH2_CALR_mut
TGCAGGTCATATGGTGAAGTAGAG-1-1,TP53_CALR_het
TGCAGGTCATGGCCGAAAGTAGAG-1-1,TP53_CALR_het
TGCATCCAGACAAAGGAAGTAGAG-1-1,
TGCATCCAGACAACACAAGTAGAG-1-1,
TGCATCCAGCACTACCAAGTAGAG-1-1,
TGCATCCAGGCAAGTTAAGTAGAG-1-1,
TGCATCCAGGCGCATAAAGTAGAG-1-1,
TGCATCCAGGTTCGAGAAGTAGAG-1-1,
TGCATCCAGTCCTGACAAGTAGAG-1-1,TP53_EZH2_CALR_mut
TGCATGACAACTAGTGAAGTAGAG-1-1,
TGCATGACACATAAGTAAGTAGAG-1-1,TP53_CALR_het
TGCATGACACTCAATCAAGTAGAG-1-1,TP53_CALR_het
TGCATGACAGAATCGCAAGTAGAG-1-1,TP53_CALR_het
TGCATGACAGCGGATTAAGTAGAG-1-1,
TGCATGACATCCCTCTAAGTAGAG-1-1,
TGCATGACATCGAACAAAGTAGAG-1-1,TP53_CALR_het
TGCATGACATTTGCTAAAGTAGAG-1-1,TP53_CALR_het
TGCATTAGTATTCGTAAAGTAGAG-1-1,TP53_CALR_het
TGCATTAGTCTATCTTAAGTAGAG-1-1,
TGCATTAGTTGAGCTTAAGTAGAG-1-1,
TGCCCATAGAAAGGCAAAGTAGAG-1-1,
TGCCCATAGAAGCATCAAGTAGAG-1-1,
TGCCCATAGAATGGCTAAGTAGAG-1-1,TP53_EZH2_CALR_mut
TGCCCATAGATTATCCAAGTAGAG-1-1,
TGCCCATAGCCTAAGGAAGTAGAG-1-1,TP53_EZH2_CALR_mut
TGCCCATAGGGTCTAGAAGTAGAG-1-1,
TGCCCATAGTTTGGTTAAGTAGAG-1-1,TP53_CALR_het
TGCCCTGAGCTAACTTAAGTAGAG-1-1,TP53_CALR_het
TGCCCTGAGCTCCCTCAAGTAGAG-1-1,TP53_CALR_het
TGCCCTGAGGACAAAGAAGTAGAG-1-1,
TGCCCTGAGGACTTGGAAGTAGAG-1-1,TP53_CALR_het
TGCCCTGAGGCAATCGAAGTAGAG-1-1,TP53_CALR_het
TGCCCTGAGGCCCATTAAGTAGAG-1-1,TP53_CALR_het
TGCCCTGAGTGCAACGAAGTAGAG-1-1,TP53_CALR_het
TGCCGGTGTACGCACCAAGTAGAG-1-1,ZRSR2_CALR_mut
TGCCGGTGTAGCCTTGAAGTAGAG-1-1,
TGCCGGTGTATAGTGGAAGTAGAG-1-1,
TGCCGGTGTGCGGCTTAAGTAGAG-1-1,
TGCCGGTGTGGCCCATAAGTAGAG-1-1,
TGCCGGTGTGTGTTACAAGTAGAG-1-1,
TGCCGGTGTTAGTGGAAAGTAGAG-1-1,
TGCCGGTGTTGAGCTTAAGTAGAG-1-1,
TGCCGGTGTTGCACGCAAGTAGAG-1-1,TP53_CALR_het
TGCCGGTGTTGCGGCTAAGTAGAG-1-1,TP53_EZH2_CALR_mut
TGCCGGTGTTTAACCAAAGTAGAG-1-1,TP53_CALR_het
TGCCTCCTCAAACTTCAAGTAGAG-1-1,TP53_CALR_het
TGCCTCCTCAGCGGGTAAGTAGAG-1-1,TP53_EZH2_CALR_mut
TGCCTCCTCCAGCTTAAAGTAGAG-1-1,
TGCCTCCTCCATCCTTAAGTAGAG-1-1,TP53_EZH2_CALR_mut
TGCCTCCTCCTGGTTAAAGTAGAG-1-1,
TGCCTCCTCGCAGGACAAGTAGAG-1-1,
TGCCTCCTCGCGCATTAAGTAGAG-1-1,
TGCCTCCTCGGCTAAGAAGTAGAG-1-1,
TGCCTTAAGAACCTCCAAGTAGAG-1-1,
TGCCTTAAGAGGCGTCAAGTAGAG-1-1,TP53_EZH2_CALR_mut
TGCCTTAAGCAAAGCTAAGTAGAG-1-1,TP53_CALR_het
TGCCTTAAGCCTCTAAAAGTAGAG-1-1,
TGCCTTAAGCTATCGCAAGTAGAG-1-1,ZRSR2_CALR_mut
TGCCTTAAGGATGGTTAAGTAGAG-1-1,
TGCCTTAAGGCCATTCAAGTAGAG-1-1,
TGCCTTAAGTCCTCAAAAGTAGAG-1-1,TP53_CALR_het
TGCCTTAAGTGCAACGAAGTAGAG-1-1,TP53_EZH2_CALR_mut
TGCGATACAAACTTCCAAGTAGAG-1-1,
TGCGATACAATGAATCAAGTAGAG-1-1,TP53_EZH2_CALR_mut
TGCGATACACCTAAAGAAGTAGAG-1-1,TP53_EZH2_CALR_mut
TGCGATACACTAACGAAAGTAGAG-1-1,
TGCGATACAGAATGAAAAGTAGAG-1-1,
TGCGATACAGTAAGTTAAGTAGAG-1-1,
TGCGATACATTGAAGTAAGTAGAG-1-1,ZRSR2_CALR_mut
TGCGCAGCAACAGAGGAAGTAGAG-1-1,
TGCGCAGCAACATGATAAGTAGAG-1-1,TP53_EZH2_CALR_mut
TGCGCAGCAAGTTTCCAAGTAGAG-1-1,ZRSR2_CALR_mut
TGCGCAGCAATCAAGTAAGTAGAG-1-1,
TGCGCAGCAGCCAGCAAAGTAGAG-1-1,
TGCGCAGCAGTGAGAGAAGTAGAG-1-1,TP53_CALR_het
TGCGCAGCATTTCGCGAAGTAGAG-1-1,TP53_EZH2_CALR_mut
TGCGCAGCATTTGGGAAAGTAGAG-1-1,
TGCGCATTCAAGATGCAAGTAGAG-1-1,TP53_CALR_het
TGCGCATTCAATGTGAAAGTAGAG-1-1,TP53_CALR_het
TGCGCATTCACAAACAAAGTAGAG-1-1,ZRSR2_CALR_mut
TGCGCATTCCATAGAAAAGTAGAG-1-1,
TGCGCATTCCTGCCAGAAGTAGAG-1-1,TP53_CALR_het
TGCGCATTCCTTTAGGAAGTAGAG-1-1,
TGCGCATTCCTTTGTCAAGTAGAG-1-1,
TGCGCATTCGCTTGGTAAGTAGAG-1-1,TP53_EZH2_CALR_mut
TGCGCATTCGTTAACTAAGTAGAG-1-1,
TGCGCCATCAATGGGTAAGTAGAG-1-1,TP53_CALR_het
TGCGCCATCACAATGAAAGTAGAG-1-1,ZRSR2_CALR_mut
TGCGCCATCGACTCACAAGTAGAG-1-1,
TGCGCCTCAAACGGTCAAGTAGAG-1-1,
TGCGCCTCAAGCCTCCAAGTAGAG-1-1,
TGCGCCTCAAGTTGCAAAGTAGAG-1-1,
TGCGCCTCAATCATCCAAGTAGAG-1-1,
TGCGCCTCACATTGTCAAGTAGAG-1-1,TP53_EZH2_CALR_mut
TGCGCCTCACTCCCTTAAGTAGAG-1-1,TP53_CALR_het
TGCGCCTCAGCCTGAGAAGTAGAG-1-1,
TGCGCCTCAGGTATTGAAGTAGAG-1-1,TP53_CALR_het
TGCGCCTCATCCGCTAAAGTAGAG-1-1,
TGCGCTAGTACACCCAAAGTAGAG-1-1,TP53_EZH2_CALR_mut
TGCGCTAGTACTTATGAAGTAGAG-1-1,
TGCGCTAGTCAAACTCAAGTAGAG-1-1,
TGCGCTAGTCATGAAGAAGTAGAG-1-1,
TGCGCTAGTCGCAACCAAGTAGAG-1-1,
TGCGCTAGTGATTAGGAAGTAGAG-1-1,TP53_CALR_het
TGCGCTTAGAATGGCTAAGTAGAG-1-1,
TGCGCTTAGCAAACTAAAGTAGAG-1-1,
TGCGCTTAGGAAGGTAAAGTAGAG-1-1,TP53_CALR_het
TGCGCTTAGGGTTATAAAGTAGAG-1-1,
TGCGCTTAGTAACGTAAAGTAGAG-1-1,
TGCGCTTAGTCTAATCAAGTAGAG-1-1,
TGCGCTTAGTTTGGTTAAGTAGAG-1-1,TP53_CALR_het
TGCGGAATCATGTCATAAGTAGAG-1-1,
TGCGGAATCATTTAGCAAGTAGAG-1-1,TP53_EZH2_CALR_het
TGCGGAATCCAATTACAAGTAGAG-1-1,TP53_EZH2_CALR_mut
TGCGGAATCCATCCTTAAGTAGAG-1-1,TP53_EZH2_CALR_mut
TGCGGAATCCCAGTACAAGTAGAG-1-1,TP53_CALR_het
TGCGGAATCCGTCAACAAGTAGAG-1-1,
TGCGGAATCGTTGCACAAGTAGAG-1-1,
TGCGGAATCTCAGCACAAGTAGAG-1-1,TP53_CALR_het
TGCGGCTGTACGTAAGAAGTAGAG-1-1,TP53_EZH2_CALR_mut
TGCGGCTGTCAACAAGAAGTAGAG-1-1,
TGCGGCTGTCGTAAAGAAGTAGAG-1-1,
TGCGGCTGTTAAGCTCAAGTAGAG-1-1,
TGCGGCTGTTAGCGGGAAGTAGAG-1-1,TP53_CALR_het
TGCGGCTGTTCGAATCAAGTAGAG-1-1,TP53_CALR_het
TGCGGCTGTTCTCAAAAAGTAGAG-1-1,
TGCGGCTGTTGGATGAAAGTAGAG-1-1,
TGCGGCTGTTTCAGGTAAGTAGAG-1-1,
TGCGGTTTCAATTTGCAAGTAGAG-1-1,
TGCGGTTTCATGACAAAAGTAGAG-1-1,TP53_CALR_het
TGCGGTTTCATTATGCAAGTAGAG-1-1,
TGCGGTTTCATTGCATAAGTAGAG-1-1,TP53_CALR_het
TGCGGTTTCCAACAGGAAGTAGAG-1-1,
TGCGGTTTCCACAATTAAGTAGAG-1-1,
TGCGGTTTCCTCACTTAAGTAGAG-1-1,
TGCGGTTTCGATTATCAAGTAGAG-1-1,ZRSR2_CALR_mut
TGCGGTTTCGCGGAACAAGTAGAG-1-1,
TGCGGTTTCTAACCATAAGTAGAG-1-1,
TGCGGTTTCTTGAAGAAAGTAGAG-1-1,
TGCTAACGTATAGCGAAAGTAGAG-1-1,
TGCTAACGTATGTGAGAAGTAGAG-1-1,
TGCTAACGTATTCGACAAGTAGAG-1-1,TP53_CALR_het
TGCTAACGTTAATCCAAAGTAGAG-1-1,TP53_CALR_het
TGCTAACGTTAGTGCTAAGTAGAG-1-1,
TGCTAACGTTCGGTCAAAGTAGAG-1-1,TP53_EZH2_CALR_mut
TGCTAACGTTGCGAAAAAGTAGAG-1-1,TP53_EZH2_CALR_mut
TGCTAACGTTGTCATAAAGTAGAG-1-1,
TGCTATTAGAGGCGGAAAGTAGAG-1-1,
TGCTATTAGCCATTTGAAGTAGAG-1-1,
TGCTATTAGCCCTTGGAAGTAGAG-1-1,
TGCTATTAGTCGTTCAAAGTAGAG-1-1,
TGCTCCACAAGTTAACAAGTAGAG-1-1,TP53_CALR_het
TGCTCCACAATAAGGAAAGTAGAG-1-1,
TGCTCCACACAGGCTGAAGTAGAG-1-1,
TGCTCCACACCTCGACAAGTAGAG-1-1,TP53_CALR_het
TGCTCCACACCTGGTCAAGTAGAG-1-1,TP53_EZH2_CALR_mut
TGCTCCACATAGGCGTAAGTAGAG-1-1,
TGCTCCACATCCTTGGAAGTAGAG-1-1,TP53_CALR_het
TGCTCCACATGAGGGAAAGTAGAG-1-1,
TGCTGGTTCAAACTTCAAGTAGAG-1-1,TP53_CALR_het
TGCTGGTTCAAGCGATAAGTAGAG-1-1,
TGCTGGTTCAGGGCACAAGTAGAG-1-1,
TGCTGGTTCCGCCCAAAAGTAGAG-1-1,
TGCTGGTTCCTGACTAAAGTAGAG-1-1,
TGCTGGTTCGCTCAACAAGTAGAG-1-1,
TGCTGGTTCTTAATGCAAGTAGAG-1-1,TP53_CALR_het
TGCTTAAGTACGTTACAAGTAGAG-1-1,ZRSR2_CALR_mut
TGCTTAAGTGGCTTTGAAGTAGAG-1-1,
TGCTTAAGTTAGTGAGAAGTAGAG-1-1,
TGCTTAAGTTCCTTTGAAGTAGAG-1-1,TP53_CALR_het
TGCTTGATCCAACTTGAAGTAGAG-1-1,TP53_CALR_het
TGCTTGATCCAATTACAAGTAGAG-1-1,
TGCTTGATCCATAAAGAAGTAGAG-1-1,TP53_CALR_het
TGCTTGATCCATCCGGAAGTAGAG-1-1,TP53_EZH2_CALR_mut
TGCTTGATCCGCCCAAAAGTAGAG-1-1,TP53_CALR_het
TGCTTGATCCGCCTCTAAGTAGAG-1-1,TP53_EZH2_CALR_mut
TGCTTGATCCTTGTTCAAGTAGAG-1-1,TP53_CALR_het
TGCTTGATCGTCCATAAAGTAGAG-1-1,ZRSR2_CALR_mut
TGCTTGATCTAATCGTAAGTAGAG-1-1,
TGCTTGATCTCGCCTCAAGTAGAG-1-1,
TGCTTGATCTGGGAATAAGTAGAG-1-1,TP53_CALR_het
TGCTTGATCTTCGCTTAAGTAGAG-1-1,TP53_EZH2_CALR_mut
TGGAAACTCATGAATGAAGTAGAG-1-1,
TGGAAACTCCATAAAGAAGTAGAG-1-1,TP53_EZH2_CALR_mut
TGGAAACTCCCTCATTAAGTAGAG-1-1,TP53_CALR_het
TGGAAACTCCTCACGGAAGTAGAG-1-1,TP53_EZH2_CALR_mut
TGGAAACTCCTGGAAGAAGTAGAG-1-1,TP53_EZH2_CALR_mut
TGGAAACTCGATTACTAAGTAGAG-1-1,
TGGAAACTCGCAGCAAAAGTAGAG-1-1,
TGGAAACTCGGTAAACAAGTAGAG-1-1,TP53_EZH2_CALR_mut
TGGAAACTCTTAAGGAAAGTAGAG-1-1,TP53_EZH2_CALR_mut
TGGACAAGTACGTCCAAAGTAGAG-1-1,TP53_EZH2_CALR_mut
TGGACAAGTCAAACTCAAGTAGAG-1-1,TP53_CALR_het
TGGACAAGTCGAAGCGAAGTAGAG-1-1,
TGGACAAGTCGAATCTAAGTAGAG-1-1,
TGGACAAGTGGCGTAGAAGTAGAG-1-1,TP53_CALR_het
TGGACAAGTTAAGGCAAAGTAGAG-1-1,
TGGACCAAGATGCCTCAAGTAGAG-1-1,TP53_CALR_het
TGGACCAAGCAGGTCAAAGTAGAG-1-1,
TGGACCAAGTAAGCACAAGTAGAG-1-1,TP53_CALR_het
TGGACCAAGTTTGACTAAGTAGAG-1-1,
TGGATCGAGAAGTAGGAAGTAGAG-1-1,
TGGATCGAGAGGTTTAAAGTAGAG-1-1,
TGGATCGAGATTGAGCAAGTAGAG-1-1,TP53_CALR_het
TGGATCGAGGCAAGCCAAGTAGAG-1-1,
TGGATCGAGGGTTACGAAGTAGAG-1-1,TP53_CALR_het
TGGATCGAGTAAAGGGAAGTAGAG-1-1,TP53_CALR_het
TGGATCGAGTATGGGTAAGTAGAG-1-1,
TGGATCGAGTATGGTAAAGTAGAG-1-1,TP53_CALR_het
TGGATCGAGTCCTGCGAAGTAGAG-1-1,TP53_EZH2_CALR_mut
TGGATTAAGCTCGACTAAGTAGAG-1-1,
TGGATTAAGGATTAGCAAGTAGAG-1-1,TP53_EZH2_CALR_mut
TGGATTAAGGATTATGAAGTAGAG-1-1,TP53_EZH2_CALR_mut
TGGATTAAGTCATCATAAGTAGAG-1-1,TP53_CALR_het
TGGATTAAGTTTGCATAAGTAGAG-1-1,TP53_CALR_het
TGGATTCGTACAAACGAAGTAGAG-1-1,
TGGATTCGTCAACAAGAAGTAGAG-1-1,TP53_CALR_het
TGGATTCGTCGCAATTAAGTAGAG-1-1,
TGGATTCGTGCGTACCAAGTAGAG-1-1,TP53_CALR_het
TGGATTCGTGTTGCTGAAGTAGAG-1-1,TP53_EZH2_CALR_mut
TGGATTCGTGTTTGCGAAGTAGAG-1-1,
TGGATTCGTTAATGCCAAGTAGAG-1-1,TP53_CALR_het
TGGATTCGTTAGTTTGAAGTAGAG-1-1,
TGGATTCGTTCACTCCAAGTAGAG-1-1,TP53_CALR_het
TGGATTCGTTTGTCAAAAGTAGAG-1-1,TP53_EZH2_CALR_mut
TGGCAATAGAATGGGAAAGTAGAG-1-1,ZRSR2_CALR_mut
TGGCAATAGACCTTGCAAGTAGAG-1-1,
TGGCAATAGACTTAAGAAGTAGAG-1-1,
TGGCAATAGATAGCCGAAGTAGAG-1-1,TP53_CALR_het
TGGCAATAGCACTACCAAGTAGAG-1-1,TP53_CALR_het
TGGCAATAGGCACAATAAGTAGAG-1-1,TP53_CALR_het
TGGCATGAGCACTACCAAGTAGAG-1-1,
TGGCATGAGCATCTTGAAGTAGAG-1-1,TP53_EZH2_CALR_mut
TGGCATGAGCGGCTTTAAGTAGAG-1-1,TP53_CALR_het
TGGCATGAGGTCACAGAAGTAGAG-1-1,
TGGCATGAGGTTCGAGAAGTAGAG-1-1,
TGGCATGAGGTTCTTGAAGTAGAG-1-1,
TGGCATGAGTAAGCACAAGTAGAG-1-1,
TGGCATGAGTTTGACTAAGTAGAG-1-1,
TGGCCAGCAAACTTGGAAGTAGAG-1-1,
TGGCCAGCAAAGCTCAAAGTAGAG-1-1,TP53_CALR_het
TGGCCAGCAAGAACAAAAGTAGAG-1-1,
TGGCCAGCAAGTCGCGAAGTAGAG-1-1,
TGGCCAGCACCACAAAAAGTAGAG-1-1,
TGGCCAGCAGATTCGAAAGTAGAG-1-1,
TGGCCAGCATAGCGCGAAGTAGAG-1-1,TP53_CALR_het
TGGCCTTAGAAGCATCAAGTAGAG-1-1,TP53_CALR_het
TGGCCTTAGAGGAGTAAAGTAGAG-1-1,TP53_EZH2_CALR_mut
TGGCCTTAGAGGCGGAAAGTAGAG-1-1,
TGGCCTTAGAGGTTTAAAGTAGAG-1-1,
TGGCCTTAGATGCTAAAAGTAGAG-1-1,
TGGCCTTAGCAACATAAAGTAGAG-1-1,TP53_CALR_het
TGGCCTTAGGCGAGAGAAGTAGAG-1-1,ZRSR2_CALR_mut
TGGCCTTAGGTTGCTCAAGTAGAG-1-1,TP53_CALR_het
TGGCCTTAGTAAAGGGAAGTAGAG-1-1,
TGGCCTTAGTTGGATAAAGTAGAG-1-1,
TGGCGGTAGCCACTCGAAGTAGAG-1-1,
TGGCGGTAGGTCACAGAAGTAGAG-1-1,
TGGCGGTAGTCCTGACAAGTAGAG-1-1,
TGGCGTGCAAAGTGCCAAGTAGAG-1-1,
TGGCGTGCAATTGCGAAAGTAGAG-1-1,TP53_CALR_het
TGGCGTGCAGATTCGAAAGTAGAG-1-1,TP53_CALR_het
TGGCGTGCAGGAATAAAAGTAGAG-1-1,TP53_EZH2_CALR_mut
TGGCGTGCAGGCTTAAAAGTAGAG-1-1,TP53_CALR_het
TGGCGTGCATCAAGCAAAGTAGAG-1-1,
TGGCGTGCATCAATCCAAGTAGAG-1-1,TP53_CALR_het
TGGCTACTCACAATGAAAGTAGAG-1-1,TP53_CALR_het
TGGCTACTCCATAAAGAAGTAGAG-1-1,TP53_CALR_het
TGGCTACTCCGTTAGCAAGTAGAG-1-1,TP53_EZH2_CALR_mut
TGGCTACTCGAGAGAAAAGTAGAG-1-1,
TGGCTACTCGCACACTAAGTAGAG-1-1,TP53_CALR_het
TGGCTACTCGGGACTAAAGTAGAG-1-1,
TGGCTACTCGTAACCCAAGTAGAG-1-1,TP53_CALR_het
TGGCTACTCTATCACGAAGTAGAG-1-1,
TGGCTACTCTTTGGATAAGTAGAG-1-1,
TGGGACATCACTATACAAGTAGAG-1-1,TP53_CALR_het
TGGGACATCCCGCTGAAAGTAGAG-1-1,
TGGGACATCCTGTTCTAAGTAGAG-1-1,
TGGGACATCCTTTGAGAAGTAGAG-1-1,
TGGGACATCGACTTTGAAGTAGAG-1-1,ZRSR2_CALR_mut
TGGGACATCGCAAATAAAGTAGAG-1-1,TP53_EZH2_CALR_mut
TGGGACATCGCAGCAAAAGTAGAG-1-1,
TGGGACATCGGGCAGTAAGTAGAG-1-1,TP53_CALR_het
TGGGACATCGTCCATAAAGTAGAG-1-1,TP53_CALR_het
TGGGACATCTTCGCTTAAGTAGAG-1-1,ZRSR2_CALR_mut
TGGGCCACAAACGGTCAAGTAGAG-1-1,
TGGGCCACAAGGGTCTAAGTAGAG-1-1,TP53_EZH2_CALR_mut
TGGGCCACAAGGTGCTAAGTAGAG-1-1,
TGGGCCACAATGTTCCAAGTAGAG-1-1,TP53_CALR_het
TGGGCCACACATTCGTAAGTAGAG-1-1,TP53_CALR_het
TGGGCCACATTGAAGTAAGTAGAG-1-1,TP53_CALR_het
TGGGCCACATTGTACCAAGTAGAG-1-1,
TGGGCGTAGACAGACTAAGTAGAG-1-1,TP53_EZH2_CALR_mut
TGGGCGTAGAGGCGAGAAGTAGAG-1-1,
TGGGCGTAGATAGCTAAAGTAGAG-1-1,ZRSR2_CALR_mut
TGGGCGTAGCGCTTACAAGTAGAG-1-1,
TGGGCGTAGCTAACTTAAGTAGAG-1-1,TP53_CALR_het
TGGGCGTAGGAAGGTAAAGTAGAG-1-1,TP53_EZH2_CALR_mut
TGGGCGTAGGATGGTTAAGTAGAG-1-1,
TGGGCGTAGGCCAACAAAGTAGAG-1-1,TP53_EZH2_CALR_mut
TGGGCGTAGGGTGGGAAAGTAGAG-1-1,
TGGGCGTAGGTTCATTAAGTAGAG-1-1,TP53_EZH2_CALR_mut
TGGGCGTAGTCATTCGAAGTAGAG-1-1,TP53_EZH2_CALR_mut
TGGGCGTAGTGTCCACAAGTAGAG-1-1,TP53_CALR_het
TGGGCGTAGTTGCGGAAAGTAGAG-1-1,TP53_CALR_het
TGGGTCCGTAAAGCATAAGTAGAG-1-1,TP53_EZH2_CALR_mut
TGGGTCCGTATTCAGCAAGTAGAG-1-1,
TGGGTCCGTCAACAAGAAGTAGAG-1-1,
TGGGTCCGTCGTTATAAAGTAGAG-1-1,
TGGGTCCGTGACACAAAAGTAGAG-1-1,TP53_CALR_het
TGGGTCCGTGATAAACAAGTAGAG-1-1,TP53_EZH2_CALR_mut
TGGGTCCGTTCACCAGAAGTAGAG-1-1,
TGGGTCCGTTGTGAGAAAGTAGAG-1-1,
TGGGTTTGTATAGTGGAAGTAGAG-1-1,
TGGGTTTGTCACACCAAAGTAGAG-1-1,
TGGGTTTGTCTAACCGAAGTAGAG-1-1,
TGGGTTTGTTGCGGGAAAGTAGAG-1-1,ZRSR2_CALR_mut
TGGGTTTGTTTGCTCCAAGTAGAG-1-1,
TGGTAAGGTAAACTGGAAGTAGAG-1-1,TP53_EZH2_CALR_mut
TGGTAAGGTATATTCGAAGTAGAG-1-1,
TGGTAAGGTATTGTCAAAGTAGAG-1-1,
TGGTAAGGTCAACAAGAAGTAGAG-1-1,
TGGTAAGGTCATGCATAAGTAGAG-1-1,TP53_EZH2_CALR_mut
TGGTAAGGTCCAGCTAAAGTAGAG-1-1,TP53_CALR_het
TGGTAAGGTCCTCACTAAGTAGAG-1-1,TP53_EZH2_CALR_mut
TGGTAAGGTCGTTCTCAAGTAGAG-1-1,TP53_EZH2_CALR_mut
TGGTAAGGTGCCCTTTAAGTAGAG-1-1,TP53_CALR_het
TGGTAAGGTTCATTAGAAGTAGAG-1-1,
TGGTAAGGTTGCGAAAAAGTAGAG-1-1,TP53_CALR_het
TGGTAATCAAGGTGCTAAGTAGAG-1-1,
TGGTAATCACATAGTGAAGTAGAG-1-1,TP53_CALR_het
TGGTAATCACGGTCGAAAGTAGAG-1-1,
TGGTAATCACTATCACAAGTAGAG-1-1,
TGGTAATCACTTTACAAAGTAGAG-1-1,
TGGTAATCAGGCTAACAAGTAGAG-1-1,
TGGTAGTAGAAGGTTCAAGTAGAG-1-1,TP53_CALR_het
TGGTAGTAGATGCTAAAAGTAGAG-1-1,
TGGTAGTAGGACAAGAAAGTAGAG-1-1,ZRSR2_CALR_mut
TGGTAGTAGGCCAACAAAGTAGAG-1-1,
TGGTAGTAGGTTGGGCAAGTAGAG-1-1,TP53_CALR_het
TGGTAGTAGTTAACAGAAGTAGAG-1-1,
TGGTCAACAAAGCCTAAAGTAGAG-1-1,TP53_CALR_het
TGGTCAACACAAATACAAGTAGAG-1-1,
TGGTCAACACTAAGCAAAGTAGAG-1-1,
TGGTCAACATTAGTGGAAGTAGAG-1-1,
TGGTCTATCAATACAGAAGTAGAG-1-1,
TGGTCTATCACTTCGAAAGTAGAG-1-1,TP53_EZH2_CALR_mut
TGGTCTATCATAATCCAAGTAGAG-1-1,TP53_CALR_het
TGGTCTATCGCGCATTAAGTAGAG-1-1,
TGGTCTATCTATTGACAAGTAGAG-1-1,TP53_EZH2_CALR_mut
TGGTGAAGTCAACATCAAGTAGAG-1-1,
TGGTGAAGTCATGCATAAGTAGAG-1-1,TP53_EZH2_CALR_mut
TGGTGAAGTCGAAGTAAAGTAGAG-1-1,
TGGTGAGTCAGCGAATAAGTAGAG-1-1,
TGGTGAGTCCAGATAAAAGTAGAG-1-1,
TGGTGAGTCCCTCATTAAGTAGAG-1-1,
TGGTGAGTCCCTGGATAAGTAGAG-1-1,
TGGTGAGTCGCCTAGTAAGTAGAG-1-1,TP53_CALR_het
TGGTGAGTCGCGAAATAAGTAGAG-1-1,TP53_CALR_het
TGGTGAGTCGCGCATTAAGTAGAG-1-1,TP53_EZH2_CALR_mut
TGGTGCGCAAACGGGAAAGTAGAG-1-1,
TGGTGCGCACATTGAGAAGTAGAG-1-1,
TGGTGCGCACCAACAAAAGTAGAG-1-1,
TGGTGCGCACCACACCAAGTAGAG-1-1,
TGGTGCGCACCGGTAGAAGTAGAG-1-1,
TGGTGCGCACTCCCAAAAGTAGAG-1-1,ZRSR2_CALR_mut
TGGTGCGCACTTAACCAAGTAGAG-1-1,
TGGTGCGCATCCGGAGAAGTAGAG-1-1,
TGGTGCGCATTCGGTTAAGTAGAG-1-1,TP53_CALR_het
TGGTGCTTCAACTTGTAAGTAGAG-1-1,TP53_CALR_het
TGGTGCTTCAATACAGAAGTAGAG-1-1,TP53_CALR_het
TGGTGCTTCCAACTATAAGTAGAG-1-1,TP53_EZH2_CALR_mut
TGGTGCTTCCCGTTGGAAGTAGAG-1-1,
TGGTGCTTCCCTCAAAAAGTAGAG-1-1,TP53_CALR_het
TGGTGCTTCGAAGTTAAAGTAGAG-1-1,
TGGTGCTTCGAGGCACAAGTAGAG-1-1,
TGGTGCTTCGTAAAGCAAGTAGAG-1-1,
TGGTGCTTCGTAGTTTAAGTAGAG-1-1,
TGGTGCTTCGTTGCACAAGTAGAG-1-1,
TGGTGCTTCTTTGGTGAAGTAGAG-1-1,TP53_EZH2_CALR_mut
TGGTGTGAGAGGCGGAAAGTAGAG-1-1,TP53_EZH2_CALR_mut
TGGTGTGAGCCATCACAAGTAGAG-1-1,TP53_EZH2_CALR_mut
TGGTGTGAGCCATTTGAAGTAGAG-1-1,TP53_CALR_het
TGGTGTGAGTCAACAAAAGTAGAG-1-1,
TGGTGTGAGTGTAATGAAGTAGAG-1-1,
TGGTGTGAGTTGACGGAAGTAGAG-1-1,
TGGTTAAAGCAGCCAAAAGTAGAG-1-1,TP53_CALR_het
TGGTTAAAGCCAGAGCAAGTAGAG-1-1,TP53_EZH2_CALR_mut
TGGTTAAAGCCTAAGGAAGTAGAG-1-1,
TGGTTAAAGGTTGCTCAAGTAGAG-1-1,
TGGTTAAAGGTTTCGCAAGTAGAG-1-1,TP53_CALR_het
TGGTTAAAGTAAGTGCAAGTAGAG-1-1,
TGGTTAAAGTGATGGTAAGTAGAG-1-1,
TGGTTAAAGTTACAGAAAGTAGAG-1-1,
TGGTTAAAGTTACTCGAAGTAGAG-1-1,TP53_EZH2_CALR_mut
TGGTTAAAGTTTCGCAAAGTAGAG-1-1,ZRSR2_CALR_mut
TGGTTAAAGTTTGAGAAAGTAGAG-1-1,TP53_CALR_het
TGGTTACGTAAAGCGCAAGTAGAG-1-1,
TGGTTACGTACCTCAGAAGTAGAG-1-1,TP53_CALR_het
TGGTTACGTACGGGCAAAGTAGAG-1-1,TP53_CALR_het
TGGTTACGTCGTAATCAAGTAGAG-1-1,TP53_CALR_het
TGGTTACGTGGATGCGAAGTAGAG-1-1,
TGGTTACGTGTCCAATAAGTAGAG-1-1,
TGGTTACGTTAGGTAGAAGTAGAG-1-1,
TGGTTACGTTAGTGCTAAGTAGAG-1-1,
TGGTTACGTTATGAGGAAGTAGAG-1-1,
TGGTTACGTTTACGACAAGTAGAG-1-1,TP53_EZH2_CALR_mut
TGGTTACGTTTCCTCAAAGTAGAG-1-1,TP53_EZH2_CALR_mut
TGGTTACGTTTGTAGCAAGTAGAG-1-1,
TGGTTAGCAATGAAGAAAGTAGAG-1-1,
TGGTTAGCACCTAAGAAAGTAGAG-1-1,TP53_EZH2_CALR_mut
TGGTTAGCATAGACCAAAGTAGAG-1-1,TP53_EZH2_CALR_mut
TGGTTAGCATGCTCCAAAGTAGAG-1-1,
TGGTTAGCATGTTTCAAAGTAGAG-1-1,
TGGTTAGCATTTCTTCAAGTAGAG-1-1,ZRSR2_CALR_mut
TGGTTCATCAATCCTGAAGTAGAG-1-1,
TGGTTCATCATGGTCCAAGTAGAG-1-1,TP53_CALR_het
TGGTTCATCCAACAGGAAGTAGAG-1-1,ZRSR2_CALR_mut
TGGTTCATCCAATACTAAGTAGAG-1-1,
TGGTTCATCCTGTTCTAAGTAGAG-1-1,TP53_CALR_het
TGGTTCATCGATTGGGAAGTAGAG-1-1,
TGGTTCATCGCTCAACAAGTAGAG-1-1,
TGGTTCATCTATCGGCAAGTAGAG-1-1,TP53_CALR_het
TGGTTTAGTAACCTTAAAGTAGAG-1-1,
TGGTTTAGTCATCATAAAGTAGAG-1-1,TP53_EZH2_CALR_mut
TGGTTTAGTCCATCAGAAGTAGAG-1-1,TP53_CALR_het
TGGTTTAGTCCATTAAAAGTAGAG-1-1,TP53_CALR_het
TGGTTTAGTCGTCCAAAAGTAGAG-1-1,TP53_CALR_het
TGGTTTAGTCTCACTCAAGTAGAG-1-1,
TGGTTTAGTGGACACGAAGTAGAG-1-1,ZRSR2_CALR_mut
TGGTTTAGTGGTTCGCAAGTAGAG-1-1,
TGGTTTAGTTGGGTTTAAGTAGAG-1-1,
TGGTTTAGTTGGTTTAAAGTAGAG-1-1,
TGGTTTGTCAGGTAGTAAGTAGAG-1-1,
TGGTTTGTCCAAAGACAAGTAGAG-1-1,TP53_CALR_het
TGGTTTGTCCCGTTCCAAGTAGAG-1-1,TP53_EZH2_CALR_mut
TGGTTTGTCCTGAGGAAAGTAGAG-1-1,
TGGTTTGTCTGCCATAAAGTAGAG-1-1,
TGGTTTGTCTTGATCGAAGTAGAG-1-1,TP53_CALR_het
TGTAACCGTCATGAAGAAGTAGAG-1-1,TP53_CALR_het
TGTAACCGTGACATTCAAGTAGAG-1-1,
TGTAACCGTGACCTGCAAGTAGAG-1-1,
TGTAACCGTGGGTGTGAAGTAGAG-1-1,TP53_CALR_het
TGTAACCGTTCACCTCAAGTAGAG-1-1,
TGTAACCGTTCGGTCAAAGTAGAG-1-1,
TGTAACCGTTGTTTGAAAGTAGAG-1-1,
TGTAACTTCAAAGGGAAAGTAGAG-1-1,TP53_EZH2_CALR_mut
TGTAACTTCAGTAAGCAAGTAGAG-1-1,ZRSR2_CALR_mut
TGTAACTTCCAGATAAAAGTAGAG-1-1,
TGTAACTTCCCATTGAAAGTAGAG-1-1,TP53_EZH2_CALR_mut
TGTAACTTCCTGGTTAAAGTAGAG-1-1,
TGTAACTTCGACTTGCAAGTAGAG-1-1,TP53_CALR_het
TGTAACTTCGCGGATAAAGTAGAG-1-1,
TGTAACTTCGGTTCCGAAGTAGAG-1-1,
TGTAACTTCTTACTCCAAGTAGAG-1-1,
TGTAACTTCTTCGCCCAAGTAGAG-1-1,
TGTAAGTCAAACCTGAAAGTAGAG-1-1,TP53_EZH2_CALR_mut
TGTAAGTCAATCATCCAAGTAGAG-1-1,
TGTAAGTCAATTGCGAAAGTAGAG-1-1,ZRSR2_CALR_mut
TGTAAGTCACCAACAAAAGTAGAG-1-1,
TGTAAGTCACCTTCAGAAGTAGAG-1-1,
TGTAAGTCACGTAATGAAGTAGAG-1-1,TP53_CALR_het
TGTAAGTCACTGTCATAAGTAGAG-1-1,
TGTAAGTCATCCGCTAAAGTAGAG-1-1,TP53_CALR_het
TGTAAGTCATGGGTTAAAGTAGAG-1-1,
TGTAAGTCATTGCCGCAAGTAGAG-1-1,TP53_EZH2_CALR_mut
TGTAATGAGACCTTGCAAGTAGAG-1-1,
TGTAATGAGCAGGCTAAAGTAGAG-1-1,
TGTAATGAGGACTTAAAAGTAGAG-1-1,ZRSR2_CALR_mut
TGTAATGAGGTTATCTAAGTAGAG-1-1,
TGTAATGAGTGATCAAAAGTAGAG-1-1,TP53_CALR_het
TGTAATGAGTTGCGCTAAGTAGAG-1-1,TP53_CALR_het
TGTAATGAGTTTGCATAAGTAGAG-1-1,
TGTACCGGTAAGCTAGAAGTAGAG-1-1,TP53_CALR_het
TGTACCGGTATGGTGAAAGTAGAG-1-1,TP53_EZH2_CALR_mut
TGTACCGGTCAATTGCAAGTAGAG-1-1,TP53_CALR_het
TGTACCGGTCATCAGTAAGTAGAG-1-1,TP53_CALR_het
TGTACCGGTGTCCAATAAGTAGAG-1-1,
TGTACCGGTTGCGCTAAAGTAGAG-1-1,TP53_CALR_het
TGTACCGGTTGTTTGAAAGTAGAG-1-1,
TGTACCTCAACCATTCAAGTAGAG-1-1,
TGTACCTCAACGTTAGAAGTAGAG-1-1,
TGTACCTCAAGGCCTGAAGTAGAG-1-1,TP53_CALR_het
TGTACCTCAAGTTCCTAAGTAGAG-1-1,
TGTACCTCACCTAAGAAAGTAGAG-1-1,
TGTACCTCACGTAGGTAAGTAGAG-1-1,
TGTACCTCAGCCAGCAAAGTAGAG-1-1,TP53_CALR_het
TGTACCTCAGCCTATTAAGTAGAG-1-1,
TGTACCTCATGGTCAAAAGTAGAG-1-1,
TGTATTGGTAAGTCGAAAGTAGAG-1-1,TP53_EZH2_CALR_mut
TGTATTGGTAATGAACAAGTAGAG-1-1,ZRSR2_CALR_mut
TGTATTGGTGCTTCGAAAGTAGAG-1-1,
TGTATTGGTGGATGGTAAGTAGAG-1-1,TP53_CALR_het
TGTATTGGTTAACCACAAGTAGAG-1-1,
TGTCAGGAGATTCGTTAAGTAGAG-1-1,
TGTCAGGAGGACAACTAAGTAGAG-1-1,
TGTCAGGAGGATCCCTAAGTAGAG-1-1,ZRSR2_CALR_mut
TGTCAGGAGGCGAGAGAAGTAGAG-1-1,
TGTCAGGAGGCGCGATAAGTAGAG-1-1,TP53_EZH2_CALR_mut
TGTCAGGAGGTGAGCCAAGTAGAG-1-1,TP53_CALR_het
TGTCAGGAGTGATTTCAAGTAGAG-1-1,TP53_CALR_het
TGTCATCCAAGCCACGAAGTAGAG-1-1,
TGTCATCCACCTAAAGAAGTAGAG-1-1,
TGTCATCCACTAAGCAAAGTAGAG-1-1,
TGTCATCCACTCAAAGAAGTAGAG-1-1,
TGTCATCCAGGTGACTAAGTAGAG-1-1,TP53_CALR_het
TGTCATCCAGTGAGGAAAGTAGAG-1-1,TP53_EZH2_CALR_mut
TGTCATCCATAGCCGGAAGTAGAG-1-1,
TGTCATCCATCCACCAAAGTAGAG-1-1,TP53_CALR_het
TGTCATCCATGCAATGAAGTAGAG-1-1,ZRSR2_CALR_mut
TGTCATCCATTCATGCAAGTAGAG-1-1,
TGTCATCCATTTGGAGAAGTAGAG-1-1,TP53_CALR_het
TGTCCAGGTACAAAGTAAGTAGAG-1-1,TP53_EZH2_CALR_mut
TGTCCAGGTAGTTGTCAAGTAGAG-1-1,
TGTCCAGGTCTATCTTAAGTAGAG-1-1,
TGTCCAGGTGTGATGAAAGTAGAG-1-1,
TGTCCAGGTTAACGAGAAGTAGAG-1-1,TP53_CALR_het
TGTCCAGGTTAACGTCAAGTAGAG-1-1,TP53_EZH2_CALR_het
TGTCCAGGTTACCGTGAAGTAGAG-1-1,
TGTCCTTTCAAGCTCCAAGTAGAG-1-1,TP53_CALR_het
TGTCCTTTCACAACAAAAGTAGAG-1-1,TP53_CALR_het
TGTCCTTTCAGTAAGCAAGTAGAG-1-1,
TGTCCTTTCATGGTCCAAGTAGAG-1-1,
TGTCCTTTCCAATACTAAGTAGAG-1-1,
TGTCCTTTCGAGCTAGAAGTAGAG-1-1,TP53_CALR_het
TGTCCTTTCGCCTATAAAGTAGAG-1-1,ZRSR2_CALR_mut
TGTCCTTTCGTAAAGCAAGTAGAG-1-1,ZRSR2_CALR_mut
TGTCCTTTCGTTGCACAAGTAGAG-1-1,TP53_EZH2_CALR_mut
TGTCCTTTCTAGTTACAAGTAGAG-1-1,TP53_EZH2_CALR_mut
TGTCGAGAGAACCTAAAAGTAGAG-1-1,TP53_EZH2_CALR_mut
TGTCGAGAGAGGTTTAAAGTAGAG-1-1,ZRSR2_CALR_mut
TGTCGAGAGATAGCCGAAGTAGAG-1-1,
TGTCGAGAGGCTTAGGAAGTAGAG-1-1,TP53_CALR_het
TGTCGAGAGGGAGGCAAAGTAGAG-1-1,
TGTCGAGAGTGGACCAAAGTAGAG-1-1,TP53_CALR_het
TGTCTTGAGAAACTCAAAGTAGAG-1-1,TP53_CALR_het
TGTCTTGAGATAATCGAAGTAGAG-1-1,TP53_EZH2_CALR_mut
TGTCTTGAGATTCCCAAAGTAGAG-1-1,
TGTCTTGAGATTCGTTAAGTAGAG-1-1,
TGTCTTGAGCAACATAAAGTAGAG-1-1,
TGTCTTGAGCCTGCCAAAGTAGAG-1-1,TP53_EZH2_CALR_mut
TGTCTTGAGGGCGGAAAAGTAGAG-1-1,
TGTCTTGAGGTATGGTAAGTAGAG-1-1,TP53_CALR_het
TGTCTTGAGTTACACTAAGTAGAG-1-1,
TGTGAGCCAAGACATTAAGTAGAG-1-1,
TGTGAGCCAATGTGGCAAGTAGAG-1-1,
TGTGAGCCACGTAATGAAGTAGAG-1-1,
TGTGAGCCACGTAGTAAAGTAGAG-1-1,
TGTGAGCCACTAGCGGAAGTAGAG-1-1,ZRSR2_CALR_mut
TGTGAGCCAGAGGCTTAAGTAGAG-1-1,ZRSR2_CALR_mut
TGTGAGCCATGCCTCAAAGTAGAG-1-1,
TGTGAGGTCACTTGATAAGTAGAG-1-1,TP53_CALR_het
TGTGAGGTCAGCACAGAAGTAGAG-1-1,
TGTGAGGTCCCAGACTAAGTAGAG-1-1,ZRSR2_CALR_mut
TGTGAGGTCCGCAATCAAGTAGAG-1-1,TP53_CALR_het
TGTGAGGTCCGGATAGAAGTAGAG-1-1,TP53_CALR_het
TGTGAGGTCGCTTCGGAAGTAGAG-1-1,TP53_EZH2_CALR_mut
TGTGAGGTCTCTATGGAAGTAGAG-1-1,TP53_CALR_het
TGTGAGGTCTTTGGATAAGTAGAG-1-1,TP53_CALR_het
TGTGAGGTCTTTGGTGAAGTAGAG-1-1,
TGTGCGCGTACCGTTGAAGTAGAG-1-1,
TGTGCGCGTACGTCCAAAGTAGAG-1-1,
TGTGCGCGTCATTACAAAGTAGAG-1-1,TP53_CALR_het
TGTGCGCGTCGGTTATAAGTAGAG-1-1,TP53_EZH2_CALR_mut
TGTGCGCGTTCTCAAAAAGTAGAG-1-1,TP53_CALR_het
TGTGCTGGTCAATTCAAAGTAGAG-1-1,TP53_CALR_het
TGTGCTGGTCATTACAAAGTAGAG-1-1,
TGTGCTGGTGTTAGTCAAGTAGAG-1-1,TP53_EZH2_CALR_mut
TGTGCTGGTTAGGTAGAAGTAGAG-1-1,TP53_CALR_het
TGTGCTGGTTAGTGAGAAGTAGAG-1-1,
TGTGCTGGTTCATTGAAAGTAGAG-1-1,TP53_EZH2_CALR_mut
TGTGCTGGTTGCTGTGAAGTAGAG-1-1,TP53_EZH2_CALR_mut
TGTGCTGGTTGGAGCGAAGTAGAG-1-1,TP53_CALR_het
TGTGGCGCAATAAGCTAAGTAGAG-1-1,TP53_EZH2_CALR_mut
TGTGGCGCAATGGATTAAGTAGAG-1-1,TP53_CALR_het
TGTGGCGCACAAATACAAGTAGAG-1-1,TP53_EZH2_CALR_mut
TGTGGCGCACCATACTAAGTAGAG-1-1,
TGTGGCGCAGAATCGCAAGTAGAG-1-1,TP53_CALR_het
TGTGGCGCATCAATCCAAGTAGAG-1-1,
TGTGGCGCATGAGGGAAAGTAGAG-1-1,TP53_CALR_het
TGTGGGTCAACAGAGGAAGTAGAG-1-1,
TGTGGGTCAACAGCACAAGTAGAG-1-1,TP53_EZH2_CALR_mut
TGTGGGTCACAAGCGTAAGTAGAG-1-1,
TGTGGGTCACACAAATAAGTAGAG-1-1,
TGTGGGTCACCTGGTCAAGTAGAG-1-1,
TGTGGGTCAGCCTTCAAAGTAGAG-1-1,TP53_CALR_het
TGTGGGTCAGGTGACTAAGTAGAG-1-1,
TGTGGGTCATCAGGACAAGTAGAG-1-1,TP53_EZH2_CALR_mut
TGTGTCCAGAAGGTCTAAGTAGAG-1-1,TP53_CALR_het
TGTGTCCAGAGGAGGTAAGTAGAG-1-1,
TGTGTCCAGATAACGCAAGTAGAG-1-1,
TGTGTCCAGCATTACTAAGTAGAG-1-1,TP53_EZH2_CALR_mut
TGTGTCCAGCCATCGTAAGTAGAG-1-1,
TGTGTCCAGGAAACTCAAGTAGAG-1-1,
TGTGTCCAGGTCAAGTAAGTAGAG-1-1,
TGTGTCCAGTACCAGGAAGTAGAG-1-1,
TGTGTCCAGTTGACGGAAGTAGAG-1-1,
TGTGTGACACCACATTAAGTAGAG-1-1,TP53_EZH2_CALR_mut
TGTGTGACACGGATACAAGTAGAG-1-1,TP53_CALR_het
TGTGTGACACTTTATGAAGTAGAG-1-1,ZRSR2_CALR_mut
TGTGTGACAGATTCGAAAGTAGAG-1-1,
TGTGTGACAGGTAGCTAAGTAGAG-1-1,
TGTGTGACAGTTATCCAAGTAGAG-1-1,ZRSR2_CALR_mut
TGTGTGACATAGCCTTAAGTAGAG-1-1,
TGTGTGACATGAAGCCAAGTAGAG-1-1,ZRSR2_CALR_mut
TGTGTGACATGGCTAAAAGTAGAG-1-1,TP53_CALR_het
TGTGTGACATTGCATCAAGTAGAG-1-1,
TGTTAGCGTAAGCTAGAAGTAGAG-1-1,
TGTTAGCGTACAGCAAAAGTAGAG-1-1,
TGTTAGCGTGTTTCGGAAGTAGAG-1-1,
TGTTAGCGTTAACCACAAGTAGAG-1-1,TP53_CALR_het
TGTTAGCGTTAGTGCTAAGTAGAG-1-1,
TGTTAGCGTTGGTTTAAAGTAGAG-1-1,TP53_EZH2_CALR_mut
TGTTAGCGTTGTTTGAAAGTAGAG-1-1,TP53_CALR_het
TGTTAGCGTTTGGCCAAAGTAGAG-1-1,TP53_CALR_het
TGTTAGTTCCACAATTAAGTAGAG-1-1,TP53_CALR_het
TGTTAGTTCGAACCTCAAGTAGAG-1-1,TP53_CALR_het
TGTTAGTTCGATATGAAAGTAGAG-1-1,
TGTTAGTTCGTTGCACAAGTAGAG-1-1,
TGTTAGTTCTACTACGAAGTAGAG-1-1,
TGTTCAAGTACCTTAAAAGTAGAG-1-1,
TGTTCAAGTCCAATACAAGTAGAG-1-1,TP53_CALR_het
TGTTCAAGTCCGGTACAAGTAGAG-1-1,
TGTTCAAGTCGTTCGAAAGTAGAG-1-1,TP53_CALR_het
TGTTCAAGTTAAGGCAAAGTAGAG-1-1,TP53_EZH2_CALR_mut
TGTTCAAGTTATGTGCAAGTAGAG-1-1,
TGTTCAAGTTTCCTGCAAGTAGAG-1-1,
TGTTCACCAAACACGCAAGTAGAG-1-1,TP53_EZH2_CALR_mut
TGTTCACCAAACGGTCAAGTAGAG-1-1,TP53_EZH2_CALR_mut
TGTTCACCAACAAGCCAAGTAGAG-1-1,TP53_CALR_het
TGTTCACCAATAGCTGAAGTAGAG-1-1,
TGTTCACCACATTGTCAAGTAGAG-1-1,TP53_EZH2_CALR_mut
TGTTCACCACGTAAATAAGTAGAG-1-1,TP53_CALR_het
TGTTCACCACTATGTCAAGTAGAG-1-1,TP53_EZH2_CALR_mut
TGTTCACCAGCCTGAGAAGTAGAG-1-1,
TGTTCACCATTGGGTAAAGTAGAG-1-1,TP53_CALR_het
TGTTCCTTCAAGGGCCAAGTAGAG-1-1,
TGTTCCTTCATGAATGAAGTAGAG-1-1,
TGTTCCTTCCGCCATGAAGTAGAG-1-1,
TGTTCTTGTAGCCATTAAGTAGAG-1-1,TP53_EZH2_CALR_mut
TGTTCTTGTAGCTTTAAAGTAGAG-1-1,
TGTTCTTGTCAAAGATAAGTAGAG-1-1,ZRSR2_CALR_mut
TGTTCTTGTCCAGCTAAAGTAGAG-1-1,
TGTTCTTGTCCTTCTAAAGTAGAG-1-1,
TGTTCTTGTCTACCAGAAGTAGAG-1-1,
TGTTCTTGTCTGTCAGAAGTAGAG-1-1,TP53_EZH2_CALR_mut
TGTTCTTGTGAGAAGGAAGTAGAG-1-1,
TGTTCTTGTGCACAAAAAGTAGAG-1-1,TP53_CALR_het
TGTTCTTGTGCGCATCAAGTAGAG-1-1,TP53_EZH2_CALR_mut
TGTTCTTGTGCGGTTCAAGTAGAG-1-1,
TGTTCTTGTTCTTACTAAGTAGAG-1-1,
TGTTCTTGTTTACGACAAGTAGAG-1-1,
TGTTGACGTACAGCAAAAGTAGAG-1-1,
TGTTGACGTGCGGCAAAAGTAGAG-1-1,TP53_CALR_het
TGTTGACGTGTAATGGAAGTAGAG-1-1,
TGTTGACGTGTTAGTCAAGTAGAG-1-1,TP53_CALR_het
TGTTGACGTTAATCCAAAGTAGAG-1-1,TP53_EZH2_CALR_mut
TGTTGACGTTTACGACAAGTAGAG-1-1,TP53_EZH2_CALR_mut
TGTTGACGTTTCCACCAAGTAGAG-1-1,TP53_EZH2_CALR_mut
TGTTGAGCAACCTTGTAAGTAGAG-1-1,
TGTTGAGCAAGTGGCTAAGTAGAG-1-1,TP53_CALR_het
TGTTGAGCACAAGCGTAAGTAGAG-1-1,
TGTTGAGCACGTAGTAAAGTAGAG-1-1,TP53_EZH2_CALR_mut
TGTTGAGCACGTGCTCAAGTAGAG-1-1,TP53_CALR_het
TGTTGAGCAGATAGCCAAGTAGAG-1-1,
TGTTGAGCAGATTGCAAAGTAGAG-1-1,
TGTTGAGCAGCGATCGAAGTAGAG-1-1,
TGTTGAGCAGGCAACTAAGTAGAG-1-1,TP53_CALR_het
TGTTGAGCAGGGCTATAAGTAGAG-1-1,
TGTTGAGCAGTGAGGAAAGTAGAG-1-1,
TGTTGAGCATGGTCAAAAGTAGAG-1-1,
TGTTGAGCATTAGTGGAAGTAGAG-1-1,
TGTTGCATCAACTGGGAAGTAGAG-1-1,
TGTTGCATCAGGCCAAAAGTAGAG-1-1,TP53_CALR_het
TGTTGCATCATAACCTAAGTAGAG-1-1,
TGTTGCATCCGGATAGAAGTAGAG-1-1,TP53_CALR_het
TGTTGGTGTAATAGGTAAGTAGAG-1-1,TP53_EZH2_CALR_mut
TGTTGGTGTACAGCAAAAGTAGAG-1-1,
TGTTGGTGTACGTTACAAGTAGAG-1-1,
TGTTGGTGTACTTCCCAAGTAGAG-1-1,TP53_EZH2_CALR_mut
TGTTGGTGTATATTCGAAGTAGAG-1-1,
TGTTGGTGTGCTGCACAAGTAGAG-1-1,
TGTTGGTGTTCAAGGAAAGTAGAG-1-1,TP53_EZH2_CALR_mut
TGTTGGTGTTCGAATCAAGTAGAG-1-1,TP53_EZH2_CALR_mut
TGTTGGTGTTGAGGACAAGTAGAG-1-1,
TGTTGTCCAAATAACCAAGTAGAG-1-1,
TGTTGTCCAGTAATACAAGTAGAG-1-1,
TGTTGTCCAGTTATCCAAGTAGAG-1-1,TP53_EZH2_CALR_mut
TGTTGTCCATATCGCTAAGTAGAG-1-1,TP53_CALR_het
TGTTGTCCATGCGGATAAGTAGAG-1-1,ZRSR2_CALR_mut
TGTTTCGAGAGGAGTAAAGTAGAG-1-1,TP53_EZH2_CALR_het
TGTTTCGAGCAATCGGAAGTAGAG-1-1,
TGTTTCGAGCGAAGTTAAGTAGAG-1-1,
TGTTTCGAGCGCTTACAAGTAGAG-1-1,TP53_EZH2_CALR_mut
TGTTTCGAGCTAAGTAAAGTAGAG-1-1,TP53_CALR_het
TGTTTCGAGGCTTAAAAAGTAGAG-1-1,
TGTTTCGAGGTCACAGAAGTAGAG-1-1,TP53_CALR_het
TGTTTCGAGTAAGCACAAGTAGAG-1-1,TP53_EZH2_CALR_mut
TGTTTCGAGTGTAATGAAGTAGAG-1-1,
TGTTTGAGTCGGTTTGAAGTAGAG-1-1,TP53_CALR_het
TGTTTGAGTGACACAAAAGTAGAG-1-1,
TGTTTGAGTTTGCTCCAAGTAGAG-1-1,
TTAAACCTCAAACCGGAAGTAGAG-1-1,TP53_CALR_het
TTAAACCTCAACCGGAAAGTAGAG-1-1,
TTAAACCTCAACTTGTAAGTAGAG-1-1,
TTAAACCTCACCCTGGAAGTAGAG-1-1,TP53_EZH2_CALR_mut
TTAAACCTCGTTGCACAAGTAGAG-1-1,
TTAAACCTCTGGTCTAAAGTAGAG-1-1,
TTAAACCTCTTCGCCCAAGTAGAG-1-1,
TTAACCGTCACATTACAAGTAGAG-1-1,
TTAACCGTCAGGAGCCAAGTAGAG-1-1,ZRSR2_CALR_mut
TTAACCGTCATGAGGTAAGTAGAG-1-1,TP53_CALR_het
TTAACCGTCATGGAACAAGTAGAG-1-1,
TTAACCGTCATTTAGCAAGTAGAG-1-1,ZRSR2_CALR_mut
TTAACCGTCATTTGCGAAGTAGAG-1-1,TP53_CALR_het
TTAACCGTCCAATACTAAGTAGAG-1-1,TP53_CALR_het
TTAACCGTCCTCACTTAAGTAGAG-1-1,TP53_EZH2_CALR_mut
TTAACCGTCGATATGAAAGTAGAG-1-1,TP53_EZH2_CALR_mut
TTAACCGTCGATTGGGAAGTAGAG-1-1,
TTAACCGTCGCAGGACAAGTAGAG-1-1,
TTAACCGTCTAACCTGAAGTAGAG-1-1,TP53_EZH2_CALR_mut
TTAACGTTCAACTGGGAAGTAGAG-1-1,
TTAACGTTCAAGCCAGAAGTAGAG-1-1,
TTAACGTTCCAAATAGAAGTAGAG-1-1,TP53_CALR_het
TTAACGTTCCCACATAAAGTAGAG-1-1,TP53_CALR_het
TTAACGTTCCCTCGTCAAGTAGAG-1-1,
TTAACGTTCCTCAATGAAGTAGAG-1-1,TP53_CALR_het
TTAACGTTCGGTACGAAAGTAGAG-1-1,TP53_CALR_het
TTAAGCTTCACTAGGGAAGTAGAG-1-1,TP53_CALR_het
TTAAGCTTCCGCCATGAAGTAGAG-1-1,TP53_CALR_het
TTAAGCTTCCGGCTCAAAGTAGAG-1-1,
TTAAGCTTCGCTTGGTAAGTAGAG-1-1,
TTAAGGATCAACTGGGAAGTAGAG-1-1,
TTAAGGATCAATTTGCAAGTAGAG-1-1,
TTAAGGATCACAAAGCAAGTAGAG-1-1,
TTAAGGATCACCTGTAAAGTAGAG-1-1,TP53_EZH2_CALR_mut
TTAAGGATCATGATGAAAGTAGAG-1-1,
TTAAGGATCCACAATTAAGTAGAG-1-1,ZRSR2_CALR_mut
TTAAGGATCCCTCAAAAAGTAGAG-1-1,
TTAAGGATCCGAAAGTAAGTAGAG-1-1,
TTAAGGATCCTAAGTTAAGTAGAG-1-1,TP53_CALR_het
TTAAGGATCGAAACTAAAGTAGAG-1-1,TP53_EZH2_CALR_mut
TTAAGGATCGGCTAAGAAGTAGAG-1-1,TP53_EZH2_CALR_mut
TTAAGGATCGTCCCGAAAGTAGAG-1-1,
TTAAGGATCTGTGATTAAGTAGAG-1-1,TP53_CALR_het
TTAAGGTCAAACTTCCAAGTAGAG-1-1,
TTAAGGTCAACAAGTTAAGTAGAG-1-1,TP53_CALR_het
TTAAGGTCAACGACTAAAGTAGAG-1-1,TP53_EZH2_CALR_mut
TTAAGGTCAACTAAACAAGTAGAG-1-1,TP53_CALR_het
TTAAGGTCAAGCTATGAAGTAGAG-1-1,
TTAAGGTCACCTACTGAAGTAGAG-1-1,TP53_CALR_het
TTAAGGTCACGAACGTAAGTAGAG-1-1,ZRSR2_CALR_mut
TTAAGGTCACGGTAACAAGTAGAG-1-1,TP53_CALR_het
TTAAGGTCACTATGGAAAGTAGAG-1-1,
TTAAGGTCATATTTCGAAGTAGAG-1-1,
TTAAGGTCATCATCACAAGTAGAG-1-1,
TTAAGGTCATGGCGCAAAGTAGAG-1-1,
TTACACCCAACCTTGTAAGTAGAG-1-1,TP53_CALR_het
TTACACCCACTAAGCAAAGTAGAG-1-1,ZRSR2_CALR_mut
TTACACCCACTCAAAGAAGTAGAG-1-1,
TTACACCCATCCCTCTAAGTAGAG-1-1,
TTACACCCATGAGTCAAAGTAGAG-1-1,
TTACACCCATTACTTGAAGTAGAG-1-1,TP53_CALR_het
TTACCATAGCAACTTTAAGTAGAG-1-1,TP53_CALR_het
TTACCATAGCGAGCTAAAGTAGAG-1-1,
TTACCATAGCTCATTGAAGTAGAG-1-1,
TTACCATAGGACTTGGAAGTAGAG-1-1,
TTACCATAGGGCCTTTAAGTAGAG-1-1,
TTACCATAGGTGAGTTAAGTAGAG-1-1,
TTACCATAGTCAAACAAAGTAGAG-1-1,TP53_CALR_het
TTACCATAGTCAGGCAAAGTAGAG-1-1,
TTACCATAGTTGGATAAAGTAGAG-1-1,TP53_EZH2_CALR_mut
TTACCTTGTACGCACCAAGTAGAG-1-1,
TTACCTTGTACGTTACAAGTAGAG-1-1,
TTACCTTGTAGGAGGAAAGTAGAG-1-1,
TTACCTTGTCCATAGTAAGTAGAG-1-1,ZRSR2_CALR_mut
TTACCTTGTGACATTCAAGTAGAG-1-1,
TTACCTTGTGCGCAAGAAGTAGAG-1-1,TP53_EZH2_CALR_mut
TTACCTTGTTAGAGGCAAGTAGAG-1-1,TP53_EZH2_CALR_mut
TTACCTTGTTCCGTGAAAGTAGAG-1-1,
TTACGGACAACTATCCAAGTAGAG-1-1,TP53_EZH2_CALR_mut
TTACGGACAATTGAACAAGTAGAG-1-1,
TTACGGACATAGCGCGAAGTAGAG-1-1,TP53_CALR_het
TTACGGACATTGTACCAAGTAGAG-1-1,
TTACTTCGTAAATAGCAAGTAGAG-1-1,ZRSR2_CALR_mut
TTACTTCGTACCTAGTAAGTAGAG-1-1,
TTACTTCGTCATGCATAAGTAGAG-1-1,TP53_CALR_het
TTACTTCGTGTGACCCAAGTAGAG-1-1,
TTACTTCGTGTGATGAAAGTAGAG-1-1,
TTACTTCGTTAAGGCAAAGTAGAG-1-1,TP53_EZH2_CALR_mut
TTACTTCGTTAGTGAGAAGTAGAG-1-1,
TTACTTGCAAGTTTCCAAGTAGAG-1-1,TP53_CALR_het
TTACTTGCACAGGCTGAAGTAGAG-1-1,ZRSR2_CALR_mut
TTACTTGCACGGATACAAGTAGAG-1-1,
TTACTTGCAGGGCTATAAGTAGAG-1-1,TP53_EZH2_CALR_mut
TTACTTGCATGTTTCAAAGTAGAG-1-1,
TTAGAGCAGACTCAAAAAGTAGAG-1-1,
TTAGAGCAGCAAACTAAAGTAGAG-1-1,ZRSR2_CALR_mut
TTAGAGCAGCAATCGGAAGTAGAG-1-1,TP53_CALR_het
TTAGAGCAGCCATCACAAGTAGAG-1-1,TP53_CALR_het
TTAGAGCAGGATTATGAAGTAGAG-1-1,TP53_CALR_het
TTAGAGCAGTCAATAGAAGTAGAG-1-1,
TTAGAGCAGTCATTCGAAGTAGAG-1-1,TP53_CALR_het
TTAGCCGGTAATTTCGAAGTAGAG-1-1,TP53_EZH2_CALR_mut
TTAGCCGGTATGGTCTAAGTAGAG-1-1,TP53_EZH2_CALR_mut
TTAGCCGGTCAAAGATAAGTAGAG-1-1,
TTAGCCGGTTCATTAGAAGTAGAG-1-1,
TTAGCCGGTTCGAATCAAGTAGAG-1-1,TP53_EZH2_CALR_mut
TTAGCGGAGACTTAAGAAGTAGAG-1-1,TP53_CALR_het
TTAGCGGAGAGGCGGAAAGTAGAG-1-1,TP53_EZH2_CALR_mut
TTAGCGGAGAGGTTCGAAGTAGAG-1-1,TP53_EZH2_CALR_mut
TTAGCGGAGATTGCAAAAGTAGAG-1-1,
TTAGCGGAGCACCTTAAAGTAGAG-1-1,
TTAGCGGAGGAAGGTAAAGTAGAG-1-1,TP53_CALR_het
TTAGCGGAGGGCAGTCAAGTAGAG-1-1,TP53_CALR_het
TTAGCGGAGTTGGATAAAGTAGAG-1-1,
TTAGGTGCAAACAAGAAAGTAGAG-1-1,
TTAGGTGCAACTAAGTAAGTAGAG-1-1,TP53_EZH2_CALR_mut
TTAGGTGCAAGTAAGAAAGTAGAG-1-1,ZRSR2_CALR_mut
TTAGGTGCAAGTGCACAAGTAGAG-1-1,
TTAGGTGCACAACAATAAGTAGAG-1-1,
TTAGGTGCACTCAAAGAAGTAGAG-1-1,ZRSR2_CALR_mut
TTAGGTGCACTGACAAAAGTAGAG-1-1,TP53_CALR_het
TTAGGTGCAGCTCGAGAAGTAGAG-1-1,TP53_EZH2_CALR_mut
TTAGGTGCATATCGCTAAGTAGAG-1-1,
TTAGGTGCATCCGCTAAAGTAGAG-1-1,
TTAGGTGCATGGCGCAAAGTAGAG-1-1,
TTAGGTGCATGTGGCGAAGTAGAG-1-1,TP53_CALR_het
TTAGGTTTCAATCGCCAAGTAGAG-1-1,
TTAGGTTTCACAGGATAAGTAGAG-1-1,
TTAGGTTTCACTAGGGAAGTAGAG-1-1,
TTAGGTTTCAGCACGAAAGTAGAG-1-1,ZRSR2_CALR_mut
TTAGGTTTCAGGCATGAAGTAGAG-1-1,
TTAGGTTTCAGGTAACAAGTAGAG-1-1,
TTAGGTTTCATGGATAAAGTAGAG-1-1,
TTAGGTTTCGCCACATAAGTAGAG-1-1,TP53_EZH2_CALR_mut
TTAGTCAGTAAGCGTAAAGTAGAG-1-1,
TTAGTCAGTACAGCAAAAGTAGAG-1-1,TP53_EZH2_CALR_mut
TTAGTCAGTACGATTCAAGTAGAG-1-1,
TTAGTCAGTATAGTGGAAGTAGAG-1-1,TP53_EZH2_CALR_mut
TTAGTCAGTCGTCCAAAAGTAGAG-1-1,TP53_CALR_het
TTAGTCAGTCTAACCGAAGTAGAG-1-1,
TTAGTCAGTCTACCTCAAGTAGAG-1-1,
TTAGTCAGTGCGTACCAAGTAGAG-1-1,TP53_CALR_het
TTAGTCAGTGGTTACTAAGTAGAG-1-1,
TTAGTCAGTTAAGCCTAAGTAGAG-1-1,TP53_CALR_het
TTAGTCGTCAATGTGAAAGTAGAG-1-1,
TTAGTCGTCACGTTATAAGTAGAG-1-1,TP53_EZH2_CALR_mut
TTAGTCGTCACTATGTAAGTAGAG-1-1,TP53_EZH2_CALR_mut
TTAGTCGTCAGGTTAAAAGTAGAG-1-1,TP53_EZH2_CALR_mut
TTAGTCGTCATAACCTAAGTAGAG-1-1,
TTAGTCGTCATAATCCAAGTAGAG-1-1,TP53_CALR_het
TTAGTCGTCATTGCATAAGTAGAG-1-1,TP53_EZH2_CALR_mut
TTAGTCGTCCAGAAACAAGTAGAG-1-1,TP53_CALR_het
TTAGTCGTCCATAAAGAAGTAGAG-1-1,TP53_CALR_het
TTAGTCGTCCTAAAGAAAGTAGAG-1-1,TP53_EZH2_CALR_mut
TTAGTCGTCGATTCTGAAGTAGAG-1-1,
TTAGTCGTCGCCTAGTAAGTAGAG-1-1,TP53_EZH2_CALR_mut
TTAGTCGTCGCCTCGAAAGTAGAG-1-1,
TTAGTCGTCGGGCAACAAGTAGAG-1-1,ZRSR2_CALR_mut
TTAGTCGTCGTCCCGAAAGTAGAG-1-1,TP53_EZH2_CALR_mut
TTAGTCGTCTATGCATAAGTAGAG-1-1,
TTAGTTGGTAGCTATCAAGTAGAG-1-1,ZRSR2_CALR_mut
TTAGTTGGTCACCAGCAAGTAGAG-1-1,
TTAGTTGGTGATAAACAAGTAGAG-1-1,TP53_EZH2_CALR_mut
TTAGTTGGTGTGAGACAAGTAGAG-1-1,
TTAGTTGGTTGTGACTAAGTAGAG-1-1,
TTATAGCTCGAGGTTGAAGTAGAG-1-1,TP53_CALR_het
TTATAGCTCGCTATATAAGTAGAG-1-1,
TTATAGCTCGGTAAGTAAGTAGAG-1-1,
TTATAGCTCGGTCAAGAAGTAGAG-1-1,
TTATAGCTCTGGTCTAAAGTAGAG-1-1,
TTATCACAGAAGGTTCAAGTAGAG-1-1,TP53_CALR_het
TTATCACAGGTCGAGCAAGTAGAG-1-1,TP53_EZH2_CALR_mut
TTATCACAGTTATTGCAAGTAGAG-1-1,TP53_CALR_het
TTATCCTGTAAGCTAGAAGTAGAG-1-1,TP53_CALR_het
TTATCCTGTAGCCCGTAAGTAGAG-1-1,
TTATCCTGTCAACAAGAAGTAGAG-1-1,
TTATCCTGTCCTCACTAAGTAGAG-1-1,
TTATCCTGTGATTAGGAAGTAGAG-1-1,TP53_EZH2_CALR_mut
TTATCCTGTGCTGAAAAAGTAGAG-1-1,
TTATCCTGTTGAGCTTAAGTAGAG-1-1,TP53_CALR_het
TTATCGCCAAATAGGAAAGTAGAG-1-1,
TTATCGCCAAGCCACGAAGTAGAG-1-1,
TTATCGCCAAGCGATCAAGTAGAG-1-1,TP53_EZH2_CALR_het
TTATCGCCAAGCTATGAAGTAGAG-1-1,
TTATCGCCAAGTTTCCAAGTAGAG-1-1,TP53_EZH2_CALR_mut
TTATCGCCAATGTGGCAAGTAGAG-1-1,ZRSR2_CALR_mut
TTATCGCCACGATTAGAAGTAGAG-1-1,
TTATCGCCAGCCTGAGAAGTAGAG-1-1,
TTATCGCCATACTGAGAAGTAGAG-1-1,
TTATGGGCAACGTTAGAAGTAGAG-1-1,
TTATGGGCACGGTTCCAAGTAGAG-1-1,TP53_CALR_het
TTATGGGCACGTAATGAAGTAGAG-1-1,
TTATGGGCACTAACTCAAGTAGAG-1-1,
TTATGGGCACTCCCTTAAGTAGAG-1-1,TP53_CALR_het
TTATGGGCAGGGATGAAAGTAGAG-1-1,ZRSR2_CALR_mut
TTATGGGCATACCTTAAAGTAGAG-1-1,
TTATGGGCATTACTTGAAGTAGAG-1-1,
TTATGGGCATTTGGCTAAGTAGAG-1-1,TP53_CALR_het
TTATGTCAGACTTAAGAAGTAGAG-1-1,
TTATGTCAGATAACGCAAGTAGAG-1-1,
TTATGTCAGCCATCACAAGTAGAG-1-1,TP53_CALR_het
TTATGTCAGCCCGTTGAAGTAGAG-1-1,TP53_CALR_het
TTATGTCAGCCTCTAAAAGTAGAG-1-1,TP53_CALR_het
TTATGTCAGGCAAGCCAAGTAGAG-1-1,TP53_CALR_het
TTATGTCAGGTCGAGCAAGTAGAG-1-1,
TTATGTCAGGTGAGGGAAGTAGAG-1-1,TP53_CALR_het
TTATGTCAGTCGTTCAAAGTAGAG-1-1,TP53_CALR_het
TTATTGCAGCGAGGGAAAGTAGAG-1-1,TP53_EZH2_CALR_mut
TTATTGCAGGTCAAGTAAGTAGAG-1-1,TP53_EZH2_CALR_mut
TTATTGCAGTCATAAGAAGTAGAG-1-1,
TTATTGCAGTCGCATCAAGTAGAG-1-1,ZRSR2_CALR_mut
TTATTGCAGTGTTTCGAAGTAGAG-1-1,TP53_EZH2_CALR_mut
TTATTGGGTACGTAAGAAGTAGAG-1-1,ZRSR2_CALR_mut
TTATTGGGTAGCGGATAAGTAGAG-1-1,
TTATTGGGTCGCAATTAAGTAGAG-1-1,
TTATTGGGTGATAAACAAGTAGAG-1-1,
TTATTGGGTGCATTACAAGTAGAG-1-1,
TTATTGGGTGCTTCGAAAGTAGAG-1-1,
TTATTGGGTGGTTCGCAAGTAGAG-1-1,TP53_CALR_het
TTATTGGGTGGTTCTGAAGTAGAG-1-1,ZRSR2_CALR_mut
TTATTGGGTTAAGCTCAAGTAGAG-1-1,
TTCAACTAGAGCAAGAAAGTAGAG-1-1,
TTCAACTAGCAACATAAAGTAGAG-1-1,
TTCAACTAGCAGCTAGAAGTAGAG-1-1,
TTCAACTAGGAAGCCCAAGTAGAG-1-1,ZRSR2_CALR_mut
TTCAACTAGGAAGGTAAAGTAGAG-1-1,
TTCAACTAGGCCATGAAAGTAGAG-1-1,
TTCAACTAGTCCTGACAAGTAGAG-1-1,
TTCAACTAGTTGGATAAAGTAGAG-1-1,
TTCAAGCGTAACTACCAAGTAGAG-1-1,TP53_EZH2_CALR_mut
TTCAAGCGTCAACAAGAAGTAGAG-1-1,TP53_CALR_het
TTCAAGCGTCCTCCATAAGTAGAG-1-1,TP53_EZH2_CALR_mut
TTCAAGCGTCCTTATTAAGTAGAG-1-1,
TTCAAGCGTGCATCGCAAGTAGAG-1-1,
TTCAAGCGTGGGTGTGAAGTAGAG-1-1,TP53_CALR_het
TTCAAGCGTTACCGTGAAGTAGAG-1-1,ZRSR2_CALR_mut
TTCAAGCGTTAGGTGAAAGTAGAG-1-1,
TTCAAGCGTTTGTAGCAAGTAGAG-1-1,TP53_CALR_het
TTCACTTGTAACCTTAAAGTAGAG-1-1,TP53_CALR_het
TTCACTTGTACGTCCAAAGTAGAG-1-1,TP53_CALR_het
TTCACTTGTCACCAGCAAGTAGAG-1-1,
TTCACTTGTCATTATGAAGTAGAG-1-1,TP53_CALR_het
TTCACTTGTGTGATGAAAGTAGAG-1-1,
TTCACTTGTTTGCATAAAGTAGAG-1-1,
TTCAGGACAACTTGTCAAGTAGAG-1-1,TP53_CALR_het
TTCAGGACAAGCCTCCAAGTAGAG-1-1,TP53_EZH2_CALR_mut
TTCAGGACACGAACGTAAGTAGAG-1-1,
TTCAGGACACTAGTAGAAGTAGAG-1-1,TP53_CALR_het
TTCAGGACAGCGATCGAAGTAGAG-1-1,ZRSR2_CALR_mut
TTCAGGACAGGCCTCTAAGTAGAG-1-1,TP53_EZH2_CALR_mut
TTCAGGACATCACGCCAAGTAGAG-1-1,
TTCAGGACATCAGGTAAAGTAGAG-1-1,
TTCATGAGTAATGGTGAAGTAGAG-1-1,TP53_EZH2_CALR_mut
TTCATGAGTAGTAACGAAGTAGAG-1-1,TP53_CALR_het
TTCATGAGTGAACGGTAAGTAGAG-1-1,
TTCATGAGTGCAATAGAAGTAGAG-1-1,
TTCATGAGTTCTTACTAAGTAGAG-1-1,
TTCATGCCAAACAATCAAGTAGAG-1-1,TP53_CALR_het
TTCATGCCAAAGTGCCAAGTAGAG-1-1,
TTCATGCCAACAAGTTAAGTAGAG-1-1,TP53_CALR_het
TTCATGCCAACAGCTAAAGTAGAG-1-1,TP53_EZH2_CALR_mut
TTCATGCCAAGCTAATAAGTAGAG-1-1,TP53_EZH2_CALR_mut
TTCATGCCAATGGCCGAAGTAGAG-1-1,
TTCATGCCAATTAGCGAAGTAGAG-1-1,TP53_CALR_het
TTCATGCCAATTGAACAAGTAGAG-1-1,TP53_EZH2_CALR_mut
TTCATGCCACTAACGAAAGTAGAG-1-1,TP53_CALR_het
TTCATGCCACTCAATCAAGTAGAG-1-1,
TTCATGCCACTCAGTTAAGTAGAG-1-1,TP53_CALR_het
TTCATGCCAGCATTTCAAGTAGAG-1-1,
TTCATGCCAGGATGCTAAGTAGAG-1-1,
TTCATGCCAGGTCAACAAGTAGAG-1-1,
TTCATGCCATCGAACAAAGTAGAG-1-1,
TTCATGCCATGTGGGTAAGTAGAG-1-1,
TTCATGCCATTTGGCTAAGTAGAG-1-1,TP53_CALR_het
TTCCAAAGTACACCCAAAGTAGAG-1-1,ZRSR2_CALR_mut
TTCCAAAGTCCATTAAAAGTAGAG-1-1,TP53_CALR_het
TTCCAAAGTCCTTCGTAAGTAGAG-1-1,TP53_EZH2_CALR_mut
TTCCAAAGTCGTAAAGAAGTAGAG-1-1,
TTCCAAAGTCTCACTCAAGTAGAG-1-1,TP53_EZH2_CALR_mut
TTCCAAAGTGCCCTTTAAGTAGAG-1-1,TP53_CALR_het
TTCCAAAGTTCGATGTAAGTAGAG-1-1,TP53_EZH2_CALR_mut
TTCCAAAGTTGCGAAAAAGTAGAG-1-1,TP53_CALR_het
TTCCAAAGTTGCTGTGAAGTAGAG-1-1,
TTCCAAAGTTGTTCCCAAGTAGAG-1-1,
TTCCAAAGTTTGCAACAAGTAGAG-1-1,
TTCCAAAGTTTGGGCCAAGTAGAG-1-1,
TTCCAACCAACAGGGAAAGTAGAG-1-1,TP53_CALR_het
TTCCAACCAACCATTCAAGTAGAG-1-1,TP53_EZH2_CALR_mut
TTCCAACCAAGCGATCAAGTAGAG-1-1,
TTCCAACCACCTTTGGAAGTAGAG-1-1,
TTCCAACCAGTAATACAAGTAGAG-1-1,
TTCCAACCATAGACCAAAGTAGAG-1-1,TP53_CALR_het
TTCCAACCATATTTCGAAGTAGAG-1-1,
TTCCATTGTAATGTCCAAGTAGAG-1-1,TP53_CALR_het
TTCCATTGTAGCCAAAAAGTAGAG-1-1,
TTCCATTGTCCTTCGTAAGTAGAG-1-1,
TTCCATTGTGACCTGCAAGTAGAG-1-1,TP53_CALR_het
TTCCATTGTGCGGTTCAAGTAGAG-1-1,
TTCCGCACAAACCGGTAAGTAGAG-1-1,TP53_EZH2_CALR_mut
TTCCGCACAAACTTGGAAGTAGAG-1-1,
TTCCGCACAAAGGTAAAAGTAGAG-1-1,ZRSR2_CALR_mut
TTCCGCACAAGGGTCTAAGTAGAG-1-1,
TTCCGCACAAGGTTATAAGTAGAG-1-1,ZRSR2_CALR_mut
TTCCGCACAATAACCGAAGTAGAG-1-1,
TTCCGCACACAAGCGTAAGTAGAG-1-1,
TTCCGCACACCTGGTCAAGTAGAG-1-1,
TTCCGCACAGGAGCAAAAGTAGAG-1-1,
TTCCGCACAGGTTTCTAAGTAGAG-1-1,
TTCCGCACATCCCTCTAAGTAGAG-1-1,
TTCCGCACATTGCGCCAAGTAGAG-1-1,TP53_CALR_het
TTCCGCACATTTGGCTAAGTAGAG-1-1,TP53_CALR_het
TTCCTCAGTAGCTATCAAGTAGAG-1-1,
TTCCTCAGTCACGATTAAGTAGAG-1-1,
TTCCTCAGTGCAATAGAAGTAGAG-1-1,TP53_CALR_het
TTCCTCAGTGCGTACCAAGTAGAG-1-1,TP53_CALR_het
TTCCTCAGTTACTCCCAAGTAGAG-1-1,TP53_CALR_het
TTCCTCAGTTGGGCGAAAGTAGAG-1-1,TP53_CALR_het
TTCCTCAGTTGTTCCCAAGTAGAG-1-1,TP53_CALR_het
TTCCTCCCAAGATAAGAAGTAGAG-1-1,
TTCCTCCCAATTGAGTAAGTAGAG-1-1,TP53_CALR_het
TTCCTCCCACGTAGGTAAGTAGAG-1-1,
TTCCTCCCAGATTGCAAAGTAGAG-1-1,TP53_EZH2_CALR_mut
TTCCTCCCATTTAGCCAAGTAGAG-1-1,
TTCCTCGTCACCATATAAGTAGAG-1-1,
TTCCTCGTCATGCGTCAAGTAGAG-1-1,TP53_EZH2_CALR_mut
TTCCTCGTCATTGAGAAAGTAGAG-1-1,
TTCCTCGTCCCACATAAAGTAGAG-1-1,ZRSR2_CALR_mut
TTCCTCGTCCCTCGCTAAGTAGAG-1-1,TP53_CALR_het
TTCCTCGTCCTCACGGAAGTAGAG-1-1,
TTCCTCGTCGCCTGCAAAGTAGAG-1-1,TP53_CALR_het
TTCCTCGTCGCGCATTAAGTAGAG-1-1,TP53_CALR_het
TTCCTCGTCGGCTAAGAAGTAGAG-1-1,TP53_CALR_het
TTCCTCGTCGGCTAGAAAGTAGAG-1-1,
TTCCTCGTCTAATCGTAAGTAGAG-1-1,TP53_CALR_het
TTCCTCGTCTAATGAGAAGTAGAG-1-1,
TTCCTCGTCTGTGACCAAGTAGAG-1-1,
TTCCTCTAGAAGCATCAAGTAGAG-1-1,
TTCCTCTAGAGGATGAAAGTAGAG-1-1,ZRSR2_CALR_mut
TTCCTCTAGGATGTTAAAGTAGAG-1-1,
TTCCTCTAGGTTATCTAAGTAGAG-1-1,
TTCCTCTAGTGTTTCGAAGTAGAG-1-1,
TTCCTTTCAAAGGGATAAGTAGAG-1-1,ZRSR2_CALR_mut
TTCCTTTCAACAGCACAAGTAGAG-1-1,TP53_CALR_het
TTCCTTTCAATGGCCGAAGTAGAG-1-1,TP53_EZH2_CALR_mut
TTCCTTTCACACTAAGAAGTAGAG-1-1,TP53_EZH2_CALR_mut
TTCCTTTCACGTTACTAAGTAGAG-1-1,
TTCCTTTCAGCCAGCAAAGTAGAG-1-1,
TTCCTTTCAGGTATTGAAGTAGAG-1-1,
TTCCTTTCATTTGTTGAAGTAGAG-1-1,TP53_CALR_het
TTCGAACGTAAGGCCGAAGTAGAG-1-1,
TTCGAACGTACGGGCAAAGTAGAG-1-1,
TTCGAACGTAGCTTGTAAGTAGAG-1-1,
TTCGAACGTTAATTCGAAGTAGAG-1-1,TP53_CALR_het
TTCGAACGTTGCATCGAAGTAGAG-1-1,
TTCGAGGAGAAAGGCAAAGTAGAG-1-1,TP53_CALR_het
TTCGAGGAGATTGAGCAAGTAGAG-1-1,TP53_EZH2_CALR_mut
TTCGAGGAGCAAACCGAAGTAGAG-1-1,TP53_CALR_het
TTCGAGGAGCCATTTGAAGTAGAG-1-1,TP53_EZH2_CALR_mut
TTCGAGGAGGAACCGCAAGTAGAG-1-1,TP53_CALR_het
TTCGAGGAGGTTAGTAAAGTAGAG-1-1,
TTCGAGGAGTAGCTAAAAGTAGAG-1-1,
TTCGAGGAGTCTACCAAAGTAGAG-1-1,ZRSR2_CALR_mut
TTCGAGGAGTCTTGCAAAGTAGAG-1-1,TP53_CALR_het
TTCGATAGTATTGTCAAAGTAGAG-1-1,TP53_CALR_het
TTCGATAGTCCGTGACAAGTAGAG-1-1,TP53_EZH2_CALR_mut
TTCGATAGTCCTGACAAAGTAGAG-1-1,
TTCGATAGTCGTAACTAAGTAGAG-1-1,TP53_CALR_het
TTCGATAGTTAATTCGAAGTAGAG-1-1,
TTCGATAGTTGAGTCTAAGTAGAG-1-1,TP53_CALR_het
TTCGATAGTTTCCTGCAAGTAGAG-1-1,TP53_CALR_het
TTCGATGTCAACCGGAAAGTAGAG-1-1,ZRSR2_CALR_mut
TTCGATGTCAGTAAGCAAGTAGAG-1-1,TP53_CALR_het
TTCGATGTCCGCCACAAAGTAGAG-1-1,TP53_EZH2_CALR_mut
TTCGATGTCTGGTCTAAAGTAGAG-1-1,TP53_CALR_het
TTCGATGTCTTCGCCCAAGTAGAG-1-1,
TTCGATGTCTTGAAAGAAGTAGAG-1-1,TP53_EZH2_CALR_mut
TTCGATTAGACATAGCAAGTAGAG-1-1,TP53_CALR_het
TTCGATTAGACCATTTAAGTAGAG-1-1,
TTCGATTAGAGGAGGTAAGTAGAG-1-1,
TTCGATTAGGCACAATAAGTAGAG-1-1,TP53_EZH2_CALR_mut
TTCGATTAGGCGGATCAAGTAGAG-1-1,
TTCGATTAGTAAGCACAAGTAGAG-1-1,
TTCGATTAGTACCAGGAAGTAGAG-1-1,
TTCGATTAGTTATGGAAAGTAGAG-1-1,TP53_EZH2_CALR_mut
TTCGCCACAAACGGTCAAGTAGAG-1-1,TP53_CALR_het
TTCGCCACAAGGAATAAAGTAGAG-1-1,
TTCGCCACAATTGCGAAAGTAGAG-1-1,
TTCGCCACACAGGCTGAAGTAGAG-1-1,
TTCGCCACACATTGTCAAGTAGAG-1-1,
TTCGCCACACTGTCATAAGTAGAG-1-1,
TTCGCCACACTTCGATAAGTAGAG-1-1,ZRSR2_CALR_mut
TTCGCCACAGAGGCTTAAGTAGAG-1-1,TP53_CALR_het
TTCGCCACATACTTCAAAGTAGAG-1-1,TP53_CALR_het
TTCGCCTGTACTGCCAAAGTAGAG-1-1,TP53_EZH2_CALR_mut
TTCGCCTGTATGTGAGAAGTAGAG-1-1,ZRSR2_CALR_mut
TTCGCCTGTATTGCGTAAGTAGAG-1-1,
TTCGCCTGTCAAAGGCAAGTAGAG-1-1,TP53_EZH2_CALR_mut
TTCGCCTGTCGGTTATAAGTAGAG-1-1,
TTCGCCTGTGCTGATTAAGTAGAG-1-1,
TTCGCCTGTTCCTTTGAAGTAGAG-1-1,
TTCGCGCCAAGCTATGAAGTAGAG-1-1,TP53_CALR_het
TTCGCGCCAAGTTGCAAAGTAGAG-1-1,TP53_CALR_het
TTCGCGCCAGGCAACTAAGTAGAG-1-1,
TTCGCGCCATCACTCGAAGTAGAG-1-1,TP53_CALR_het
TTCGGTCAGACTAATGAAGTAGAG-1-1,TP53_CALR_het
TTCGGTCAGCATCTTGAAGTAGAG-1-1,TP53_CALR_het
TTCGGTCAGGACAAGAAAGTAGAG-1-1,TP53_EZH2_CALR_mut
TTCGGTCAGGCCATTCAAGTAGAG-1-1,
TTCGGTCAGGCGAGTCAAGTAGAG-1-1,TP53_CALR_het
TTCGGTCAGGTAATGCAAGTAGAG-1-1,TP53_EZH2_CALR_mut
TTCGGTCAGGTTGCAGAAGTAGAG-1-1,TP53_CALR_het
TTCGGTCAGTCAAACAAAGTAGAG-1-1,
TTCGGTCAGTGAGGAAAAGTAGAG-1-1,
TTCGGTCAGTTAGGCGAAGTAGAG-1-1,TP53_CALR_het
TTCGTTCTCACTAGGGAAGTAGAG-1-1,TP53_CALR_het
TTCGTTCTCCTTTAGGAAGTAGAG-1-1,
TTCGTTCTCGGTTATTAAGTAGAG-1-1,TP53_EZH2_CALR_mut
TTCGTTCTCTCGCCTCAAGTAGAG-1-1,TP53_CALR_het
TTCTAAGGTACTTATGAAGTAGAG-1-1,TP53_EZH2_CALR_mut
TTCTAAGGTAGCCACCAAGTAGAG-1-1,
TTCTAAGGTCAAGCTTAAGTAGAG-1-1,TP53_EZH2_CALR_mut
TTCTAAGGTCATGATCAAGTAGAG-1-1,TP53_CALR_het
TTCTAAGGTCGTAACTAAGTAGAG-1-1,
TTCTAAGGTGCGCAAGAAGTAGAG-1-1,TP53_CALR_het
TTCTAAGGTGGTTACTAAGTAGAG-1-1,
TTCTAAGGTGTTAGTCAAGTAGAG-1-1,
TTCTAAGGTTAGCATCAAGTAGAG-1-1,
TTCTAAGGTTCACCTCAAGTAGAG-1-1,
TTCTAAGGTTGGAGCGAAGTAGAG-1-1,
TTCTATCGTAATGTCCAAGTAGAG-1-1,TP53_EZH2_CALR_mut
TTCTATCGTCACTATAAAGTAGAG-1-1,
TTCTATCGTCATCCCTAAGTAGAG-1-1,TP53_EZH2_CALR_mut
TTCTATCGTCCAGCTAAAGTAGAG-1-1,
TTCTATCGTTAACGGAAAGTAGAG-1-1,
TTCTCACTCAGGAGCCAAGTAGAG-1-1,
TTCTCACTCCTGGTTAAAGTAGAG-1-1,TP53_CALR_het
TTCTCACTCGAAACTAAAGTAGAG-1-1,TP53_EZH2_CALR_mut
TTCTCACTCTAACTACAAGTAGAG-1-1,TP53_CALR_het
TTCTCACTCTATCGGCAAGTAGAG-1-1,
TTCTGGCAGATTATCCAAGTAGAG-1-1,TP53_EZH2_CALR_mut
TTCTGGCAGCCATTTGAAGTAGAG-1-1,
TTCTGGCAGCTAGATAAAGTAGAG-1-1,ZRSR2_CALR_mut
TTCTGGCAGGAGGATAAAGTAGAG-1-1,
TTCTGGCAGGATGTTAAAGTAGAG-1-1,
TTCTGGCAGGGCACTAAAGTAGAG-1-1,TP53_CALR_het
TTCTGGCAGGGTCTAGAAGTAGAG-1-1,TP53_CALR_het
TTCTGGCAGTAACGTAAAGTAGAG-1-1,ZRSR2_CALR_mut
TTCTGGCAGTAAGCACAAGTAGAG-1-1,
TTCTGGCAGTGGCTTCAAGTAGAG-1-1,TP53_CALR_het
TTCTGTGAGAGAGCAAAAGTAGAG-1-1,
TTCTGTGAGATTCGTTAAGTAGAG-1-1,TP53_EZH2_CALR_mut
TTCTGTGAGCAGGCTAAAGTAGAG-1-1,TP53_EZH2_CALR_mut
TTCTGTGAGCCAGAGCAAGTAGAG-1-1,TP53_EZH2_CALR_mut
TTCTGTGAGCGAATGTAAGTAGAG-1-1,
TTCTGTGAGCTGGGTAAAGTAGAG-1-1,TP53_CALR_het
TTCTGTGAGGAACCGCAAGTAGAG-1-1,TP53_CALR_het
TTCTGTGAGGTTGTAAAAGTAGAG-1-1,ZRSR2_CALR_mut
TTCTGTGAGTCAACTTAAGTAGAG-1-1,TP53_CALR_het
TTCTGTGAGTTACACTAAGTAGAG-1-1,TP53_CALR_het
TTCTGTGAGTTTCAGTAAGTAGAG-1-1,ZRSR2_CALR_mut
TTCTTGCTCACGTTATAAGTAGAG-1-1,TP53_EZH2_CALR_mut
TTCTTGCTCAGCGAATAAGTAGAG-1-1,TP53_EZH2_CALR_mut
TTCTTGCTCAGGCTGAAAGTAGAG-1-1,TP53_EZH2_CALR_mut
TTCTTGCTCAGGTTGGAAGTAGAG-1-1,
TTCTTGCTCCAGAAACAAGTAGAG-1-1,TP53_EZH2_CALR_mut
TTCTTGCTCCTTTGAGAAGTAGAG-1-1,TP53_CALR_het
TTCTTGCTCTGGGAATAAGTAGAG-1-1,
TTGAAAGTCATGGAACAAGTAGAG-1-1,TP53_CALR_het
TTGAAAGTCCAAATTCAAGTAGAG-1-1,TP53_CALR_het
TTGAAAGTCCTGCCAGAAGTAGAG-1-1,
TTGAAAGTCGAACCGAAAGTAGAG-1-1,ZRSR2_CALR_mut
TTGAAAGTCGAAGGCCAAGTAGAG-1-1,
TTGAAAGTCGCGAGTAAAGTAGAG-1-1,
TTGAAAGTCGCGTTACAAGTAGAG-1-1,
TTGAAAGTCTAGCCTAAAGTAGAG-1-1,TP53_EZH2_CALR_mut
TTGAACAAGGCACTAGAAGTAGAG-1-1,TP53_CALR_het
TTGAACAAGGCGCAGTAAGTAGAG-1-1,
TTGAACAAGGTTCCGTAAGTAGAG-1-1,
TTGAACAAGTTAGGGTAAGTAGAG-1-1,
TTGAATCTCAAGCCAGAAGTAGAG-1-1,
TTGAATCTCAGGCCTTAAGTAGAG-1-1,
TTGAATCTCAGGTAGTAAGTAGAG-1-1,
TTGAATCTCCTTTGGAAAGTAGAG-1-1,TP53_EZH2_CALR_mut
TTGAATCTCGAGGCACAAGTAGAG-1-1,ZRSR2_CALR_mut
TTGAATCTCTTTAAGCAAGTAGAG-1-1,TP53_EZH2_CALR_mut
TTGACATTCACAAATGAAGTAGAG-1-1,
TTGACATTCACGTTATAAGTAGAG-1-1,TP53_CALR_het
TTGACATTCCCGTTGGAAGTAGAG-1-1,TP53_CALR_het
TTGACATTCCCTTTGTAAGTAGAG-1-1,TP53_EZH2_CALR_mut
TTGACATTCCTGAGGAAAGTAGAG-1-1,TP53_CALR_het
TTGACATTCGAACCTCAAGTAGAG-1-1,TP53_EZH2_CALR_mut
TTGACATTCGATGAACAAGTAGAG-1-1,TP53_CALR_het
TTGACATTCGTGATTTAAGTAGAG-1-1,TP53_CALR_het
TTGACATTCGTTCGTAAAGTAGAG-1-1,TP53_CALR_het
TTGACATTCTCAGCTAAAGTAGAG-1-1,
TTGACATTCTGGCCCAAAGTAGAG-1-1,
TTGAGCGAGCCGCTATAAGTAGAG-1-1,
TTGAGCGAGGAGGATAAAGTAGAG-1-1,
TTGAGCGAGGCGAGAGAAGTAGAG-1-1,
TTGAGCGAGGCTGGTAAAGTAGAG-1-1,
TTGAGCGAGGCTTTATAAGTAGAG-1-1,TP53_CALR_het
TTGAGCGAGGTGAATCAAGTAGAG-1-1,
TTGAGCGAGGTGAGGGAAGTAGAG-1-1,TP53_EZH2_CALR_mut
TTGAGCGAGTTGCAAAAAGTAGAG-1-1,
TTGAGGAGTATATTCGAAGTAGAG-1-1,TP53_CALR_het
TTGAGGAGTCAATTGCAAGTAGAG-1-1,
TTGAGGAGTCACCAGCAAGTAGAG-1-1,TP53_CALR_het
TTGAGGAGTCCAATACAAGTAGAG-1-1,TP53_EZH2_CALR_mut
TTGAGGAGTCGTAAAGAAGTAGAG-1-1,ZRSR2_CALR_mut
TTGAGGAGTGTGAGTAAAGTAGAG-1-1,ZRSR2_CALR_mut
TTGAGGAGTTTGCATAAAGTAGAG-1-1,TP53_EZH2_CALR_mut
TTGAGGTAGAGGAAATAAGTAGAG-1-1,
TTGAGGTAGAGGCGAGAAGTAGAG-1-1,TP53_CALR_het
TTGAGGTAGATGCTAAAAGTAGAG-1-1,
TTGAGGTAGCAACTTTAAGTAGAG-1-1,
TTGAGGTAGCCATAAAAAGTAGAG-1-1,
TTGAGGTAGCCATTTGAAGTAGAG-1-1,
TTGAGGTAGCGATGGCAAGTAGAG-1-1,TP53_EZH2_CALR_mut
TTGAGGTAGCGCAAGCAAGTAGAG-1-1,TP53_CALR_het
TTGAGGTAGCTCGACTAAGTAGAG-1-1,
TTGAGGTAGGTCAAACAAGTAGAG-1-1,
TTGAGGTAGGTGAGTTAAGTAGAG-1-1,TP53_EZH2_CALR_mut
TTGAGGTAGTCACCTAAAGTAGAG-1-1,
TTGAGGTAGTCCTGACAAGTAGAG-1-1,ZRSR2_CALR_mut
TTGAGGTAGTTGGCCTAAGTAGAG-1-1,TP53_EZH2_CALR_mut
TTGAGGTAGTTTACCGAAGTAGAG-1-1,TP53_CALR_het
TTGAGGTAGTTTGAGAAAGTAGAG-1-1,TP53_EZH2_CALR_mut
TTGAGTAAGACGCATGAAGTAGAG-1-1,
TTGAGTAAGAGAGCAAAAGTAGAG-1-1,TP53_CALR_het
TTGAGTAAGAGCAATCAAGTAGAG-1-1,
TTGAGTAAGATAGCCGAAGTAGAG-1-1,
TTGAGTAAGCTTAAAGAAGTAGAG-1-1,TP53_CALR_het
TTGAGTAAGGCGCAACAAGTAGAG-1-1,
TTGAGTAAGGTCAAACAAGTAGAG-1-1,TP53_CALR_het
TTGAGTAAGTCAGGCAAAGTAGAG-1-1,TP53_EZH2_CALR_mut
TTGAGTAAGTCATTCGAAGTAGAG-1-1,TP53_EZH2_CALR_het
TTGAGTAAGTGTCCACAAGTAGAG-1-1,
TTGAGTAAGTGTTTGTAAGTAGAG-1-1,
TTGAGTAAGTTACATCAAGTAGAG-1-1,TP53_CALR_het
TTGAGTAAGTTTGAGAAAGTAGAG-1-1,
TTGATCAGTACCTAGTAAGTAGAG-1-1,TP53_EZH2_CALR_mut
TTGATCAGTATATTCGAAGTAGAG-1-1,
TTGATCAGTATTTACGAAGTAGAG-1-1,
TTGATCAGTCATCATAAAGTAGAG-1-1,TP53_CALR_het
TTGATCAGTCCATAGTAAGTAGAG-1-1,TP53_CALR_het
TTGATCAGTTAGCTCGAAGTAGAG-1-1,
TTGATCAGTTGCTCCTAAGTAGAG-1-1,
TTGCACGGTACAAACGAAGTAGAG-1-1,TP53_EZH2_CALR_mut
TTGCACGGTATGGTCTAAGTAGAG-1-1,ZRSR2_CALR_mut
TTGCACGGTCCTCCTGAAGTAGAG-1-1,
TTGCACGGTCCTTCTAAAGTAGAG-1-1,TP53_EZH2_CALR_mut
TTGCACGGTCGTTGCAAAGTAGAG-1-1,
TTGCACGGTGTTAGAGAAGTAGAG-1-1,TP53_EZH2_CALR_mut
TTGCACGGTTGGTTACAAGTAGAG-1-1,
TTGCATCCAAACCGTAAAGTAGAG-1-1,
TTGCATCCAGGATTATAAGTAGAG-1-1,
TTGCATCCAGGCAACTAAGTAGAG-1-1,
TTGCATCCATGGGTTAAAGTAGAG-1-1,TP53_CALR_het
TTGCGCAGTAATTGCCAAGTAGAG-1-1,TP53_EZH2_CALR_mut
TTGCGCAGTATTTACGAAGTAGAG-1-1,
TTGCGCAGTCCTCACTAAGTAGAG-1-1,
TTGCGCAGTGAGTAATAAGTAGAG-1-1,
TTGCGCAGTTAACCACAAGTAGAG-1-1,
TTGCGCAGTTAGGTGAAAGTAGAG-1-1,ZRSR2_CALR_mut
TTGCGCAGTTCACCTCAAGTAGAG-1-1,TP53_CALR_het
TTGCGCAGTTGAATCCAAGTAGAG-1-1,
TTGCGCAGTTGCGCTAAAGTAGAG-1-1,
TTGCGCAGTTTGGCCAAAGTAGAG-1-1,
TTGCGCTAGAGGATAGAAGTAGAG-1-1,
TTGCGCTAGATAGCCGAAGTAGAG-1-1,TP53_CALR_het
TTGCGCTAGCAAGACTAAGTAGAG-1-1,
TTGCGCTAGCCATTTGAAGTAGAG-1-1,TP53_CALR_het
TTGCGCTAGCGCGAACAAGTAGAG-1-1,
TTGCGCTAGGACTTGGAAGTAGAG-1-1,TP53_CALR_het
TTGCGCTAGGCGCAACAAGTAGAG-1-1,TP53_CALR_het
TTGCGCTAGGCTTAGGAAGTAGAG-1-1,ZRSR2_CALR_mut
TTGCGGGCAAAGAACAAAGTAGAG-1-1,ZRSR2_CALR_mut
TTGCGGGCAGATAACTAAGTAGAG-1-1,
TTGCGGGCAGGTATTGAAGTAGAG-1-1,TP53_CALR_het
TTGCGGGCATCCCTCTAAGTAGAG-1-1,
TTGCGGGCATTAGTGGAAGTAGAG-1-1,
TTGCGGGCATTGCCTGAAGTAGAG-1-1,
TTGCGGTTCACTATGTAAGTAGAG-1-1,
TTGCGGTTCAGCTACCAAGTAGAG-1-1,TP53_EZH2_CALR_mut
TTGCGGTTCAGTAAGCAAGTAGAG-1-1,TP53_CALR_het
TTGCGGTTCCAGGAATAAGTAGAG-1-1,
TTGCGGTTCCCAAATTAAGTAGAG-1-1,TP53_CALR_het
TTGCGGTTCGAGGTTGAAGTAGAG-1-1,
TTGCGGTTCGCGTTCGAAGTAGAG-1-1,
TTGCGGTTCGCTTCGGAAGTAGAG-1-1,TP53_CALR_het
TTGCGGTTCGGTTCCGAAGTAGAG-1-1,
TTGCTCAAGAAACCCGAAGTAGAG-1-1,TP53_CALR_het
TTGCTCAAGAGGATAGAAGTAGAG-1-1,
TTGCTCAAGGCCCATTAAGTAGAG-1-1,
TTGCTCAAGGTTACTTAAGTAGAG-1-1,
TTGCTCAAGGTTAGTAAAGTAGAG-1-1,ZRSR2_CALR_mut
TTGCTCAAGTGTTTGTAAGTAGAG-1-1,
TTGGCCAGTACGTTCGAAGTAGAG-1-1,
TTGGCCAGTCCATTAAAAGTAGAG-1-1,
TTGGCCAGTTCGGTATAAGTAGAG-1-1,
TTGGCCAGTTCTTGAAAAGTAGAG-1-1,TP53_CALR_het
TTGGCCAGTTTAACCAAAGTAGAG-1-1,
TTGGTCATCATGGTCCAAGTAGAG-1-1,TP53_EZH2_CALR_mut
TTGGTCATCGCCTCGAAAGTAGAG-1-1,
TTGGTCATCGGTACGAAAGTAGAG-1-1,TP53_CALR_het
TTGGTCATCGTCAATTAAGTAGAG-1-1,ZRSR2_CALR_mut
TTGGTCATCTGGAACGAAGTAGAG-1-1,TP53_EZH2_CALR_mut
TTGGTTAGTAAGAATCAAGTAGAG-1-1,
TTGGTTAGTAATTTCGAAGTAGAG-1-1,
TTGGTTAGTATTGCGTAAGTAGAG-1-1,TP53_CALR_het
TTGGTTAGTCAAAGGCAAGTAGAG-1-1,TP53_EZH2_CALR_mut
TTGGTTAGTCCCTCTGAAGTAGAG-1-1,
TTGGTTAGTGAAGCACAAGTAGAG-1-1,
TTGGTTAGTGCACTATAAGTAGAG-1-1,TP53_CALR_het
TTGGTTAGTGCATTACAAGTAGAG-1-1,
TTGGTTAGTGGCCCATAAGTAGAG-1-1,TP53_CALR_het
TTGGTTAGTTAAGGATAAGTAGAG-1-1,
TTGGTTAGTTCCGGGTAAGTAGAG-1-1,
TTGGTTAGTTCTGGCAAAGTAGAG-1-1,TP53_CALR_het
TTGGTTAGTTTAACCAAAGTAGAG-1-1,
TTGGTTAGTTTCCACCAAGTAGAG-1-1,
TTGTACGTCAAAGGGAAAGTAGAG-1-1,
TTGTACGTCAACTTGTAAGTAGAG-1-1,TP53_CALR_het
TTGTACGTCACGTTCAAAGTAGAG-1-1,
TTGTACGTCAGGTTAAAAGTAGAG-1-1,
TTGTACGTCCAAATAGAAGTAGAG-1-1,
TTGTACGTCCGGCTCAAAGTAGAG-1-1,
TTGTACGTCCGTGACTAAGTAGAG-1-1,
TTGTACGTCCTTGAGCAAGTAGAG-1-1,
TTGTACGTCGCAGCAAAAGTAGAG-1-1,TP53_EZH2_CALR_mut
TTGTACGTCGCTCAACAAGTAGAG-1-1,ZRSR2_CALR_mut
TTGTACGTCGCTTGACAAGTAGAG-1-1,TP53_EZH2_CALR_mut
TTGTCAGTCACTCGCGAAGTAGAG-1-1,
TTGTCAGTCGAAGCATAAGTAGAG-1-1,
TTGTCAGTCGCCTCGAAAGTAGAG-1-1,
TTGTCAGTCGTAGTTTAAGTAGAG-1-1,TP53_CALR_het
TTGTCAGTCTAATCACAAGTAGAG-1-1,
TTGTCAGTCTGGTCTAAAGTAGAG-1-1,
TTGTCAGTCTTGAGGGAAGTAGAG-1-1,TP53_CALR_het
TTGTGAGCAACTATCCAAGTAGAG-1-1,
TTGTGAGCACTTTATGAAGTAGAG-1-1,TP53_CALR_het
TTGTGAGCAGCCCTTAAAGTAGAG-1-1,TP53_CALR_het
TTGTGAGCATATCGCTAAGTAGAG-1-1,TP53_CALR_het
TTGTGAGCATCCTTGGAAGTAGAG-1-1,TP53_CALR_het
TTGTGAGCATTTCATGAAGTAGAG-1-1,
TTGTGATTCAATGGGTAAGTAGAG-1-1,TP53_CALR_het
TTGTGATTCACTGTCAAAGTAGAG-1-1,
TTGTGATTCAGGCAATAAGTAGAG-1-1,TP53_CALR_het
TTGTGATTCATGACCCAAGTAGAG-1-1,
TTGTGATTCATGGATAAAGTAGAG-1-1,
TTGTGATTCCATAGGGAAGTAGAG-1-1,TP53_EZH2_CALR_mut
TTGTGATTCCCTGGATAAGTAGAG-1-1,TP53_CALR_het
TTGTGATTCGCCTCGAAAGTAGAG-1-1,TP53_EZH2_CALR_mut
TTGTGATTCGCTATATAAGTAGAG-1-1,TP53_EZH2_CALR_mut
TTGTGGACAACAGCACAAGTAGAG-1-1,
TTGTGGACAACCGGATAAGTAGAG-1-1,TP53_CALR_het
TTGTGGACAGAAACTTAAGTAGAG-1-1,TP53_CALR_het
TTGTGGACAGTGAGGAAAGTAGAG-1-1,
TTGTTGTAGAACCTCCAAGTAGAG-1-1,
TTGTTGTAGACTATTCAAGTAGAG-1-1,
TTGTTGTAGCATCCCGAAGTAGAG-1-1,
TTGTTGTAGCGCTAGAAAGTAGAG-1-1,
TTGTTGTAGCGGCTTTAAGTAGAG-1-1,
TTGTTGTAGGTAGACTAAGTAGAG-1-1,
TTGTTGTAGGTTCTTGAAGTAGAG-1-1,
TTGTTGTAGTAAGCTAAAGTAGAG-1-1,TP53_CALR_het
TTGTTGTAGTCCTGACAAGTAGAG-1-1,
TTTAACGGTAGGTGACAAGTAGAG-1-1,
TTTAACGGTCATGATCAAGTAGAG-1-1,TP53_CALR_het
TTTAACGGTGCCCTTTAAGTAGAG-1-1,TP53_CALR_het
TTTAACGGTGCGTACCAAGTAGAG-1-1,
TTTAACGGTTAATGCCAAGTAGAG-1-1,ZRSR2_CALR_mut
TTTAACGGTTAGTGCTAAGTAGAG-1-1,
TTTAACGGTTCTTACTAAGTAGAG-1-1,TP53_CALR_het
TTTAACGGTTGGGCGAAAGTAGAG-1-1,
TTTACTGCACAATGGCAAGTAGAG-1-1,TP53_CALR_het
TTTACTGCACAGGCTGAAGTAGAG-1-1,TP53_CALR_het
TTTACTGCACATACCTAAGTAGAG-1-1,TP53_CALR_het
TTTACTGCACATTGAGAAGTAGAG-1-1,ZRSR2_CALR_mut
TTTACTGCACCACACCAAGTAGAG-1-1,TP53_CALR_het
TTTACTGCATACTGAGAAGTAGAG-1-1,ZRSR2_CALR_mut
TTTACTGCATCGTTCGAAGTAGAG-1-1,
TTTACTGCATTAGCGAAAGTAGAG-1-1,
TTTAGTCAGAAGTAGGAAGTAGAG-1-1,TP53_CALR_het
TTTAGTCAGCCACTCGAAGTAGAG-1-1,
TTTAGTCAGCCCGTTGAAGTAGAG-1-1,
TTTAGTCAGCCCTGATAAGTAGAG-1-1,
TTTAGTCAGTGAATCAAAGTAGAG-1-1,TP53_CALR_het
TTTATGGGTAATGCCTAAGTAGAG-1-1,TP53_CALR_het
TTTATGGGTACCTCAGAAGTAGAG-1-1,
TTTATGGGTATCCGCAAAGTAGAG-1-1,
TTTATGGGTCCTGCAAAAGTAGAG-1-1,
TTTATGGGTCTAACCGAAGTAGAG-1-1,ZRSR2_CALR_mut
TTTATGGGTCTATCTTAAGTAGAG-1-1,
TTTATGGGTTCTTACTAAGTAGAG-1-1,TP53_CALR_het
TTTATGGGTTTGAGCTAAGTAGAG-1-1,TP53_EZH2_CALR_mut
TTTATGGGTTTGTTTCAAGTAGAG-1-1,
TTTCAAGGTAATGTCCAAGTAGAG-1-1,
TTTCAAGGTCAATACCAAGTAGAG-1-1,TP53_CALR_het
TTTCAAGGTCGAAGTAAAGTAGAG-1-1,
TTTCAAGGTTCATTAGAAGTAGAG-1-1,TP53_EZH2_CALR_mut
TTTCAAGGTTGCTCCTAAGTAGAG-1-1,
TTTCAAGGTTTGACTAAAGTAGAG-1-1,
TTTCAAGGTTTGAGCTAAGTAGAG-1-1,
TTTCACCTCACAATGAAAGTAGAG-1-1,
TTTCACCTCAGGTAACAAGTAGAG-1-1,TP53_EZH2_CALR_mut
TTTCACCTCAGTAGCGAAGTAGAG-1-1,
TTTCACCTCGAGGCACAAGTAGAG-1-1,
TTTCACCTCGGTAATAAAGTAGAG-1-1,
TTTCACCTCGTAACTTAAGTAGAG-1-1,TP53_CALR_het
TTTCACCTCTAATGAGAAGTAGAG-1-1,
TTTCACCTCTAATTGCAAGTAGAG-1-1,TP53_EZH2_CALR_mut
TTTCACCTCTATTGCGAAGTAGAG-1-1,ZRSR2_CALR_mut
TTTCACCTCTCACCGGAAGTAGAG-1-1,TP53_EZH2_CALR_mut
TTTCAGTAGAGCAACTAAGTAGAG-1-1,TP53_EZH2_CALR_mut
TTTCAGTAGAGGTTTAAAGTAGAG-1-1,TP53_CALR_het
TTTCAGTAGCAAACCGAAGTAGAG-1-1,
TTTCAGTAGCGGGACTAAGTAGAG-1-1,
TTTCAGTAGCTATCCAAAGTAGAG-1-1,
TTTCAGTAGCTGATTTAAGTAGAG-1-1,
TTTCAGTAGGATGGTTAAGTAGAG-1-1,
TTTCAGTAGGCAAGCCAAGTAGAG-1-1,
TTTCAGTAGGCTTAGGAAGTAGAG-1-1,TP53_CALR_het
TTTCAGTAGGGCGGAAAAGTAGAG-1-1,
TTTCAGTAGGGTGGGAAAGTAGAG-1-1,ZRSR2_CALR_mut
TTTCAGTAGTGTCCACAAGTAGAG-1-1,
TTTCAGTAGTTGCGGAAAGTAGAG-1-1,TP53_CALR_het
TTTCATCGTATTACCAAAGTAGAG-1-1,
TTTCATCGTCAATTCAAAGTAGAG-1-1,TP53_CALR_het
TTTCATCGTCAGGAACAAGTAGAG-1-1,TP53_CALR_het
TTTCATCGTCATTATGAAGTAGAG-1-1,TP53_CALR_het
TTTCATCGTCGCAACCAAGTAGAG-1-1,TP53_EZH2_CALR_mut
TTTCATCGTGCTGCACAAGTAGAG-1-1,
TTTCATCGTTGTTTGAAAGTAGAG-1-1,TP53_CALR_het
TTTCATCGTTTATCGAAAGTAGAG-1-1,ZRSR2_CALR_mut
TTTCATGCAAATATGCAAGTAGAG-1-1,TP53_CALR_het
TTTCATGCAAGCGATCAAGTAGAG-1-1,
TTTCATGCAATCCACTAAGTAGAG-1-1,ZRSR2_CALR_mut
TTTCATGCACCAGCCTAAGTAGAG-1-1,TP53_CALR_het
TTTCATGCACCTAAAGAAGTAGAG-1-1,
TTTCATGCACCTTACGAAGTAGAG-1-1,TP53_EZH2_CALR_mut
TTTCATGCACTCCCTTAAGTAGAG-1-1,TP53_EZH2_CALR_mut
TTTCATGCAGCTTTCGAAGTAGAG-1-1,
TTTCATGCAGGAGCAAAAGTAGAG-1-1,TP53_CALR_het
TTTCATGCATAACCAGAAGTAGAG-1-1,
TTTCATGCATAGGCGTAAGTAGAG-1-1,
TTTCCTGGTAGTAGCAAAGTAGAG-1-1,ZRSR2_CALR_mut
TTTCCTGGTAGTTGTCAAGTAGAG-1-1,
TTTCGCGCAAACAATCAAGTAGAG-1-1,TP53_CALR_het
TTTCGCGCAATGAATCAAGTAGAG-1-1,
TTTCGCGCACCTAAGAAAGTAGAG-1-1,TP53_CALR_het
TTTCGCGCACTAGTAGAAGTAGAG-1-1,
TTTCGCGCACTATGTCAAGTAGAG-1-1,TP53_EZH2_CALR_mut
TTTCGCGCAGCTTTCGAAGTAGAG-1-1,ZRSR2_CALR_mut
TTTCGCGCATCACGCCAAGTAGAG-1-1,
TTTCGCGCATCCCTCTAAGTAGAG-1-1,TP53_CALR_het
TTTCGCGCATGCGGATAAGTAGAG-1-1,TP53_CALR_het
TTTGAGAAGATGATTGAAGTAGAG-1-1,
TTTGAGAAGGGATGAAAAGTAGAG-1-1,TP53_EZH2_CALR_mut
TTTGAGAAGGTTTCCAAAGTAGAG-1-1,TP53_CALR_het
TTTGCCCGTAATTGCCAAGTAGAG-1-1,
TTTGCCCGTACCTAGTAAGTAGAG-1-1,TP53_EZH2_CALR_mut
TTTGCCCGTATTTCGAAAGTAGAG-1-1,TP53_CALR_het
TTTGCCCGTCATCATAAAGTAGAG-1-1,TP53_CALR_het
TTTGCCCGTCCTTCGTAAGTAGAG-1-1,TP53_EZH2_CALR_mut
TTTGCCCGTGAGTAATAAGTAGAG-1-1,
TTTGCCCGTTCACCTCAAGTAGAG-1-1,
TTTGCGCAGAATGGCTAAGTAGAG-1-1,TP53_CALR_het
TTTGCGCAGACAAGCTAAGTAGAG-1-1,
TTTGCGCAGAGCAATCAAGTAGAG-1-1,TP53_CALR_het
TTTGCGCAGCAGCCAAAAGTAGAG-1-1,
TTTGCGCAGCTTCTAGAAGTAGAG-1-1,TP53_CALR_het
TTTGCGCAGGAAACTCAAGTAGAG-1-1,TP53_CALR_het
TTTGCGCAGGACACGCAAGTAGAG-1-1,
TTTGCGCAGGTAGACTAAGTAGAG-1-1,
TTTGCGCAGTCTAACTAAGTAGAG-1-1,
TTTGCGGGTAGCTTTAAAGTAGAG-1-1,
TTTGCGGGTATCCGCAAAGTAGAG-1-1,TP53_CALR_het
TTTGCGGGTCTGTGATAAGTAGAG-1-1,
TTTGCGGGTGCATTACAAGTAGAG-1-1,
TTTGCGGGTGGCTCACAAGTAGAG-1-1,TP53_EZH2_CALR_mut
TTTGCGGGTTATGTGCAAGTAGAG-1-1,TP53_CALR_het
TTTGCTCTCAATCCTGAAGTAGAG-1-1,TP53_CALR_het
TTTGCTCTCGAACGTGAAGTAGAG-1-1,
TTTGCTCTCGATATTCAAGTAGAG-1-1,TP53_EZH2_CALR_mut
TTTGCTCTCGCCTCTCAAGTAGAG-1-1,
TTTGCTCTCGGCTAGAAAGTAGAG-1-1,
TTTGCTCTCTAACCATAAGTAGAG-1-1,TP53_CALR_het
TTTGCTCTCTATTGGTAAGTAGAG-1-1,
TTTGCTGAGCGCTTACAAGTAGAG-1-1,
TTTGCTGAGCTTATCGAAGTAGAG-1-1,TP53_CALR_het
TTTGCTGAGGAACCTGAAGTAGAG-1-1,
TTTGCTGAGGAAGCCCAAGTAGAG-1-1,
TTTGCTGAGGACTTAAAAGTAGAG-1-1,
TTTGCTGAGGAGTCATAAGTAGAG-1-1,
TTTGCTGAGGGCGGTTAAGTAGAG-1-1,TP53_EZH2_CALR_mut
TTTGCTGAGGTAGACTAAGTAGAG-1-1,TP53_EZH2_CALR_mut
TTTGCTGAGGTTAGTAAAGTAGAG-1-1,
TTTGCTGAGTCATCATAAGTAGAG-1-1,
TTTGGACGTAACTTGCAAGTAGAG-1-1,
TTTGGACGTCGTTATAAAGTAGAG-1-1,TP53_EZH2_CALR_mut
TTTGGACGTGCATCGCAAGTAGAG-1-1,TP53_EZH2_CALR_mut
TTTGGACGTGCCCTTTAAGTAGAG-1-1,
TTTGGACGTGTGTTACAAGTAGAG-1-1,
TTTGGACGTGTTCCAGAAGTAGAG-1-1,
TTTGGACGTTCAAGCTAAGTAGAG-1-1,TP53_EZH2_CALR_mut
TTTGGACGTTCTTGAAAAGTAGAG-1-1,TP53_CALR_het
TTTGGACGTTGTTCCCAAGTAGAG-1-1,
TTTGGACGTTTAACCAAAGTAGAG-1-1,TP53_CALR_het
TTTGGCGGTCGGTTATAAGTAGAG-1-1,
TTTGGCGGTGCGGCAAAAGTAGAG-1-1,TP53_EZH2_CALR_mut
TTTGGCGGTGTCCAATAAGTAGAG-1-1,
TTTGGCGGTTAGGTGAAAGTAGAG-1-1,TP53_EZH2_CALR_mut
TTTGGCGGTTCACTCCAAGTAGAG-1-1,TP53_CALR_het
TTTGGCGGTTCATTAGAAGTAGAG-1-1,
TTTGGCGGTTCTTACTAAGTAGAG-1-1,
TTTGGCGGTTGGCGAGAAGTAGAG-1-1,TP53_CALR_het
TTTGTGAGTAACGTGAAAGTAGAG-1-1,
TTTGTGAGTACGGGCAAAGTAGAG-1-1,
TTTGTGAGTAGACTGAAAGTAGAG-1-1,TP53_CALR_het
TTTGTGAGTGGGTGTGAAGTAGAG-1-1,TP53_CALR_het
TTTGTGAGTTAGTGAGAAGTAGAG-1-1,
